,name,auc,mass,nu
0,Zprime_1500GeV_075,0.805585019825,1500.0,0.75
1,Zprime_1500GeV_015,0.880661653915,1500.0,0.15
2,Zprime_3000GeV_060,0.812841835177,3000.0,0.6
3,Zprime_1500GeV_030,0.870690460049,1500.0,0.3
4,Zprime_3000GeV_045,0.844517925888,3000.0,0.45
5,Zprime_2000GeV_045,0.850531216911,2000.0,0.45
6,Zprime_2500GeV_015,0.88646506788,2500.0,0.15
7,Zprime_3500GeV_060,0.811120586435,3500.0,0.6
8,Zprime_2500GeV_045,0.846869011425,2500.0,0.45
9,Zprime_2000GeV_075,0.801192770625,2000.0,0.75
10,Zprime_2500GeV_060,0.817123216928,2500.0,0.6
11,Zprime_4000GeV_075,0.765383432974,4000.0,0.75
12,Zprime_4000GeV_030,0.872224641878,4000.0,0.3
13,Zprime_4000GeV_015,0.885507658896,4000.0,0.15
14,Zprime_3000GeV_030,0.867139641204,3000.0,0.3
15,Zprime_1500GeV_045,0.849899846723,1500.0,0.45
16,Zprime_3000GeV_075,0.777606787813,3000.0,0.75
17,Zprime_1500GeV_060,0.832064436365,1500.0,0.6
18,Zprime_3000GeV_015,0.886491210244,3000.0,0.15
19,Zprime_3500GeV_015,0.887236660512,3500.0,0.15
20,Zprime_3500GeV_030,0.871538916915,3500.0,0.3
21,Zprime_2000GeV_030,0.873614079479,2000.0,0.3
22,Zprime_2000GeV_015,0.887791707216,2000.0,0.15
23,Zprime_3500GeV_075,0.771326381147,3500.0,0.75
24,Zprime_3500GeV_045,0.842352779032,3500.0,0.45
25,Zprime_2500GeV_030,0.868546267953,2500.0,0.3
26,Zprime_2000GeV_060,0.825971974299,2000.0,0.6
27,Zprime_4000GeV_060,0.810392709418,4000.0,0.6
28,Zprime_2500GeV_075,0.78520423069,2500.0,0.75
29,Zprime_4000GeV_045,0.843010891405,4000.0,0.45
