,name,auc,mass,nu
0,Zprime_1500GeV_075,0.768365724066,1500.0,0.75
1,Zprime_1500GeV_015,0.848234086162,1500.0,0.15
2,Zprime_3000GeV_060,0.799017799933,3000.0,0.6
3,Zprime_1500GeV_030,0.838906520196,1500.0,0.3
4,Zprime_3000GeV_045,0.833021162126,3000.0,0.45
5,Zprime_2000GeV_045,0.831183222565,2000.0,0.45
6,Zprime_2500GeV_015,0.871779342278,2500.0,0.15
7,Zprime_3500GeV_060,0.79954383732,3500.0,0.6
8,Zprime_2500GeV_045,0.830859434899,2500.0,0.45
9,Zprime_2000GeV_075,0.771933578071,2000.0,0.75
10,Zprime_2500GeV_060,0.800505612327,2500.0,0.6
11,Zprime_4000GeV_075,0.753258491314,4000.0,0.75
12,Zprime_4000GeV_030,0.866208188662,4000.0,0.3
13,Zprime_4000GeV_015,0.881236735824,4000.0,0.15
14,Zprime_3000GeV_030,0.856206502568,3000.0,0.3
15,Zprime_1500GeV_045,0.81705119083,1500.0,0.45
16,Zprime_3000GeV_075,0.760104483645,3000.0,0.75
17,Zprime_1500GeV_060,0.796356619182,1500.0,0.6
18,Zprime_3000GeV_015,0.876923127422,3000.0,0.15
19,Zprime_3500GeV_015,0.879744967944,3500.0,0.15
20,Zprime_3500GeV_030,0.862091497175,3500.0,0.3
21,Zprime_2000GeV_030,0.853554191879,2000.0,0.3
22,Zprime_2000GeV_015,0.868405750097,2000.0,0.15
23,Zprime_3500GeV_075,0.757281605617,3500.0,0.75
24,Zprime_3500GeV_045,0.832629911804,3500.0,0.45
25,Zprime_2500GeV_030,0.854413184986,2500.0,0.3
26,Zprime_2000GeV_060,0.802158204287,2000.0,0.6
27,Zprime_4000GeV_060,0.801973647764,4000.0,0.6
28,Zprime_2500GeV_075,0.762712440258,2500.0,0.75
29,Zprime_4000GeV_045,0.83560777727,4000.0,0.45
