,name,auc,mass,nu
0,Zprime_1500GeV_075,0.80711708034,1500.0,0.75
1,Zprime_1500GeV_015,0.877285717506,1500.0,0.15
2,Zprime_3000GeV_060,0.814106653375,3000.0,0.6
3,Zprime_1500GeV_030,0.867493191002,1500.0,0.3
4,Zprime_3000GeV_045,0.843446477896,3000.0,0.45
5,Zprime_2000GeV_045,0.848590582791,2000.0,0.45
6,Zprime_2500GeV_015,0.880886617266,2500.0,0.15
7,Zprime_3500GeV_060,0.812589070109,3500.0,0.6
8,Zprime_2500GeV_045,0.844205957647,2500.0,0.45
9,Zprime_2000GeV_075,0.803112538616,2000.0,0.75
10,Zprime_2500GeV_060,0.819137412607,2500.0,0.6
11,Zprime_4000GeV_075,0.773516597253,4000.0,0.75
12,Zprime_4000GeV_030,0.870211466911,4000.0,0.3
13,Zprime_4000GeV_015,0.883299180873,4000.0,0.15
14,Zprime_3000GeV_030,0.865300799737,3000.0,0.3
15,Zprime_1500GeV_045,0.850799742242,1500.0,0.45
16,Zprime_3000GeV_075,0.78489031568,3000.0,0.75
17,Zprime_1500GeV_060,0.834378324838,1500.0,0.6
18,Zprime_3000GeV_015,0.883830180809,3000.0,0.15
19,Zprime_3500GeV_015,0.883085631234,3500.0,0.15
20,Zprime_3500GeV_030,0.868284593547,3500.0,0.3
21,Zprime_2000GeV_030,0.867775718946,2000.0,0.3
22,Zprime_2000GeV_015,0.879854672154,2000.0,0.15
23,Zprime_3500GeV_075,0.777775971385,3500.0,0.75
24,Zprime_3500GeV_045,0.842578403711,3500.0,0.45
25,Zprime_2500GeV_030,0.86487470847,2500.0,0.3
26,Zprime_2000GeV_060,0.826459229893,2000.0,0.6
27,Zprime_4000GeV_060,0.81340035769,4000.0,0.6
28,Zprime_2500GeV_075,0.790704880716,2500.0,0.75
29,Zprime_4000GeV_045,0.843162522547,4000.0,0.45
