,name,auc,mass,nu
0,Zprime_1500GeV_075,0.729013594411,1500.0,0.75
1,Zprime_1500GeV_015,0.822438347687,1500.0,0.15
2,Zprime_3000GeV_060,0.752690632412,3000.0,0.6
3,Zprime_1500GeV_030,0.811381651294,1500.0,0.3
4,Zprime_3000GeV_045,0.7847859718,3000.0,0.45
5,Zprime_2000GeV_045,0.787168624371,2000.0,0.45
6,Zprime_2500GeV_015,0.827751983874,2500.0,0.15
7,Zprime_3500GeV_060,0.756568334293,3500.0,0.6
8,Zprime_2500GeV_045,0.784438750236,2500.0,0.45
9,Zprime_2000GeV_075,0.729717243095,2000.0,0.75
10,Zprime_2500GeV_060,0.753591561606,2500.0,0.6
11,Zprime_4000GeV_075,0.714496467844,4000.0,0.75
12,Zprime_4000GeV_030,0.822981328962,4000.0,0.3
13,Zprime_4000GeV_015,0.842490663835,4000.0,0.15
14,Zprime_3000GeV_030,0.807847160089,3000.0,0.3
15,Zprime_1500GeV_045,0.783152847377,1500.0,0.45
16,Zprime_3000GeV_075,0.717131282664,3000.0,0.75
17,Zprime_1500GeV_060,0.765341625609,1500.0,0.6
18,Zprime_3000GeV_015,0.830253995598,3000.0,0.15
19,Zprime_3500GeV_015,0.831920131465,3500.0,0.15
20,Zprime_3500GeV_030,0.815401081563,3500.0,0.3
21,Zprime_2000GeV_030,0.81215155402,2000.0,0.3
22,Zprime_2000GeV_015,0.828722934451,2000.0,0.15
23,Zprime_3500GeV_075,0.715173397542,3500.0,0.75
24,Zprime_3500GeV_045,0.786846664138,3500.0,0.45
25,Zprime_2500GeV_030,0.808992650414,2500.0,0.3
26,Zprime_2000GeV_060,0.75720770675,2000.0,0.6
27,Zprime_4000GeV_060,0.758666438298,4000.0,0.6
28,Zprime_2500GeV_075,0.717671356384,2500.0,0.75
29,Zprime_4000GeV_045,0.79000482625,4000.0,0.45
