,name,auc,mass,nu
0,Zprime_1500GeV_075,0.736804672421,1500.0,0.75
1,Zprime_1500GeV_015,0.822740959871,1500.0,0.15
2,Zprime_3000GeV_060,0.775071085622,3000.0,0.6
3,Zprime_1500GeV_030,0.809315185465,1500.0,0.3
4,Zprime_3000GeV_045,0.807795387308,3000.0,0.45
5,Zprime_2000GeV_045,0.806800579802,2000.0,0.45
6,Zprime_2500GeV_015,0.846668125227,2500.0,0.15
7,Zprime_3500GeV_060,0.775276754648,3500.0,0.6
8,Zprime_2500GeV_045,0.804427586871,2500.0,0.45
9,Zprime_2000GeV_075,0.747118659189,2000.0,0.75
10,Zprime_2500GeV_060,0.773829848725,2500.0,0.6
11,Zprime_4000GeV_075,0.729904467731,4000.0,0.75
12,Zprime_4000GeV_030,0.849688782357,4000.0,0.3
13,Zprime_4000GeV_015,0.869763807805,4000.0,0.15
14,Zprime_3000GeV_030,0.833041303962,3000.0,0.3
15,Zprime_1500GeV_045,0.787657686934,1500.0,0.45
16,Zprime_3000GeV_075,0.73712399633,3000.0,0.75
17,Zprime_1500GeV_060,0.768669210646,1500.0,0.6
18,Zprime_3000GeV_015,0.855319168899,3000.0,0.15
19,Zprime_3500GeV_015,0.863991877249,3500.0,0.15
20,Zprime_3500GeV_030,0.843282676024,3500.0,0.3
21,Zprime_2000GeV_030,0.826480077511,2000.0,0.3
22,Zprime_2000GeV_015,0.842562068983,2000.0,0.15
23,Zprime_3500GeV_075,0.734726771436,3500.0,0.75
24,Zprime_3500GeV_045,0.812458253945,3500.0,0.45
25,Zprime_2500GeV_030,0.82751100684,2500.0,0.3
26,Zprime_2000GeV_060,0.776643808253,2000.0,0.6
27,Zprime_4000GeV_060,0.77984127157,4000.0,0.6
28,Zprime_2500GeV_075,0.736710974779,2500.0,0.75
29,Zprime_4000GeV_045,0.816698973275,4000.0,0.45
