,name,auc,mass,nu
0,Zprime_1500GeV_075,0.779673542823,1500.0,0.75
1,Zprime_1500GeV_015,0.868905746888,1500.0,0.15
2,Zprime_3000GeV_060,0.821304845019,3000.0,0.6
3,Zprime_1500GeV_030,0.856628459724,1500.0,0.3
4,Zprime_3000GeV_045,0.854474202846,3000.0,0.45
5,Zprime_2000GeV_045,0.853811979646,2000.0,0.45
6,Zprime_2500GeV_015,0.894058164071,2500.0,0.15
7,Zprime_3500GeV_060,0.820157594168,3500.0,0.6
8,Zprime_2500GeV_045,0.854936844074,2500.0,0.45
9,Zprime_2000GeV_075,0.788156756223,2000.0,0.75
10,Zprime_2500GeV_060,0.824618019673,2500.0,0.6
11,Zprime_4000GeV_075,0.771881645851,4000.0,0.75
12,Zprime_4000GeV_030,0.882139756004,4000.0,0.3
13,Zprime_4000GeV_015,0.8961274575,4000.0,0.15
14,Zprime_3000GeV_030,0.876070291994,3000.0,0.3
15,Zprime_1500GeV_045,0.833726742276,1500.0,0.45
16,Zprime_3000GeV_075,0.781303332466,3000.0,0.75
17,Zprime_1500GeV_060,0.809545468382,1500.0,0.6
18,Zprime_3000GeV_015,0.894298900803,3000.0,0.15
19,Zprime_3500GeV_015,0.894763550702,3500.0,0.15
20,Zprime_3500GeV_030,0.880134901337,3500.0,0.3
21,Zprime_2000GeV_030,0.877049170035,2000.0,0.3
22,Zprime_2000GeV_015,0.892684966627,2000.0,0.15
23,Zprime_3500GeV_075,0.777882350667,3500.0,0.75
24,Zprime_3500GeV_045,0.853261858167,3500.0,0.45
25,Zprime_2500GeV_030,0.876442478146,2500.0,0.3
26,Zprime_2000GeV_060,0.822175967808,2000.0,0.6
27,Zprime_4000GeV_060,0.820686579884,4000.0,0.6
28,Zprime_2500GeV_075,0.782728998627,2500.0,0.75
29,Zprime_4000GeV_045,0.853774799466,4000.0,0.45
