,name,auc,mass,nu
0,Zprime_1500GeV_075,0.775899049014,1500.0,0.75
1,Zprime_1500GeV_015,0.847233591364,1500.0,0.15
2,Zprime_3000GeV_060,0.790778180933,3000.0,0.6
3,Zprime_1500GeV_030,0.83839575902,1500.0,0.3
4,Zprime_3000GeV_045,0.822945049151,3000.0,0.45
5,Zprime_2000GeV_045,0.824203550773,2000.0,0.45
6,Zprime_2500GeV_015,0.863564717605,2500.0,0.15
7,Zprime_3500GeV_060,0.789591473921,3500.0,0.6
8,Zprime_2500GeV_045,0.823858564781,2500.0,0.45
9,Zprime_2000GeV_075,0.770113679992,2000.0,0.75
10,Zprime_2500GeV_060,0.794598522499,2500.0,0.6
11,Zprime_4000GeV_075,0.744009729285,4000.0,0.75
12,Zprime_4000GeV_030,0.848572322834,4000.0,0.3
13,Zprime_4000GeV_015,0.864634878345,4000.0,0.15
14,Zprime_3000GeV_030,0.845150173021,3000.0,0.3
15,Zprime_1500GeV_045,0.817762034205,1500.0,0.45
16,Zprime_3000GeV_075,0.755046244952,3000.0,0.75
17,Zprime_1500GeV_060,0.799038087821,1500.0,0.6
18,Zprime_3000GeV_015,0.864992180198,3000.0,0.15
19,Zprime_3500GeV_015,0.86520685542,3500.0,0.15
20,Zprime_3500GeV_030,0.849022833983,3500.0,0.3
21,Zprime_2000GeV_030,0.845938051476,2000.0,0.3
22,Zprime_2000GeV_015,0.861469626345,2000.0,0.15
23,Zprime_3500GeV_075,0.749765425732,3500.0,0.75
24,Zprime_3500GeV_045,0.821944465536,3500.0,0.45
25,Zprime_2500GeV_030,0.845764316358,2500.0,0.3
26,Zprime_2000GeV_060,0.797906962139,2000.0,0.6
27,Zprime_4000GeV_060,0.788809401855,4000.0,0.6
28,Zprime_2500GeV_075,0.758329141252,2500.0,0.75
29,Zprime_4000GeV_045,0.821691872921,4000.0,0.45
