,name,auc,mass,nu
0,Zprime_1500GeV_075,0.793876506504,1500.0,0.75
1,Zprime_1500GeV_015,0.866676150611,1500.0,0.15
2,Zprime_3000GeV_060,0.797970339402,3000.0,0.6
3,Zprime_1500GeV_030,0.855943361957,1500.0,0.3
4,Zprime_3000GeV_045,0.82810386003,3000.0,0.45
5,Zprime_2000GeV_045,0.83553686628,2000.0,0.45
6,Zprime_2500GeV_015,0.868619930642,2500.0,0.15
7,Zprime_3500GeV_060,0.795747790614,3500.0,0.6
8,Zprime_2500GeV_045,0.830170942577,2500.0,0.45
9,Zprime_2000GeV_075,0.788978682595,2000.0,0.75
10,Zprime_2500GeV_060,0.802833970174,2500.0,0.6
11,Zprime_4000GeV_075,0.752946817241,4000.0,0.75
12,Zprime_4000GeV_030,0.852483585908,4000.0,0.3
13,Zprime_4000GeV_015,0.864936026378,4000.0,0.15
14,Zprime_3000GeV_030,0.849566828093,3000.0,0.3
15,Zprime_1500GeV_045,0.836186683824,1500.0,0.45
16,Zprime_3000GeV_075,0.766254434021,3000.0,0.75
17,Zprime_1500GeV_060,0.821838263244,1500.0,0.6
18,Zprime_3000GeV_015,0.869235859316,3000.0,0.15
19,Zprime_3500GeV_015,0.867004627719,3500.0,0.15
20,Zprime_3500GeV_030,0.851432069658,3500.0,0.3
21,Zprime_2000GeV_030,0.856499406787,2000.0,0.3
22,Zprime_2000GeV_015,0.869372276089,2000.0,0.15
23,Zprime_3500GeV_075,0.758020791138,3500.0,0.75
24,Zprime_3500GeV_045,0.824246198031,3500.0,0.45
25,Zprime_2500GeV_030,0.851813318921,2500.0,0.3
26,Zprime_2000GeV_060,0.811191114415,2000.0,0.6
27,Zprime_4000GeV_060,0.795747401236,4000.0,0.6
28,Zprime_2500GeV_075,0.77493793013,2500.0,0.75
29,Zprime_4000GeV_045,0.825423559258,4000.0,0.45
