,name,auc,mass,nu
0,Zprime_1500GeV_075,0.724088889683,1500.0,0.75
1,Zprime_1500GeV_015,0.813561645979,1500.0,0.15
2,Zprime_3000GeV_060,0.759785751636,3000.0,0.6
3,Zprime_1500GeV_030,0.803802533063,1500.0,0.3
4,Zprime_3000GeV_045,0.791793828226,3000.0,0.45
5,Zprime_2000GeV_045,0.790200655614,2000.0,0.45
6,Zprime_2500GeV_015,0.832998837914,2500.0,0.15
7,Zprime_3500GeV_060,0.761605468096,3500.0,0.6
8,Zprime_2500GeV_045,0.790054596168,2500.0,0.45
9,Zprime_2000GeV_075,0.732330197704,2000.0,0.75
10,Zprime_2500GeV_060,0.761096996282,2500.0,0.6
11,Zprime_4000GeV_075,0.723051230052,4000.0,0.75
12,Zprime_4000GeV_030,0.830744841808,4000.0,0.3
13,Zprime_4000GeV_015,0.851816335203,4000.0,0.15
14,Zprime_3000GeV_030,0.815870387819,3000.0,0.3
15,Zprime_1500GeV_045,0.777323842526,1500.0,0.45
16,Zprime_3000GeV_075,0.725168822424,3000.0,0.75
17,Zprime_1500GeV_060,0.757262428558,1500.0,0.6
18,Zprime_3000GeV_015,0.838383580325,3000.0,0.15
19,Zprime_3500GeV_015,0.843353914138,3500.0,0.15
20,Zprime_3500GeV_030,0.824461722138,3500.0,0.3
21,Zprime_2000GeV_030,0.813601956466,2000.0,0.3
22,Zprime_2000GeV_015,0.829670354697,2000.0,0.15
23,Zprime_3500GeV_075,0.724599489534,3500.0,0.75
24,Zprime_3500GeV_045,0.794010735162,3500.0,0.45
25,Zprime_2500GeV_030,0.813382264974,2500.0,0.3
26,Zprime_2000GeV_060,0.760055398965,2000.0,0.6
27,Zprime_4000GeV_060,0.766742668703,4000.0,0.6
28,Zprime_2500GeV_075,0.722831716741,2500.0,0.75
29,Zprime_4000GeV_045,0.800652275918,4000.0,0.45
