,name,auc,mass,nu
0,Zprime_1500GeV_075,0.804488685345,1500.0,0.75
1,Zprime_1500GeV_015,0.874829051478,1500.0,0.15
2,Zprime_3000GeV_060,0.814621394844,3000.0,0.6
3,Zprime_1500GeV_030,0.862849909998,1500.0,0.3
4,Zprime_3000GeV_045,0.84212443369,3000.0,0.45
5,Zprime_2000GeV_045,0.848774956524,2000.0,0.45
6,Zprime_2500GeV_015,0.877655942517,2500.0,0.15
7,Zprime_3500GeV_060,0.812379347072,3500.0,0.6
8,Zprime_2500GeV_045,0.843927572882,2500.0,0.45
9,Zprime_2000GeV_075,0.804491373538,2000.0,0.75
10,Zprime_2500GeV_060,0.820054293923,2500.0,0.6
11,Zprime_4000GeV_075,0.774370903635,4000.0,0.75
12,Zprime_4000GeV_030,0.86936321549,4000.0,0.3
13,Zprime_4000GeV_015,0.881941086835,4000.0,0.15
14,Zprime_3000GeV_030,0.861488066578,3000.0,0.3
15,Zprime_1500GeV_045,0.847705408195,1500.0,0.45
16,Zprime_3000GeV_075,0.785750947809,3000.0,0.75
17,Zprime_1500GeV_060,0.830301569249,1500.0,0.6
18,Zprime_3000GeV_015,0.878394464483,3000.0,0.15
19,Zprime_3500GeV_015,0.879785124043,3500.0,0.15
20,Zprime_3500GeV_030,0.864875245544,3500.0,0.3
21,Zprime_2000GeV_030,0.867469988167,2000.0,0.3
22,Zprime_2000GeV_015,0.879217418761,2000.0,0.15
23,Zprime_3500GeV_075,0.780626737854,3500.0,0.75
24,Zprime_3500GeV_045,0.841884345297,3500.0,0.45
25,Zprime_2500GeV_030,0.86272127974,2500.0,0.3
26,Zprime_2000GeV_060,0.827597584327,2000.0,0.6
27,Zprime_4000GeV_060,0.81359892575,4000.0,0.6
28,Zprime_2500GeV_075,0.791878153019,2500.0,0.75
29,Zprime_4000GeV_045,0.843884107735,4000.0,0.45
