,name,auc,mass,nu
0,Zprime_1500GeV_075,0.733620396714,1500.0,0.75
1,Zprime_1500GeV_015,0.829929344072,1500.0,0.15
2,Zprime_3000GeV_060,0.761722273823,3000.0,0.6
3,Zprime_1500GeV_030,0.814674557703,1500.0,0.3
4,Zprime_3000GeV_045,0.795403544561,3000.0,0.45
5,Zprime_2000GeV_045,0.79854274319,2000.0,0.45
6,Zprime_2500GeV_015,0.840388532129,2500.0,0.15
7,Zprime_3500GeV_060,0.764092077698,3500.0,0.6
8,Zprime_2500GeV_045,0.794792188035,2500.0,0.45
9,Zprime_2000GeV_075,0.737645264738,2000.0,0.75
10,Zprime_2500GeV_060,0.7623245255,2500.0,0.6
11,Zprime_4000GeV_075,0.719214519004,4000.0,0.75
12,Zprime_4000GeV_030,0.831954165387,4000.0,0.3
13,Zprime_4000GeV_015,0.850590182071,4000.0,0.15
14,Zprime_3000GeV_030,0.820457020319,3000.0,0.3
15,Zprime_1500GeV_045,0.789381747359,1500.0,0.45
16,Zprime_3000GeV_075,0.724962637349,3000.0,0.75
17,Zprime_1500GeV_060,0.768572153084,1500.0,0.6
18,Zprime_3000GeV_015,0.842664715455,3000.0,0.15
19,Zprime_3500GeV_015,0.844756074244,3500.0,0.15
20,Zprime_3500GeV_030,0.826470861595,3500.0,0.3
21,Zprime_2000GeV_030,0.822874575586,2000.0,0.3
22,Zprime_2000GeV_015,0.84079759026,2000.0,0.15
23,Zprime_3500GeV_075,0.723331284278,3500.0,0.75
24,Zprime_3500GeV_045,0.796001717022,3500.0,0.45
25,Zprime_2500GeV_030,0.821566117852,2500.0,0.3
26,Zprime_2000GeV_060,0.768015503212,2000.0,0.6
27,Zprime_4000GeV_060,0.766886116786,4000.0,0.6
28,Zprime_2500GeV_075,0.725957680176,2500.0,0.75
29,Zprime_4000GeV_045,0.799619069037,4000.0,0.45
