,name,auc,mass,nu
0,Zprime_1500GeV_075,0.72242143089,1500.0,0.75
1,Zprime_1500GeV_015,0.823483972336,1500.0,0.15
2,Zprime_3000GeV_060,0.762862146295,3000.0,0.6
3,Zprime_1500GeV_030,0.805731966053,1500.0,0.3
4,Zprime_3000GeV_045,0.799886492474,3000.0,0.45
5,Zprime_2000GeV_045,0.804103050593,2000.0,0.45
6,Zprime_2500GeV_015,0.85039900939,2500.0,0.15
7,Zprime_3500GeV_060,0.760047813573,3500.0,0.6
8,Zprime_2500GeV_045,0.80308308473,2500.0,0.45
9,Zprime_2000GeV_075,0.729141829306,2000.0,0.75
10,Zprime_2500GeV_060,0.768030285187,2500.0,0.6
11,Zprime_4000GeV_075,0.70880753701,4000.0,0.75
12,Zprime_4000GeV_030,0.825072612285,4000.0,0.3
13,Zprime_4000GeV_015,0.838400352506,4000.0,0.15
14,Zprime_3000GeV_030,0.825216404516,3000.0,0.3
15,Zprime_1500GeV_045,0.778835207857,1500.0,0.45
16,Zprime_3000GeV_075,0.720216794073,3000.0,0.75
17,Zprime_1500GeV_060,0.754907610621,1500.0,0.6
18,Zprime_3000GeV_015,0.847694520597,3000.0,0.15
19,Zprime_3500GeV_015,0.842491985033,3500.0,0.15
20,Zprime_3500GeV_030,0.826402929312,3500.0,0.3
21,Zprime_2000GeV_030,0.829963502922,2000.0,0.3
22,Zprime_2000GeV_015,0.85176173941,2000.0,0.15
23,Zprime_3500GeV_075,0.715054810692,3500.0,0.75
24,Zprime_3500GeV_045,0.797113967918,3500.0,0.45
25,Zprime_2500GeV_030,0.830107868228,2500.0,0.3
26,Zprime_2000GeV_060,0.768253834549,2000.0,0.6
27,Zprime_4000GeV_060,0.75842253327,4000.0,0.6
28,Zprime_2500GeV_075,0.722067789437,2500.0,0.75
29,Zprime_4000GeV_045,0.793786042765,4000.0,0.45
