,name,auc,mass,nu
0,Zprime_1500GeV_075,0.740753681893,1500.0,0.75
1,Zprime_1500GeV_015,0.832564782993,1500.0,0.15
2,Zprime_3000GeV_060,0.765312351585,3000.0,0.6
3,Zprime_1500GeV_030,0.820146213175,1500.0,0.3
4,Zprime_3000GeV_045,0.797260020077,3000.0,0.45
5,Zprime_2000GeV_045,0.80113143275,2000.0,0.45
6,Zprime_2500GeV_015,0.841386188775,2500.0,0.15
7,Zprime_3500GeV_060,0.764712922082,3500.0,0.6
8,Zprime_2500GeV_045,0.799086905662,2500.0,0.45
9,Zprime_2000GeV_075,0.744098959978,2000.0,0.75
10,Zprime_2500GeV_060,0.767836006957,2500.0,0.6
11,Zprime_4000GeV_075,0.722472172106,4000.0,0.75
12,Zprime_4000GeV_030,0.829193438576,4000.0,0.3
13,Zprime_4000GeV_015,0.848520100977,4000.0,0.15
14,Zprime_3000GeV_030,0.821589050689,3000.0,0.3
15,Zprime_1500GeV_045,0.791235512462,1500.0,0.45
16,Zprime_3000GeV_075,0.729313367423,3000.0,0.75
17,Zprime_1500GeV_060,0.770513609603,1500.0,0.6
18,Zprime_3000GeV_015,0.843014968714,3000.0,0.15
19,Zprime_3500GeV_015,0.843505254285,3500.0,0.15
20,Zprime_3500GeV_030,0.825106145433,3500.0,0.3
21,Zprime_2000GeV_030,0.826230884635,2000.0,0.3
22,Zprime_2000GeV_015,0.842020680111,2000.0,0.15
23,Zprime_3500GeV_075,0.725371134676,3500.0,0.75
24,Zprime_3500GeV_045,0.796112996506,3500.0,0.45
25,Zprime_2500GeV_030,0.822041803745,2500.0,0.3
26,Zprime_2000GeV_060,0.773315565096,2000.0,0.6
27,Zprime_4000GeV_060,0.766750374678,4000.0,0.6
28,Zprime_2500GeV_075,0.731168736406,2500.0,0.75
29,Zprime_4000GeV_045,0.799154873764,4000.0,0.45
