,name,auc,mass,nu
0,Zprime_1500GeV_075,0.789082105756,1500.0,0.75
1,Zprime_1500GeV_015,0.863212958499,1500.0,0.15
2,Zprime_3000GeV_060,0.799573294593,3000.0,0.6
3,Zprime_1500GeV_030,0.854127859516,1500.0,0.3
4,Zprime_3000GeV_045,0.828644052402,3000.0,0.45
5,Zprime_2000GeV_045,0.834682577501,2000.0,0.45
6,Zprime_2500GeV_015,0.86710597629,2500.0,0.15
7,Zprime_3500GeV_060,0.798932519611,3500.0,0.6
8,Zprime_2500GeV_045,0.829412272756,2500.0,0.45
9,Zprime_2000GeV_075,0.787136994295,2000.0,0.75
10,Zprime_2500GeV_060,0.80381582083,2500.0,0.6
11,Zprime_4000GeV_075,0.759886053178,4000.0,0.75
12,Zprime_4000GeV_030,0.85672067078,4000.0,0.3
13,Zprime_4000GeV_015,0.871216170682,4000.0,0.15
14,Zprime_3000GeV_030,0.848750776491,3000.0,0.3
15,Zprime_1500GeV_045,0.831116791466,1500.0,0.45
16,Zprime_3000GeV_075,0.769625377278,3000.0,0.75
17,Zprime_1500GeV_060,0.81784022655,1500.0,0.6
18,Zprime_3000GeV_015,0.867313061913,3000.0,0.15
19,Zprime_3500GeV_015,0.868797528653,3500.0,0.15
20,Zprime_3500GeV_030,0.853427477065,3500.0,0.3
21,Zprime_2000GeV_030,0.854691046463,2000.0,0.3
22,Zprime_2000GeV_015,0.867109700234,2000.0,0.15
23,Zprime_3500GeV_075,0.763546578573,3500.0,0.75
24,Zprime_3500GeV_045,0.82668387968,3500.0,0.45
25,Zprime_2500GeV_030,0.850326634085,2500.0,0.3
26,Zprime_2000GeV_060,0.810874661293,2000.0,0.6
27,Zprime_4000GeV_060,0.800109901346,4000.0,0.6
28,Zprime_2500GeV_075,0.77485269148,2500.0,0.75
29,Zprime_4000GeV_045,0.828193523307,4000.0,0.45
