,name,auc,mass,nu
0,Zprime_1500GeV_075,0.785102779328,1500.0,0.75
1,Zprime_1500GeV_015,0.858031082871,1500.0,0.15
2,Zprime_3000GeV_060,0.793161204363,3000.0,0.6
3,Zprime_1500GeV_030,0.848317972725,1500.0,0.3
4,Zprime_3000GeV_045,0.822968173509,3000.0,0.45
5,Zprime_2000GeV_045,0.828412790129,2000.0,0.45
6,Zprime_2500GeV_015,0.862463033214,2500.0,0.15
7,Zprime_3500GeV_060,0.791540343264,3500.0,0.6
8,Zprime_2500GeV_045,0.824502284982,2500.0,0.45
9,Zprime_2000GeV_075,0.781752859259,2000.0,0.75
10,Zprime_2500GeV_060,0.797433014918,2500.0,0.6
11,Zprime_4000GeV_075,0.749848072742,4000.0,0.75
12,Zprime_4000GeV_030,0.851106070144,4000.0,0.3
13,Zprime_4000GeV_015,0.866266403515,4000.0,0.15
14,Zprime_3000GeV_030,0.84507083522,3000.0,0.3
15,Zprime_1500GeV_045,0.82615894017,1500.0,0.45
16,Zprime_3000GeV_075,0.760992245045,3000.0,0.75
17,Zprime_1500GeV_060,0.812634879701,1500.0,0.6
18,Zprime_3000GeV_015,0.863245890827,3000.0,0.15
19,Zprime_3500GeV_015,0.86389645121,3500.0,0.15
20,Zprime_3500GeV_030,0.848789085824,3500.0,0.3
21,Zprime_2000GeV_030,0.849662238567,2000.0,0.3
22,Zprime_2000GeV_015,0.862728364723,2000.0,0.15
23,Zprime_3500GeV_075,0.753990188984,3500.0,0.75
24,Zprime_3500GeV_045,0.819966116482,3500.0,0.45
25,Zprime_2500GeV_030,0.845258146652,2500.0,0.3
26,Zprime_2000GeV_060,0.80495112309,2000.0,0.6
27,Zprime_4000GeV_060,0.793217706701,4000.0,0.6
28,Zprime_2500GeV_075,0.766731931895,2500.0,0.75
29,Zprime_4000GeV_045,0.821911199239,4000.0,0.45
