,name,auc,mass,nu
0,Zprime_1500GeV_075,0.7939632405,1500.0,0.75
1,Zprime_1500GeV_015,0.870979554361,1500.0,0.15
2,Zprime_3000GeV_060,0.805293442631,3000.0,0.6
3,Zprime_1500GeV_030,0.860897255156,1500.0,0.3
4,Zprime_3000GeV_045,0.835119002422,3000.0,0.45
5,Zprime_2000GeV_045,0.846912019338,2000.0,0.45
6,Zprime_2500GeV_015,0.877734054227,2500.0,0.15
7,Zprime_3500GeV_060,0.802072406814,3500.0,0.6
8,Zprime_2500GeV_045,0.83979249882,2500.0,0.45
9,Zprime_2000GeV_075,0.795455984292,2000.0,0.75
10,Zprime_2500GeV_060,0.813492244407,2500.0,0.6
11,Zprime_4000GeV_075,0.759772858047,4000.0,0.75
12,Zprime_4000GeV_030,0.857661981859,4000.0,0.3
13,Zprime_4000GeV_015,0.870877824638,4000.0,0.15
14,Zprime_3000GeV_030,0.856153776258,3000.0,0.3
15,Zprime_1500GeV_045,0.843075174111,1500.0,0.45
16,Zprime_3000GeV_075,0.775279539849,3000.0,0.75
17,Zprime_1500GeV_060,0.824722950923,1500.0,0.6
18,Zprime_3000GeV_015,0.874341121944,3000.0,0.15
19,Zprime_3500GeV_015,0.870649426981,3500.0,0.15
20,Zprime_3500GeV_030,0.857304751545,3500.0,0.3
21,Zprime_2000GeV_030,0.866369119266,2000.0,0.3
22,Zprime_2000GeV_015,0.87984217484,2000.0,0.15
23,Zprime_3500GeV_075,0.767767786459,3500.0,0.75
24,Zprime_3500GeV_045,0.831806753589,3500.0,0.45
25,Zprime_2500GeV_030,0.860947266851,2500.0,0.3
26,Zprime_2000GeV_060,0.821417058599,2000.0,0.6
27,Zprime_4000GeV_060,0.801331206798,4000.0,0.6
28,Zprime_2500GeV_075,0.781585396305,2500.0,0.75
29,Zprime_4000GeV_045,0.829686612635,4000.0,0.45
