,name,auc,mass,nu
0,Zprime_1500GeV_075,0.79084270243,1500.0,0.75
1,Zprime_1500GeV_015,0.865379633797,1500.0,0.15
2,Zprime_3000GeV_060,0.798595720366,3000.0,0.6
3,Zprime_1500GeV_030,0.854008203212,1500.0,0.3
4,Zprime_3000GeV_045,0.826880984112,3000.0,0.45
5,Zprime_2000GeV_045,0.837362029683,2000.0,0.45
6,Zprime_2500GeV_015,0.866096025987,2500.0,0.15
7,Zprime_3500GeV_060,0.796669611803,3500.0,0.6
8,Zprime_2500GeV_045,0.830198693263,2500.0,0.45
9,Zprime_2000GeV_075,0.789204452073,2000.0,0.75
10,Zprime_2500GeV_060,0.804337384561,2500.0,0.6
11,Zprime_4000GeV_075,0.759628286237,4000.0,0.75
12,Zprime_4000GeV_030,0.849881337589,4000.0,0.3
13,Zprime_4000GeV_015,0.863089648333,4000.0,0.15
14,Zprime_3000GeV_030,0.845791218643,3000.0,0.3
15,Zprime_1500GeV_045,0.833960862365,1500.0,0.45
16,Zprime_3000GeV_075,0.768654126273,3000.0,0.75
17,Zprime_1500GeV_060,0.819830059209,1500.0,0.6
18,Zprime_3000GeV_015,0.862582670875,3000.0,0.15
19,Zprime_3500GeV_015,0.859327692593,3500.0,0.15
20,Zprime_3500GeV_030,0.847351786958,3500.0,0.3
21,Zprime_2000GeV_030,0.857674790993,2000.0,0.3
22,Zprime_2000GeV_015,0.868701487132,2000.0,0.15
23,Zprime_3500GeV_075,0.763023609391,3500.0,0.75
24,Zprime_3500GeV_045,0.822880831053,3500.0,0.45
25,Zprime_2500GeV_030,0.850373359342,2500.0,0.3
26,Zprime_2000GeV_060,0.813762535863,2000.0,0.6
27,Zprime_4000GeV_060,0.798197204967,4000.0,0.6
28,Zprime_2500GeV_075,0.774782608532,2500.0,0.75
29,Zprime_4000GeV_045,0.823811501899,4000.0,0.45
