,name,auc,mass,nu
0,Zprime_1500GeV_075,0.808165706538,1500.0,0.75
1,Zprime_1500GeV_015,0.87583588029,1500.0,0.15
2,Zprime_3000GeV_060,0.812593153286,3000.0,0.6
3,Zprime_1500GeV_030,0.867793188632,1500.0,0.3
4,Zprime_3000GeV_045,0.84199516025,3000.0,0.45
5,Zprime_2000GeV_045,0.849767875645,2000.0,0.45
6,Zprime_2500GeV_015,0.879812135735,2500.0,0.15
7,Zprime_3500GeV_060,0.809812404085,3500.0,0.6
8,Zprime_2500GeV_045,0.844229169847,2500.0,0.45
9,Zprime_2000GeV_075,0.803231238097,2000.0,0.75
10,Zprime_2500GeV_060,0.818373816092,2500.0,0.6
11,Zprime_4000GeV_075,0.769609197965,4000.0,0.75
12,Zprime_4000GeV_030,0.868997213372,4000.0,0.3
13,Zprime_4000GeV_015,0.883353666564,4000.0,0.15
14,Zprime_3000GeV_030,0.863328242978,3000.0,0.3
15,Zprime_1500GeV_045,0.850431778815,1500.0,0.45
16,Zprime_3000GeV_075,0.781720309554,3000.0,0.75
17,Zprime_1500GeV_060,0.83297166617,1500.0,0.6
18,Zprime_3000GeV_015,0.881655945597,3000.0,0.15
19,Zprime_3500GeV_015,0.882014609365,3500.0,0.15
20,Zprime_3500GeV_030,0.865617897111,3500.0,0.3
21,Zprime_2000GeV_030,0.868918249792,2000.0,0.3
22,Zprime_2000GeV_015,0.88167922753,2000.0,0.15
23,Zprime_3500GeV_075,0.775018318671,3500.0,0.75
24,Zprime_3500GeV_045,0.841395161523,3500.0,0.45
25,Zprime_2500GeV_030,0.86415051151,2500.0,0.3
26,Zprime_2000GeV_060,0.82734156686,2000.0,0.6
27,Zprime_4000GeV_060,0.811030022375,4000.0,0.6
28,Zprime_2500GeV_075,0.790263004523,2500.0,0.75
29,Zprime_4000GeV_045,0.842406474085,4000.0,0.45
