,name,auc,mass,nu
0,Zprime_1500GeV_075,0.733703306714,1500.0,0.75
1,Zprime_1500GeV_015,0.823619315315,1500.0,0.15
2,Zprime_3000GeV_060,0.755209843659,3000.0,0.6
3,Zprime_1500GeV_030,0.806941402075,1500.0,0.3
4,Zprime_3000GeV_045,0.789759128833,3000.0,0.45
5,Zprime_2000GeV_045,0.787147456184,2000.0,0.45
6,Zprime_2500GeV_015,0.830475889399,2500.0,0.15
7,Zprime_3500GeV_060,0.761254466518,3500.0,0.6
8,Zprime_2500GeV_045,0.784276190885,2500.0,0.45
9,Zprime_2000GeV_075,0.730945779705,2000.0,0.75
10,Zprime_2500GeV_060,0.753956342345,2500.0,0.6
11,Zprime_4000GeV_075,0.719699528484,4000.0,0.75
12,Zprime_4000GeV_030,0.831013663307,4000.0,0.3
13,Zprime_4000GeV_015,0.849715201767,4000.0,0.15
14,Zprime_3000GeV_030,0.815400179172,3000.0,0.3
15,Zprime_1500GeV_045,0.780666930596,1500.0,0.45
16,Zprime_3000GeV_075,0.718708310249,3000.0,0.75
17,Zprime_1500GeV_060,0.764564674484,1500.0,0.6
18,Zprime_3000GeV_015,0.839619231759,3000.0,0.15
19,Zprime_3500GeV_015,0.843208048261,3500.0,0.15
20,Zprime_3500GeV_030,0.824224638857,3500.0,0.3
21,Zprime_2000GeV_030,0.81047113002,2000.0,0.3
22,Zprime_2000GeV_015,0.826778956739,2000.0,0.15
23,Zprime_3500GeV_075,0.721071404893,3500.0,0.75
24,Zprime_3500GeV_045,0.793508070661,3500.0,0.45
25,Zprime_2500GeV_030,0.809837410797,2500.0,0.3
26,Zprime_2000GeV_060,0.758104431117,2000.0,0.6
27,Zprime_4000GeV_060,0.76626225045,4000.0,0.6
28,Zprime_2500GeV_075,0.717943436999,2500.0,0.75
29,Zprime_4000GeV_045,0.799181019985,4000.0,0.45
