,name,auc,mass,nu
0,Zprime_1500GeV_075,0.783923233642,1500.0,0.75
1,Zprime_1500GeV_015,0.857767056941,1500.0,0.15
2,Zprime_3000GeV_060,0.793833754557,3000.0,0.6
3,Zprime_1500GeV_030,0.845887051357,1500.0,0.3
4,Zprime_3000GeV_045,0.825195127985,3000.0,0.45
5,Zprime_2000GeV_045,0.828218927209,2000.0,0.45
6,Zprime_2500GeV_015,0.863728364203,2500.0,0.15
7,Zprime_3500GeV_060,0.793809198298,3500.0,0.6
8,Zprime_2500GeV_045,0.825229236111,2500.0,0.45
9,Zprime_2000GeV_075,0.78044309234,2000.0,0.75
10,Zprime_2500GeV_060,0.796816906491,2500.0,0.6
11,Zprime_4000GeV_075,0.751264684089,4000.0,0.75
12,Zprime_4000GeV_030,0.855925739278,4000.0,0.3
13,Zprime_4000GeV_015,0.870390529667,4000.0,0.15
14,Zprime_3000GeV_030,0.847527643272,3000.0,0.3
15,Zprime_1500GeV_045,0.825884988341,1500.0,0.45
16,Zprime_3000GeV_075,0.761067170496,3000.0,0.75
17,Zprime_1500GeV_060,0.810453766671,1500.0,0.6
18,Zprime_3000GeV_015,0.866999206023,3000.0,0.15
19,Zprime_3500GeV_015,0.868208792605,3500.0,0.15
20,Zprime_3500GeV_030,0.851901963568,3500.0,0.3
21,Zprime_2000GeV_030,0.849071145681,2000.0,0.3
22,Zprime_2000GeV_015,0.862613995221,2000.0,0.15
23,Zprime_3500GeV_075,0.754730931502,3500.0,0.75
24,Zprime_3500GeV_045,0.824039099601,3500.0,0.45
25,Zprime_2500GeV_030,0.846459724061,2500.0,0.3
26,Zprime_2000GeV_060,0.803206490759,2000.0,0.6
27,Zprime_4000GeV_060,0.795945487564,4000.0,0.6
28,Zprime_2500GeV_075,0.765607767022,2500.0,0.75
29,Zprime_4000GeV_045,0.826551714863,4000.0,0.45
