,name,auc,mass,nu
0,Zprime_1500GeV_075,0.747027982276,1500.0,0.75
1,Zprime_1500GeV_015,0.838762755587,1500.0,0.15
2,Zprime_3000GeV_060,0.769837664054,3000.0,0.6
3,Zprime_1500GeV_030,0.825223150305,1500.0,0.3
4,Zprime_3000GeV_045,0.801295502883,3000.0,0.45
5,Zprime_2000GeV_045,0.80580119332,2000.0,0.45
6,Zprime_2500GeV_015,0.847336755954,2500.0,0.15
7,Zprime_3500GeV_060,0.769864321799,3500.0,0.6
8,Zprime_2500GeV_045,0.802651673969,2500.0,0.45
9,Zprime_2000GeV_075,0.750477925372,2000.0,0.75
10,Zprime_2500GeV_060,0.772239580111,2500.0,0.6
11,Zprime_4000GeV_075,0.727956132078,4000.0,0.75
12,Zprime_4000GeV_030,0.832361567022,4000.0,0.3
13,Zprime_4000GeV_015,0.849489677526,4000.0,0.15
14,Zprime_3000GeV_030,0.826195226732,3000.0,0.3
15,Zprime_1500GeV_045,0.799321778866,1500.0,0.45
16,Zprime_3000GeV_075,0.73691392163,3000.0,0.75
17,Zprime_1500GeV_060,0.78197750105,1500.0,0.6
18,Zprime_3000GeV_015,0.847996991215,3000.0,0.15
19,Zprime_3500GeV_015,0.845758186349,3500.0,0.15
20,Zprime_3500GeV_030,0.829646938477,3500.0,0.3
21,Zprime_2000GeV_030,0.829692877825,2000.0,0.3
22,Zprime_2000GeV_015,0.847467560732,2000.0,0.15
23,Zprime_3500GeV_075,0.732129531573,3500.0,0.75
24,Zprime_3500GeV_045,0.798924598821,3500.0,0.45
25,Zprime_2500GeV_030,0.827549715578,2500.0,0.3
26,Zprime_2000GeV_060,0.777894938571,2000.0,0.6
27,Zprime_4000GeV_060,0.771321079244,4000.0,0.6
28,Zprime_2500GeV_075,0.739737064388,2500.0,0.75
29,Zprime_4000GeV_045,0.801618949409,4000.0,0.45
