,name,auc,mass,nu
0,Zprime_1500GeV_075,0.760384507011,1500.0,0.75
1,Zprime_1500GeV_015,0.85313372557,1500.0,0.15
2,Zprime_3000GeV_060,0.787448819708,3000.0,0.6
3,Zprime_1500GeV_030,0.842322390828,1500.0,0.3
4,Zprime_3000GeV_045,0.81779528088,3000.0,0.45
5,Zprime_2000GeV_045,0.830576012808,2000.0,0.45
6,Zprime_2500GeV_015,0.865184555122,2500.0,0.15
7,Zprime_3500GeV_060,0.784056757521,3500.0,0.6
8,Zprime_2500GeV_045,0.824291335187,2500.0,0.45
9,Zprime_2000GeV_075,0.76978197103,2000.0,0.75
10,Zprime_2500GeV_060,0.794777580527,2500.0,0.6
11,Zprime_4000GeV_075,0.743635940357,4000.0,0.75
12,Zprime_4000GeV_030,0.84303409861,4000.0,0.3
13,Zprime_4000GeV_015,0.860831738938,4000.0,0.15
14,Zprime_3000GeV_030,0.839553013391,3000.0,0.3
15,Zprime_1500GeV_045,0.815378886516,1500.0,0.45
16,Zprime_3000GeV_075,0.753795660353,3000.0,0.75
17,Zprime_1500GeV_060,0.792773121418,1500.0,0.6
18,Zprime_3000GeV_015,0.859599109827,3000.0,0.15
19,Zprime_3500GeV_015,0.856473498767,3500.0,0.15
20,Zprime_3500GeV_030,0.839980489019,3500.0,0.3
21,Zprime_2000GeV_030,0.853979438078,2000.0,0.3
22,Zprime_2000GeV_015,0.870882180564,2000.0,0.15
23,Zprime_3500GeV_075,0.74905356529,3500.0,0.75
24,Zprime_3500GeV_045,0.815808663345,3500.0,0.45
25,Zprime_2500GeV_030,0.845571118663,2500.0,0.3
26,Zprime_2000GeV_060,0.799796052646,2000.0,0.6
27,Zprime_4000GeV_060,0.784366398303,4000.0,0.6
28,Zprime_2500GeV_075,0.75641104327,2500.0,0.75
29,Zprime_4000GeV_045,0.815809045691,4000.0,0.45
