,name,auc,mass,nu
0,Zprime_1500GeV_075,0.799764740418,1500.0,0.75
1,Zprime_1500GeV_015,0.871388517438,1500.0,0.15
2,Zprime_3000GeV_060,0.804944185479,3000.0,0.6
3,Zprime_1500GeV_030,0.861382961176,1500.0,0.3
4,Zprime_3000GeV_045,0.834446212149,3000.0,0.45
5,Zprime_2000GeV_045,0.840851895432,2000.0,0.45
6,Zprime_2500GeV_015,0.873312974562,2500.0,0.15
7,Zprime_3500GeV_060,0.803607347942,3500.0,0.6
8,Zprime_2500GeV_045,0.836044853619,2500.0,0.45
9,Zprime_2000GeV_075,0.795100960768,2000.0,0.75
10,Zprime_2500GeV_060,0.809618990691,2500.0,0.6
11,Zprime_4000GeV_075,0.762365013336,4000.0,0.75
12,Zprime_4000GeV_030,0.862019260164,4000.0,0.3
13,Zprime_4000GeV_015,0.875096291249,4000.0,0.15
14,Zprime_3000GeV_030,0.855970956307,3000.0,0.3
15,Zprime_1500GeV_045,0.841326681875,1500.0,0.45
16,Zprime_3000GeV_075,0.774621846353,3000.0,0.75
17,Zprime_1500GeV_060,0.826744183917,1500.0,0.6
18,Zprime_3000GeV_015,0.874223354172,3000.0,0.15
19,Zprime_3500GeV_015,0.874896315563,3500.0,0.15
20,Zprime_3500GeV_030,0.859742027624,3500.0,0.3
21,Zprime_2000GeV_030,0.861330252258,2000.0,0.3
22,Zprime_2000GeV_015,0.873889366563,2000.0,0.15
23,Zprime_3500GeV_075,0.766731680245,3500.0,0.75
24,Zprime_3500GeV_045,0.832348580389,3500.0,0.45
25,Zprime_2500GeV_030,0.856871497379,2500.0,0.3
26,Zprime_2000GeV_060,0.818048582173,2000.0,0.6
27,Zprime_4000GeV_060,0.803779643875,4000.0,0.6
28,Zprime_2500GeV_075,0.780563079899,2500.0,0.75
29,Zprime_4000GeV_045,0.833448515981,4000.0,0.45
