,name,auc,mass,nu
0,Zprime_1500GeV_075,0.778668119925,1500.0,0.75
1,Zprime_1500GeV_015,0.8587024418,1500.0,0.15
2,Zprime_3000GeV_060,0.790991555097,3000.0,0.6
3,Zprime_1500GeV_030,0.848338484475,1500.0,0.3
4,Zprime_3000GeV_045,0.821131787805,3000.0,0.45
5,Zprime_2000GeV_045,0.828856366778,2000.0,0.45
6,Zprime_2500GeV_015,0.863197553816,2500.0,0.15
7,Zprime_3500GeV_060,0.791197431579,3500.0,0.6
8,Zprime_2500GeV_045,0.823075808024,2500.0,0.45
9,Zprime_2000GeV_075,0.774190994863,2000.0,0.75
10,Zprime_2500GeV_060,0.794984172567,2500.0,0.6
11,Zprime_4000GeV_075,0.751222706002,4000.0,0.75
12,Zprime_4000GeV_030,0.849903459744,4000.0,0.3
13,Zprime_4000GeV_015,0.864037056818,4000.0,0.15
14,Zprime_3000GeV_030,0.842411744765,3000.0,0.3
15,Zprime_1500GeV_045,0.825961210561,1500.0,0.45
16,Zprime_3000GeV_075,0.757575840691,3000.0,0.75
17,Zprime_1500GeV_060,0.80953219956,1500.0,0.6
18,Zprime_3000GeV_015,0.861082229152,3000.0,0.15
19,Zprime_3500GeV_015,0.859980847579,3500.0,0.15
20,Zprime_3500GeV_030,0.846102577185,3500.0,0.3
21,Zprime_2000GeV_030,0.852178814213,2000.0,0.3
22,Zprime_2000GeV_015,0.865584285475,2000.0,0.15
23,Zprime_3500GeV_075,0.752972205595,3500.0,0.75
24,Zprime_3500GeV_045,0.820987375977,3500.0,0.45
25,Zprime_2500GeV_030,0.845186583744,2500.0,0.3
26,Zprime_2000GeV_060,0.802321214142,2000.0,0.6
27,Zprime_4000GeV_060,0.792778991476,4000.0,0.6
28,Zprime_2500GeV_075,0.76097930699,2500.0,0.75
29,Zprime_4000GeV_045,0.822755584232,4000.0,0.45
