,name,auc,mass,nu
0,Zprime_1500GeV_075,0.724262580306,1500.0,0.75
1,Zprime_1500GeV_015,0.828390877231,1500.0,0.15
2,Zprime_3000GeV_060,0.771051670925,3000.0,0.6
3,Zprime_1500GeV_030,0.816263726798,1500.0,0.3
4,Zprime_3000GeV_045,0.809858434258,3000.0,0.45
5,Zprime_2000GeV_045,0.810632426074,2000.0,0.45
6,Zprime_2500GeV_015,0.860294616665,2500.0,0.15
7,Zprime_3500GeV_060,0.768438669258,3500.0,0.6
8,Zprime_2500GeV_045,0.812398413611,2500.0,0.45
9,Zprime_2000GeV_075,0.732258215381,2000.0,0.75
10,Zprime_2500GeV_060,0.775385589865,2500.0,0.6
11,Zprime_4000GeV_075,0.716092703997,4000.0,0.75
12,Zprime_4000GeV_030,0.83370867503,4000.0,0.3
13,Zprime_4000GeV_015,0.846233492466,4000.0,0.15
14,Zprime_3000GeV_030,0.835180197238,3000.0,0.3
15,Zprime_1500GeV_045,0.783203803195,1500.0,0.45
16,Zprime_3000GeV_075,0.725809747358,3000.0,0.75
17,Zprime_1500GeV_060,0.757278401297,1500.0,0.6
18,Zprime_3000GeV_015,0.858308420163,3000.0,0.15
19,Zprime_3500GeV_015,0.851098145174,3500.0,0.15
20,Zprime_3500GeV_030,0.835178118358,3500.0,0.3
21,Zprime_2000GeV_030,0.83806537628,2000.0,0.3
22,Zprime_2000GeV_015,0.859896013206,2000.0,0.15
23,Zprime_3500GeV_075,0.72248645805,3500.0,0.75
24,Zprime_3500GeV_045,0.805813165879,3500.0,0.45
25,Zprime_2500GeV_030,0.839666388144,2500.0,0.3
26,Zprime_2000GeV_060,0.7743429069,2000.0,0.6
27,Zprime_4000GeV_060,0.767700337293,4000.0,0.6
28,Zprime_2500GeV_075,0.727508448003,2500.0,0.75
29,Zprime_4000GeV_045,0.802677487144,4000.0,0.45
