,name,auc,mass,nu
0,Zprime_1500GeV_075,0.711761530671,1500.0,0.75
1,Zprime_1500GeV_015,0.802901500118,1500.0,0.15
2,Zprime_3000GeV_060,0.735387519817,3000.0,0.6
3,Zprime_1500GeV_030,0.791025360069,1500.0,0.3
4,Zprime_3000GeV_045,0.763822512692,3000.0,0.45
5,Zprime_2000GeV_045,0.775987528754,2000.0,0.45
6,Zprime_2500GeV_015,0.804316810117,2500.0,0.15
7,Zprime_3500GeV_060,0.735628697333,3500.0,0.6
8,Zprime_2500GeV_045,0.766740904506,2500.0,0.45
9,Zprime_2000GeV_075,0.719363339336,2000.0,0.75
10,Zprime_2500GeV_060,0.741743371754,2500.0,0.6
11,Zprime_4000GeV_075,0.698493973416,4000.0,0.75
12,Zprime_4000GeV_030,0.794401337419,4000.0,0.3
13,Zprime_4000GeV_015,0.815913232151,4000.0,0.15
14,Zprime_3000GeV_030,0.783864967216,3000.0,0.3
15,Zprime_1500GeV_045,0.760230663736,1500.0,0.45
16,Zprime_3000GeV_075,0.706848898766,3000.0,0.75
17,Zprime_1500GeV_060,0.744023262502,1500.0,0.6
18,Zprime_3000GeV_015,0.803772920457,3000.0,0.15
19,Zprime_3500GeV_015,0.80752447491,3500.0,0.15
20,Zprime_3500GeV_030,0.789630888965,3500.0,0.3
21,Zprime_2000GeV_030,0.79641416652,2000.0,0.3
22,Zprime_2000GeV_015,0.812104594541,2000.0,0.15
23,Zprime_3500GeV_075,0.703131088951,3500.0,0.75
24,Zprime_3500GeV_045,0.764003456729,3500.0,0.45
25,Zprime_2500GeV_030,0.786696397268,2500.0,0.3
26,Zprime_2000GeV_060,0.748180185533,2000.0,0.6
27,Zprime_4000GeV_060,0.738552332963,4000.0,0.6
28,Zprime_2500GeV_075,0.705966191011,2500.0,0.75
29,Zprime_4000GeV_045,0.767058989077,4000.0,0.45
