,name,auc,mass,nu
0,Zprime_1500GeV_075,0.797243522085,1500.0,0.75
1,Zprime_1500GeV_015,0.864132671329,1500.0,0.15
2,Zprime_3000GeV_060,0.80031825995,3000.0,0.6
3,Zprime_1500GeV_030,0.852853102073,1500.0,0.3
4,Zprime_3000GeV_045,0.82821035243,3000.0,0.45
5,Zprime_2000GeV_045,0.8347700217,2000.0,0.45
6,Zprime_2500GeV_015,0.864459429832,2500.0,0.15
7,Zprime_3500GeV_060,0.798401474149,3500.0,0.6
8,Zprime_2500GeV_045,0.830018451142,2500.0,0.45
9,Zprime_2000GeV_075,0.791371223773,2000.0,0.75
10,Zprime_2500GeV_060,0.804562680383,2500.0,0.6
11,Zprime_4000GeV_075,0.75953185815,4000.0,0.75
12,Zprime_4000GeV_030,0.851399841498,4000.0,0.3
13,Zprime_4000GeV_015,0.862546063532,4000.0,0.15
14,Zprime_3000GeV_030,0.847149648397,3000.0,0.3
15,Zprime_1500GeV_045,0.835415921346,1500.0,0.45
16,Zprime_3000GeV_075,0.771144642606,3000.0,0.75
17,Zprime_1500GeV_060,0.82137774681,1500.0,0.6
18,Zprime_3000GeV_015,0.864905658583,3000.0,0.15
19,Zprime_3500GeV_015,0.864354563596,3500.0,0.15
20,Zprime_3500GeV_030,0.850241216959,3500.0,0.3
21,Zprime_2000GeV_030,0.854017207778,2000.0,0.3
22,Zprime_2000GeV_015,0.86521893262,2000.0,0.15
23,Zprime_3500GeV_075,0.764647927849,3500.0,0.75
24,Zprime_3500GeV_045,0.824711212089,3500.0,0.45
25,Zprime_2500GeV_030,0.849108127294,2500.0,0.3
26,Zprime_2000GeV_060,0.813450343491,2000.0,0.6
27,Zprime_4000GeV_060,0.798045080462,4000.0,0.6
28,Zprime_2500GeV_075,0.776819205096,2500.0,0.75
29,Zprime_4000GeV_045,0.82536123734,4000.0,0.45
