,name,auc,mass,nu
0,Zprime_1500GeV_075,0.716195559062,1500.0,0.75
1,Zprime_1500GeV_015,0.816498579318,1500.0,0.15
2,Zprime_3000GeV_060,0.744938740942,3000.0,0.6
3,Zprime_1500GeV_030,0.80034605076,1500.0,0.3
4,Zprime_3000GeV_045,0.778539392938,3000.0,0.45
5,Zprime_2000GeV_045,0.780370905384,2000.0,0.45
6,Zprime_2500GeV_015,0.823932326815,2500.0,0.15
7,Zprime_3500GeV_060,0.746946782479,3500.0,0.6
8,Zprime_2500GeV_045,0.77901481063,2500.0,0.45
9,Zprime_2000GeV_075,0.719900542633,2000.0,0.75
10,Zprime_2500GeV_060,0.748130659268,2500.0,0.6
11,Zprime_4000GeV_075,0.704534218981,4000.0,0.75
12,Zprime_4000GeV_030,0.813713019625,4000.0,0.3
13,Zprime_4000GeV_015,0.834419756042,4000.0,0.15
14,Zprime_3000GeV_030,0.804005962547,3000.0,0.3
15,Zprime_1500GeV_045,0.773379939976,1500.0,0.45
16,Zprime_3000GeV_075,0.708933649029,3000.0,0.75
17,Zprime_1500GeV_060,0.753843989706,1500.0,0.6
18,Zprime_3000GeV_015,0.828307462606,3000.0,0.15
19,Zprime_3500GeV_015,0.828761895657,3500.0,0.15
20,Zprime_3500GeV_030,0.809659120238,3500.0,0.3
21,Zprime_2000GeV_030,0.804050332515,2000.0,0.3
22,Zprime_2000GeV_015,0.822550912634,2000.0,0.15
23,Zprime_3500GeV_075,0.707680687948,3500.0,0.75
24,Zprime_3500GeV_045,0.778065941881,3500.0,0.45
25,Zprime_2500GeV_030,0.803677111762,2500.0,0.3
26,Zprime_2000GeV_060,0.749711434692,2000.0,0.6
27,Zprime_4000GeV_060,0.750060932185,4000.0,0.6
28,Zprime_2500GeV_075,0.708433437198,2500.0,0.75
29,Zprime_4000GeV_045,0.782130015157,4000.0,0.45
