,name,auc,mass,nu
0,Zprime_1500GeV_075,0.789282145285,1500.0,0.75
1,Zprime_1500GeV_015,0.862087553215,1500.0,0.15
2,Zprime_3000GeV_060,0.809117047408,3000.0,0.6
3,Zprime_1500GeV_030,0.849714804308,1500.0,0.3
4,Zprime_3000GeV_045,0.835993405095,3000.0,0.45
5,Zprime_2000GeV_045,0.846344886807,2000.0,0.45
6,Zprime_2500GeV_015,0.873328820452,2500.0,0.15
7,Zprime_3500GeV_060,0.804514112091,3500.0,0.6
8,Zprime_2500GeV_045,0.838712163813,2500.0,0.45
9,Zprime_2000GeV_075,0.795061383463,2000.0,0.75
10,Zprime_2500GeV_060,0.81336612685,2500.0,0.6
11,Zprime_4000GeV_075,0.766864912897,4000.0,0.75
12,Zprime_4000GeV_030,0.867070301326,4000.0,0.3
13,Zprime_4000GeV_015,0.883155883097,4000.0,0.15
14,Zprime_3000GeV_030,0.856821492161,3000.0,0.3
15,Zprime_1500GeV_045,0.82928239346,1500.0,0.45
16,Zprime_3000GeV_075,0.776400029097,3000.0,0.75
17,Zprime_1500GeV_060,0.812174472296,1500.0,0.6
18,Zprime_3000GeV_015,0.875984616265,3000.0,0.15
19,Zprime_3500GeV_015,0.878296721281,3500.0,0.15
20,Zprime_3500GeV_030,0.862321158807,3500.0,0.3
21,Zprime_2000GeV_030,0.86428418998,2000.0,0.3
22,Zprime_2000GeV_015,0.877620553902,2000.0,0.15
23,Zprime_3500GeV_075,0.772720208573,3500.0,0.75
24,Zprime_3500GeV_045,0.83542774342,3500.0,0.45
25,Zprime_2500GeV_030,0.857597672165,2500.0,0.3
26,Zprime_2000GeV_060,0.819858090449,2000.0,0.6
27,Zprime_4000GeV_060,0.807001910977,4000.0,0.6
28,Zprime_2500GeV_075,0.783414776509,2500.0,0.75
29,Zprime_4000GeV_045,0.838328525791,4000.0,0.45
