,name,auc,mass,nu
0,Zprime_1500GeV_075,0.735875794926,1500.0,0.75
1,Zprime_1500GeV_015,0.831688383642,1500.0,0.15
2,Zprime_3000GeV_060,0.763729878461,3000.0,0.6
3,Zprime_1500GeV_030,0.817821304609,1500.0,0.3
4,Zprime_3000GeV_045,0.793874416806,3000.0,0.45
5,Zprime_2000GeV_045,0.801857710911,2000.0,0.45
6,Zprime_2500GeV_015,0.838590378221,2500.0,0.15
7,Zprime_3500GeV_060,0.761927645088,3500.0,0.6
8,Zprime_2500GeV_045,0.797760631415,2500.0,0.45
9,Zprime_2000GeV_075,0.741169317435,2000.0,0.75
10,Zprime_2500GeV_060,0.768948896603,2500.0,0.6
11,Zprime_4000GeV_075,0.722099722067,4000.0,0.75
12,Zprime_4000GeV_030,0.819109853103,4000.0,0.3
13,Zprime_4000GeV_015,0.837766246974,4000.0,0.15
14,Zprime_3000GeV_030,0.815337245742,3000.0,0.3
15,Zprime_1500GeV_045,0.789215823692,1500.0,0.45
16,Zprime_3000GeV_075,0.729682260533,3000.0,0.75
17,Zprime_1500GeV_060,0.769268662658,1500.0,0.6
18,Zprime_3000GeV_015,0.835273793643,3000.0,0.15
19,Zprime_3500GeV_015,0.833506594243,3500.0,0.15
20,Zprime_3500GeV_030,0.817116567485,3500.0,0.3
21,Zprime_2000GeV_030,0.825344013727,2000.0,0.3
22,Zprime_2000GeV_015,0.841754906022,2000.0,0.15
23,Zprime_3500GeV_075,0.72634579495,3500.0,0.75
24,Zprime_3500GeV_045,0.791755618261,3500.0,0.45
25,Zprime_2500GeV_030,0.81925183369,2500.0,0.3
26,Zprime_2000GeV_060,0.771359382518,2000.0,0.6
27,Zprime_4000GeV_060,0.763054433578,4000.0,0.6
28,Zprime_2500GeV_075,0.730527042037,2500.0,0.75
29,Zprime_4000GeV_045,0.792136001983,4000.0,0.45
