,name,auc,mass,nu
0,Zprime_1500GeV_075,0.784975489218,1500.0,0.75
1,Zprime_1500GeV_015,0.862359456319,1500.0,0.15
2,Zprime_3000GeV_060,0.795583473128,3000.0,0.6
3,Zprime_1500GeV_030,0.850619114447,1500.0,0.3
4,Zprime_3000GeV_045,0.825639249636,3000.0,0.45
5,Zprime_2000GeV_045,0.833104486177,2000.0,0.45
6,Zprime_2500GeV_015,0.866114568182,2500.0,0.15
7,Zprime_3500GeV_060,0.794278611052,3500.0,0.6
8,Zprime_2500GeV_045,0.827509094967,2500.0,0.45
9,Zprime_2000GeV_075,0.784032462579,2000.0,0.75
10,Zprime_2500GeV_060,0.801655006158,2500.0,0.6
11,Zprime_4000GeV_075,0.752705823984,4000.0,0.75
12,Zprime_4000GeV_030,0.851917154456,4000.0,0.3
13,Zprime_4000GeV_015,0.866479530661,4000.0,0.15
14,Zprime_3000GeV_030,0.846632249369,3000.0,0.3
15,Zprime_1500GeV_045,0.831021664948,1500.0,0.45
16,Zprime_3000GeV_075,0.764083050318,3000.0,0.75
17,Zprime_1500GeV_060,0.813946813325,1500.0,0.6
18,Zprime_3000GeV_015,0.865363855732,3000.0,0.15
19,Zprime_3500GeV_015,0.863781457161,3500.0,0.15
20,Zprime_3500GeV_030,0.849651514299,3500.0,0.3
21,Zprime_2000GeV_030,0.8537574514,2000.0,0.3
22,Zprime_2000GeV_015,0.867458720053,2000.0,0.15
23,Zprime_3500GeV_075,0.758662310663,3500.0,0.75
24,Zprime_3500GeV_045,0.823323133581,3500.0,0.45
25,Zprime_2500GeV_030,0.849493266418,2500.0,0.3
26,Zprime_2000GeV_060,0.808774590575,2000.0,0.6
27,Zprime_4000GeV_060,0.795688803639,4000.0,0.6
28,Zprime_2500GeV_075,0.769787171201,2500.0,0.75
29,Zprime_4000GeV_045,0.824637496474,4000.0,0.45
