,name,auc,mass,nu
0,Zprime_1500GeV_075,0.688754693104,1500.0,0.75
1,Zprime_1500GeV_015,0.796934719042,1500.0,0.15
2,Zprime_3000GeV_060,0.735132759638,3000.0,0.6
3,Zprime_1500GeV_030,0.778702886343,1500.0,0.3
4,Zprime_3000GeV_045,0.773124956239,3000.0,0.45
5,Zprime_2000GeV_045,0.765696463816,2000.0,0.45
6,Zprime_2500GeV_015,0.819460339796,2500.0,0.15
7,Zprime_3500GeV_060,0.739284750819,3500.0,0.6
8,Zprime_2500GeV_045,0.769610119216,2500.0,0.45
9,Zprime_2000GeV_075,0.700429894222,2000.0,0.75
10,Zprime_2500GeV_060,0.734959279119,2500.0,0.6
11,Zprime_4000GeV_075,0.693512037495,4000.0,0.75
12,Zprime_4000GeV_030,0.806297686214,4000.0,0.3
13,Zprime_4000GeV_015,0.824606905659,4000.0,0.15
14,Zprime_3000GeV_030,0.796582579963,3000.0,0.3
15,Zprime_1500GeV_045,0.745459615988,1500.0,0.45
16,Zprime_3000GeV_075,0.695615675679,3000.0,0.75
17,Zprime_1500GeV_060,0.726674403215,1500.0,0.6
18,Zprime_3000GeV_015,0.821102892929,3000.0,0.15
19,Zprime_3500GeV_015,0.820382550881,3500.0,0.15
20,Zprime_3500GeV_030,0.801658551136,3500.0,0.3
21,Zprime_2000GeV_030,0.793919168904,2000.0,0.3
22,Zprime_2000GeV_015,0.815629876574,2000.0,0.15
23,Zprime_3500GeV_075,0.696538084191,3500.0,0.75
24,Zprime_3500GeV_045,0.770473407345,3500.0,0.45
25,Zprime_2500GeV_030,0.796053209272,2500.0,0.3
26,Zprime_2000GeV_060,0.73259422616,2000.0,0.6
27,Zprime_4000GeV_060,0.742617179958,4000.0,0.6
28,Zprime_2500GeV_075,0.690006011101,2500.0,0.75
29,Zprime_4000GeV_045,0.774420953622,4000.0,0.45
