,name,auc,mass,nu
0,Zprime_1500GeV_075,0.736641353732,1500.0,0.75
1,Zprime_1500GeV_015,0.829453803985,1500.0,0.15
2,Zprime_3000GeV_060,0.756807622854,3000.0,0.6
3,Zprime_1500GeV_030,0.817313917775,1500.0,0.3
4,Zprime_3000GeV_045,0.787995102114,3000.0,0.45
5,Zprime_2000GeV_045,0.795403432322,2000.0,0.45
6,Zprime_2500GeV_015,0.832700104729,2500.0,0.15
7,Zprime_3500GeV_060,0.7582351982,3500.0,0.6
8,Zprime_2500GeV_045,0.78883064386,2500.0,0.45
9,Zprime_2000GeV_075,0.738564447864,2000.0,0.75
10,Zprime_2500GeV_060,0.758786015418,2500.0,0.6
11,Zprime_4000GeV_075,0.717507442025,4000.0,0.75
12,Zprime_4000GeV_030,0.823262186706,4000.0,0.3
13,Zprime_4000GeV_015,0.842347420626,4000.0,0.15
14,Zprime_3000GeV_030,0.811370103293,3000.0,0.3
15,Zprime_1500GeV_045,0.791417990767,1500.0,0.45
16,Zprime_3000GeV_075,0.722155589601,3000.0,0.75
17,Zprime_1500GeV_060,0.771924051575,1500.0,0.6
18,Zprime_3000GeV_015,0.833124802912,3000.0,0.15
19,Zprime_3500GeV_015,0.834971641959,3500.0,0.15
20,Zprime_3500GeV_030,0.818089222607,3500.0,0.3
21,Zprime_2000GeV_030,0.819837374013,2000.0,0.3
22,Zprime_2000GeV_015,0.836910409208,2000.0,0.15
23,Zprime_3500GeV_075,0.720207586405,3500.0,0.75
24,Zprime_3500GeV_045,0.788647953923,3500.0,0.45
25,Zprime_2500GeV_030,0.813931559383,2500.0,0.3
26,Zprime_2000GeV_060,0.76582210674,2000.0,0.6
27,Zprime_4000GeV_060,0.759911748343,4000.0,0.6
28,Zprime_2500GeV_075,0.724542893887,2500.0,0.75
29,Zprime_4000GeV_045,0.792488036561,4000.0,0.45
