,name,auc,mass,nu
0,Zprime_1500GeV_075,0.800226723689,1500.0,0.75
1,Zprime_1500GeV_015,0.871679905377,1500.0,0.15
2,Zprime_3000GeV_060,0.807256738553,3000.0,0.6
3,Zprime_1500GeV_030,0.861634137121,1500.0,0.3
4,Zprime_3000GeV_045,0.835629831589,3000.0,0.45
5,Zprime_2000GeV_045,0.844684955056,2000.0,0.45
6,Zprime_2500GeV_015,0.873285563715,2500.0,0.15
7,Zprime_3500GeV_060,0.805520126803,3500.0,0.6
8,Zprime_2500GeV_045,0.838585336586,2500.0,0.45
9,Zprime_2000GeV_075,0.798595133572,2000.0,0.75
10,Zprime_2500GeV_060,0.813365776154,2500.0,0.6
11,Zprime_4000GeV_075,0.766278142279,4000.0,0.75
12,Zprime_4000GeV_030,0.860642110919,4000.0,0.3
13,Zprime_4000GeV_015,0.872986075727,4000.0,0.15
14,Zprime_3000GeV_030,0.855480778399,3000.0,0.3
15,Zprime_1500GeV_045,0.842364525092,1500.0,0.45
16,Zprime_3000GeV_075,0.777846549257,3000.0,0.75
17,Zprime_1500GeV_060,0.828174676311,1500.0,0.6
18,Zprime_3000GeV_015,0.872388864847,3000.0,0.15
19,Zprime_3500GeV_015,0.871850902873,3500.0,0.15
20,Zprime_3500GeV_030,0.857619204446,3500.0,0.3
21,Zprime_2000GeV_030,0.864303278963,2000.0,0.3
22,Zprime_2000GeV_015,0.874902140157,2000.0,0.15
23,Zprime_3500GeV_075,0.77142861509,3500.0,0.75
24,Zprime_3500GeV_045,0.832616519069,3500.0,0.45
25,Zprime_2500GeV_030,0.857975549246,2500.0,0.3
26,Zprime_2000GeV_060,0.822273112903,2000.0,0.6
27,Zprime_4000GeV_060,0.80628804618,4000.0,0.6
28,Zprime_2500GeV_075,0.784801437603,2500.0,0.75
29,Zprime_4000GeV_045,0.833774855135,4000.0,0.45
