,name,auc,mass,nu
0,Zprime_1500GeV_075,0.782141631182,1500.0,0.75
1,Zprime_1500GeV_015,0.860984386841,1500.0,0.15
2,Zprime_3000GeV_060,0.802555177648,3000.0,0.6
3,Zprime_1500GeV_030,0.849436328074,1500.0,0.3
4,Zprime_3000GeV_045,0.831906698326,3000.0,0.45
5,Zprime_2000GeV_045,0.844046527471,2000.0,0.45
6,Zprime_2500GeV_015,0.873376010979,2500.0,0.15
7,Zprime_3500GeV_060,0.796886408979,3500.0,0.6
8,Zprime_2500GeV_045,0.836370673802,2500.0,0.45
9,Zprime_2000GeV_075,0.789224069295,2000.0,0.75
10,Zprime_2500GeV_060,0.809793971879,2500.0,0.6
11,Zprime_4000GeV_075,0.75518423182,4000.0,0.75
12,Zprime_4000GeV_030,0.85576802041,4000.0,0.3
13,Zprime_4000GeV_015,0.872567818929,4000.0,0.15
14,Zprime_3000GeV_030,0.853549851888,3000.0,0.3
15,Zprime_1500GeV_045,0.829662338421,1500.0,0.45
16,Zprime_3000GeV_075,0.771460467609,3000.0,0.75
17,Zprime_1500GeV_060,0.811325627488,1500.0,0.6
18,Zprime_3000GeV_015,0.872883695733,3000.0,0.15
19,Zprime_3500GeV_015,0.873046503326,3500.0,0.15
20,Zprime_3500GeV_030,0.855632976556,3500.0,0.3
21,Zprime_2000GeV_030,0.862593787493,2000.0,0.3
22,Zprime_2000GeV_015,0.87694658979,2000.0,0.15
23,Zprime_3500GeV_075,0.763803829108,3500.0,0.75
24,Zprime_3500GeV_045,0.828882589911,3500.0,0.45
25,Zprime_2500GeV_030,0.856829825443,2500.0,0.3
26,Zprime_2000GeV_060,0.818407814294,2000.0,0.6
27,Zprime_4000GeV_060,0.795481409819,4000.0,0.6
28,Zprime_2500GeV_075,0.776313566147,2500.0,0.75
29,Zprime_4000GeV_045,0.827054621187,4000.0,0.45
