,name,auc,mass,nu
0,Zprime_1500GeV_075,0.810378045505,1500.0,0.75
1,Zprime_1500GeV_015,0.889594965875,1500.0,0.15
2,Zprime_3000GeV_060,0.823882176171,3000.0,0.6
3,Zprime_1500GeV_030,0.879875140832,1500.0,0.3
4,Zprime_3000GeV_045,0.852591308076,3000.0,0.45
5,Zprime_2000GeV_045,0.866028796839,2000.0,0.45
6,Zprime_2500GeV_015,0.894461863186,2500.0,0.15
7,Zprime_3500GeV_060,0.819011122132,3500.0,0.6
8,Zprime_2500GeV_045,0.858249721133,2500.0,0.45
9,Zprime_2000GeV_075,0.811204966847,2000.0,0.75
10,Zprime_2500GeV_060,0.832050800384,2500.0,0.6
11,Zprime_4000GeV_075,0.777674036748,4000.0,0.75
12,Zprime_4000GeV_030,0.874939946962,4000.0,0.3
13,Zprime_4000GeV_015,0.891114245334,4000.0,0.15
14,Zprime_3000GeV_030,0.872049461313,3000.0,0.3
15,Zprime_1500GeV_045,0.858001010016,1500.0,0.45
16,Zprime_3000GeV_075,0.792337482564,3000.0,0.75
17,Zprime_1500GeV_060,0.837745487379,1500.0,0.6
18,Zprime_3000GeV_015,0.891280838588,3000.0,0.15
19,Zprime_3500GeV_015,0.889678952298,3500.0,0.15
20,Zprime_3500GeV_030,0.874605191171,3500.0,0.3
21,Zprime_2000GeV_030,0.886928439013,2000.0,0.3
22,Zprime_2000GeV_015,0.900495219392,2000.0,0.15
23,Zprime_3500GeV_075,0.785261120005,3500.0,0.75
24,Zprime_3500GeV_045,0.849385910429,3500.0,0.45
25,Zprime_2500GeV_030,0.877543310861,2500.0,0.3
26,Zprime_2000GeV_060,0.839037137435,2000.0,0.6
27,Zprime_4000GeV_060,0.817276946748,4000.0,0.6
28,Zprime_2500GeV_075,0.797386254962,2500.0,0.75
29,Zprime_4000GeV_045,0.847512668982,4000.0,0.45
