,name,auc,mass,nu
0,Zprime_1500GeV_075,0.710486057684,1500.0,0.75
1,Zprime_1500GeV_015,0.808586021688,1500.0,0.15
2,Zprime_3000GeV_060,0.744660636962,3000.0,0.6
3,Zprime_1500GeV_030,0.793083310333,1500.0,0.3
4,Zprime_3000GeV_045,0.778604730121,3000.0,0.45
5,Zprime_2000GeV_045,0.776006576463,2000.0,0.45
6,Zprime_2500GeV_015,0.820000258203,2500.0,0.15
7,Zprime_3500GeV_060,0.748103462064,3500.0,0.6
8,Zprime_2500GeV_045,0.776431031396,2500.0,0.45
9,Zprime_2000GeV_075,0.716509779551,2000.0,0.75
10,Zprime_2500GeV_060,0.745542462051,2500.0,0.6
11,Zprime_4000GeV_075,0.708188799027,4000.0,0.75
12,Zprime_4000GeV_030,0.819483500838,4000.0,0.3
13,Zprime_4000GeV_015,0.840778395755,4000.0,0.15
14,Zprime_3000GeV_030,0.803833534194,3000.0,0.3
15,Zprime_1500GeV_045,0.766243198707,1500.0,0.45
16,Zprime_3000GeV_075,0.708273225817,3000.0,0.75
17,Zprime_1500GeV_060,0.747977938387,1500.0,0.6
18,Zprime_3000GeV_015,0.828430928662,3000.0,0.15
19,Zprime_3500GeV_015,0.832467196133,3500.0,0.15
20,Zprime_3500GeV_030,0.812515008744,3500.0,0.3
21,Zprime_2000GeV_030,0.802127464026,2000.0,0.3
22,Zprime_2000GeV_015,0.817898341311,2000.0,0.15
23,Zprime_3500GeV_075,0.707729245412,3500.0,0.75
24,Zprime_3500GeV_045,0.780922649933,3500.0,0.45
25,Zprime_2500GeV_030,0.801029411644,2500.0,0.3
26,Zprime_2000GeV_060,0.747117632249,2000.0,0.6
27,Zprime_4000GeV_060,0.753687296095,4000.0,0.6
28,Zprime_2500GeV_075,0.7071927551,2500.0,0.75
29,Zprime_4000GeV_045,0.786288350527,4000.0,0.45
