,name,auc,mass,nu
0,Zprime_1500GeV_075,0.788494179432,1500.0,0.75
1,Zprime_1500GeV_015,0.862045776666,1500.0,0.15
2,Zprime_3000GeV_060,0.79684586323,3000.0,0.6
3,Zprime_1500GeV_030,0.851830051967,1500.0,0.3
4,Zprime_3000GeV_045,0.827644619125,3000.0,0.45
5,Zprime_2000GeV_045,0.833044328167,2000.0,0.45
6,Zprime_2500GeV_015,0.866268054896,2500.0,0.15
7,Zprime_3500GeV_060,0.796446506122,3500.0,0.6
8,Zprime_2500GeV_045,0.828849876602,2500.0,0.45
9,Zprime_2000GeV_075,0.784272750213,2000.0,0.75
10,Zprime_2500GeV_060,0.801815617918,2500.0,0.6
11,Zprime_4000GeV_075,0.753931457087,4000.0,0.75
12,Zprime_4000GeV_030,0.855085249316,4000.0,0.3
13,Zprime_4000GeV_015,0.868512846905,4000.0,0.15
14,Zprime_3000GeV_030,0.849105234174,3000.0,0.3
15,Zprime_1500GeV_045,0.832578618642,1500.0,0.45
16,Zprime_3000GeV_075,0.765384213005,3000.0,0.75
17,Zprime_1500GeV_060,0.816891205953,1500.0,0.6
18,Zprime_3000GeV_015,0.866954094201,3000.0,0.15
19,Zprime_3500GeV_015,0.866505760916,3500.0,0.15
20,Zprime_3500GeV_030,0.852072172045,3500.0,0.3
21,Zprime_2000GeV_030,0.854831618431,2000.0,0.3
22,Zprime_2000GeV_015,0.866824952887,2000.0,0.15
23,Zprime_3500GeV_075,0.758384509672,3500.0,0.75
24,Zprime_3500GeV_045,0.825571518794,3500.0,0.45
25,Zprime_2500GeV_030,0.849833854919,2500.0,0.3
26,Zprime_2000GeV_060,0.809846563808,2000.0,0.6
27,Zprime_4000GeV_060,0.796602539338,4000.0,0.6
28,Zprime_2500GeV_075,0.771667834727,2500.0,0.75
29,Zprime_4000GeV_045,0.826660538451,4000.0,0.45
