,name,auc,mass,nu
0,Zprime_1500GeV_075,0.806205895376,1500.0,0.75
1,Zprime_1500GeV_015,0.876455612346,1500.0,0.15
2,Zprime_3000GeV_060,0.810287967318,3000.0,0.6
3,Zprime_1500GeV_030,0.86594593549,1500.0,0.3
4,Zprime_3000GeV_045,0.840042204815,3000.0,0.45
5,Zprime_2000GeV_045,0.848191141359,2000.0,0.45
6,Zprime_2500GeV_015,0.876894106833,2500.0,0.15
7,Zprime_3500GeV_060,0.809351587285,3500.0,0.6
8,Zprime_2500GeV_045,0.842007491215,2500.0,0.45
9,Zprime_2000GeV_075,0.802488406102,2000.0,0.75
10,Zprime_2500GeV_060,0.816935441184,2500.0,0.6
11,Zprime_4000GeV_075,0.770415110284,4000.0,0.75
12,Zprime_4000GeV_030,0.867664836375,4000.0,0.3
13,Zprime_4000GeV_015,0.882791044511,4000.0,0.15
14,Zprime_3000GeV_030,0.861124089008,3000.0,0.3
15,Zprime_1500GeV_045,0.84991390902,1500.0,0.45
16,Zprime_3000GeV_075,0.781611439265,3000.0,0.75
17,Zprime_1500GeV_060,0.833399659271,1500.0,0.6
18,Zprime_3000GeV_015,0.877979829164,3000.0,0.15
19,Zprime_3500GeV_015,0.87908811072,3500.0,0.15
20,Zprime_3500GeV_030,0.863634377026,3500.0,0.3
21,Zprime_2000GeV_030,0.866949569803,2000.0,0.3
22,Zprime_2000GeV_015,0.878985463487,2000.0,0.15
23,Zprime_3500GeV_075,0.775538426704,3500.0,0.75
24,Zprime_3500GeV_045,0.840423185371,3500.0,0.45
25,Zprime_2500GeV_030,0.861410189442,2500.0,0.3
26,Zprime_2000GeV_060,0.826085749717,2000.0,0.6
27,Zprime_4000GeV_060,0.810602783206,4000.0,0.6
28,Zprime_2500GeV_075,0.789620930674,2500.0,0.75
29,Zprime_4000GeV_045,0.841253335557,4000.0,0.45
