,name,auc,mass,nu
0,Zprime_1500GeV_075,0.796230647633,1500.0,0.75
1,Zprime_1500GeV_015,0.870444306876,1500.0,0.15
2,Zprime_3000GeV_060,0.806008659122,3000.0,0.6
3,Zprime_1500GeV_030,0.859199509291,1500.0,0.3
4,Zprime_3000GeV_045,0.83534723816,3000.0,0.45
5,Zprime_2000GeV_045,0.843811907461,2000.0,0.45
6,Zprime_2500GeV_015,0.87298016149,2500.0,0.15
7,Zprime_3500GeV_060,0.805266955679,3500.0,0.6
8,Zprime_2500GeV_045,0.83757673839,2500.0,0.45
9,Zprime_2000GeV_075,0.796253484119,2000.0,0.75
10,Zprime_2500GeV_060,0.812602990623,2500.0,0.6
11,Zprime_4000GeV_075,0.765026276077,4000.0,0.75
12,Zprime_4000GeV_030,0.865105225761,4000.0,0.3
13,Zprime_4000GeV_015,0.880227151035,4000.0,0.15
14,Zprime_3000GeV_030,0.857254747387,3000.0,0.3
15,Zprime_1500GeV_045,0.843000049435,1500.0,0.45
16,Zprime_3000GeV_075,0.775484913858,3000.0,0.75
17,Zprime_1500GeV_060,0.823219343723,1500.0,0.6
18,Zprime_3000GeV_015,0.875223360323,3000.0,0.15
19,Zprime_3500GeV_015,0.877252784204,3500.0,0.15
20,Zprime_3500GeV_030,0.861098736182,3500.0,0.3
21,Zprime_2000GeV_030,0.862846596434,2000.0,0.3
22,Zprime_2000GeV_015,0.87646351639,2000.0,0.15
23,Zprime_3500GeV_075,0.769664468527,3500.0,0.75
24,Zprime_3500GeV_045,0.836975179193,3500.0,0.45
25,Zprime_2500GeV_030,0.857658156211,2500.0,0.3
26,Zprime_2000GeV_060,0.819964322464,2000.0,0.6
27,Zprime_4000GeV_060,0.807281858675,4000.0,0.6
28,Zprime_2500GeV_075,0.781032624568,2500.0,0.75
29,Zprime_4000GeV_045,0.838728350894,4000.0,0.45
