,name,auc,mass,nu
0,Zprime_1500GeV_075,0.79346199579,1500.0,0.75
1,Zprime_1500GeV_015,0.870538059601,1500.0,0.15
2,Zprime_3000GeV_060,0.801148276241,3000.0,0.6
3,Zprime_1500GeV_030,0.857553560909,1500.0,0.3
4,Zprime_3000GeV_045,0.83090213817,3000.0,0.45
5,Zprime_2000GeV_045,0.839930165437,2000.0,0.45
6,Zprime_2500GeV_015,0.871895641236,2500.0,0.15
7,Zprime_3500GeV_060,0.798472426761,3500.0,0.6
8,Zprime_2500GeV_045,0.833894864259,2500.0,0.45
9,Zprime_2000GeV_075,0.791344545464,2000.0,0.75
10,Zprime_2500GeV_060,0.807077821796,2500.0,0.6
11,Zprime_4000GeV_075,0.757943630012,4000.0,0.75
12,Zprime_4000GeV_030,0.851535487586,4000.0,0.3
13,Zprime_4000GeV_015,0.865314158981,4000.0,0.15
14,Zprime_3000GeV_030,0.85158352583,3000.0,0.3
15,Zprime_1500GeV_045,0.839082636594,1500.0,0.45
16,Zprime_3000GeV_075,0.770834231247,3000.0,0.75
17,Zprime_1500GeV_060,0.823150404724,1500.0,0.6
18,Zprime_3000GeV_015,0.869242717914,3000.0,0.15
19,Zprime_3500GeV_015,0.865658929606,3500.0,0.15
20,Zprime_3500GeV_030,0.851641884619,3500.0,0.3
21,Zprime_2000GeV_030,0.861637223272,2000.0,0.3
22,Zprime_2000GeV_015,0.875047628451,2000.0,0.15
23,Zprime_3500GeV_075,0.762647157637,3500.0,0.75
24,Zprime_3500GeV_045,0.826258095915,3500.0,0.45
25,Zprime_2500GeV_030,0.85520355161,2500.0,0.3
26,Zprime_2000GeV_060,0.815480513051,2000.0,0.6
27,Zprime_4000GeV_060,0.797804079793,4000.0,0.6
28,Zprime_2500GeV_075,0.776484705019,2500.0,0.75
29,Zprime_4000GeV_045,0.826055587133,4000.0,0.45
