,name,auc,mass,nu
0,Zprime_1500GeV_075,0.766540656387,1500.0,0.75
1,Zprime_1500GeV_015,0.851933360023,1500.0,0.15
2,Zprime_3000GeV_060,0.811777735864,3000.0,0.6
3,Zprime_1500GeV_030,0.837622210973,1500.0,0.3
4,Zprime_3000GeV_045,0.841894056031,3000.0,0.45
5,Zprime_2000GeV_045,0.83729535885,2000.0,0.45
6,Zprime_2500GeV_015,0.876174716887,2500.0,0.15
7,Zprime_3500GeV_060,0.81318243637,3500.0,0.6
8,Zprime_2500GeV_045,0.838224795296,2500.0,0.45
9,Zprime_2000GeV_075,0.77427277653,2000.0,0.75
10,Zprime_2500GeV_060,0.806882826101,2500.0,0.6
11,Zprime_4000GeV_075,0.771737051538,4000.0,0.75
12,Zprime_4000GeV_030,0.877664874584,4000.0,0.3
13,Zprime_4000GeV_015,0.892033841425,4000.0,0.15
14,Zprime_3000GeV_030,0.864139716073,3000.0,0.3
15,Zprime_1500GeV_045,0.811646044175,1500.0,0.45
16,Zprime_3000GeV_075,0.773128482796,3000.0,0.75
17,Zprime_1500GeV_060,0.792744828409,1500.0,0.6
18,Zprime_3000GeV_015,0.883225754371,3000.0,0.15
19,Zprime_3500GeV_015,0.887808565705,3500.0,0.15
20,Zprime_3500GeV_030,0.872155643107,3500.0,0.3
21,Zprime_2000GeV_030,0.857716850911,2000.0,0.3
22,Zprime_2000GeV_015,0.873423875292,2000.0,0.15
23,Zprime_3500GeV_075,0.774996811261,3500.0,0.75
24,Zprime_3500GeV_045,0.847245998642,3500.0,0.45
25,Zprime_2500GeV_030,0.859006432676,2500.0,0.3
26,Zprime_2000GeV_060,0.807045683566,2000.0,0.6
27,Zprime_4000GeV_060,0.817598684744,4000.0,0.6
28,Zprime_2500GeV_075,0.769553481655,2500.0,0.75
29,Zprime_4000GeV_045,0.849779629891,4000.0,0.45
