,name,auc,mass,nu
0,Zprime_1500GeV_075,0.789829408909,1500.0,0.75
1,Zprime_1500GeV_015,0.865153495519,1500.0,0.15
2,Zprime_3000GeV_060,0.799005614091,3000.0,0.6
3,Zprime_1500GeV_030,0.85520159118,1500.0,0.3
4,Zprime_3000GeV_045,0.83014410019,3000.0,0.45
5,Zprime_2000GeV_045,0.835372320269,2000.0,0.45
6,Zprime_2500GeV_015,0.870572045553,2500.0,0.15
7,Zprime_3500GeV_060,0.798117553929,3500.0,0.6
8,Zprime_2500GeV_045,0.831339227652,2500.0,0.45
9,Zprime_2000GeV_075,0.786960351269,2000.0,0.75
10,Zprime_2500GeV_060,0.803178439774,2500.0,0.6
11,Zprime_4000GeV_075,0.755857875475,4000.0,0.75
12,Zprime_4000GeV_030,0.857568865229,4000.0,0.3
13,Zprime_4000GeV_015,0.872339498101,4000.0,0.15
14,Zprime_3000GeV_030,0.852313069307,3000.0,0.3
15,Zprime_1500GeV_045,0.8347198148,1500.0,0.45
16,Zprime_3000GeV_075,0.767130376102,3000.0,0.75
17,Zprime_1500GeV_060,0.818505880934,1500.0,0.6
18,Zprime_3000GeV_015,0.872334982089,3000.0,0.15
19,Zprime_3500GeV_015,0.871227159474,3500.0,0.15
20,Zprime_3500GeV_030,0.854955730079,3500.0,0.3
21,Zprime_2000GeV_030,0.856738643476,2000.0,0.3
22,Zprime_2000GeV_015,0.86998078406,2000.0,0.15
23,Zprime_3500GeV_075,0.760475736541,3500.0,0.75
24,Zprime_3500GeV_045,0.828135562502,3500.0,0.45
25,Zprime_2500GeV_030,0.853032492407,2500.0,0.3
26,Zprime_2000GeV_060,0.811507556818,2000.0,0.6
27,Zprime_4000GeV_060,0.799214943511,4000.0,0.6
28,Zprime_2500GeV_075,0.773516051255,2500.0,0.75
29,Zprime_4000GeV_045,0.828880192912,4000.0,0.45
