,name,auc,mass,nu
0,Zprime_1500GeV_075,0.803127251018,1500.0,0.75
1,Zprime_1500GeV_015,0.872830646718,1500.0,0.15
2,Zprime_3000GeV_060,0.811167211044,3000.0,0.6
3,Zprime_1500GeV_030,0.862920093661,1500.0,0.3
4,Zprime_3000GeV_045,0.838761929028,3000.0,0.45
5,Zprime_2000GeV_045,0.845612892408,2000.0,0.45
6,Zprime_2500GeV_015,0.873039753409,2500.0,0.15
7,Zprime_3500GeV_060,0.809713156302,3500.0,0.6
8,Zprime_2500GeV_045,0.839795205431,2500.0,0.45
9,Zprime_2000GeV_075,0.800976355697,2000.0,0.75
10,Zprime_2500GeV_060,0.816574573627,2500.0,0.6
11,Zprime_4000GeV_075,0.772171506733,4000.0,0.75
12,Zprime_4000GeV_030,0.866286988275,4000.0,0.3
13,Zprime_4000GeV_015,0.879560056014,4000.0,0.15
14,Zprime_3000GeV_030,0.858557708998,3000.0,0.3
15,Zprime_1500GeV_045,0.845820111535,1500.0,0.45
16,Zprime_3000GeV_075,0.782468796607,3000.0,0.75
17,Zprime_1500GeV_060,0.82954174657,1500.0,0.6
18,Zprime_3000GeV_015,0.875596550347,3000.0,0.15
19,Zprime_3500GeV_015,0.877782172119,3500.0,0.15
20,Zprime_3500GeV_030,0.862306420292,3500.0,0.3
21,Zprime_2000GeV_030,0.863177303452,2000.0,0.3
22,Zprime_2000GeV_015,0.874993420122,2000.0,0.15
23,Zprime_3500GeV_075,0.776681748365,3500.0,0.75
24,Zprime_3500GeV_045,0.839052710875,3500.0,0.45
25,Zprime_2500GeV_030,0.85937335432,2500.0,0.3
26,Zprime_2000GeV_060,0.823594604547,2000.0,0.6
27,Zprime_4000GeV_060,0.810985996209,4000.0,0.6
28,Zprime_2500GeV_075,0.789216485336,2500.0,0.75
29,Zprime_4000GeV_045,0.840401500313,4000.0,0.45
