,name,auc,mass,nu
0,Zprime_1500GeV_075,0.76123106382,1500.0,0.75
1,Zprime_1500GeV_015,0.838911418625,1500.0,0.15
2,Zprime_3000GeV_060,0.77686828513,3000.0,0.6
3,Zprime_1500GeV_030,0.825271294465,1500.0,0.3
4,Zprime_3000GeV_045,0.805321972644,3000.0,0.45
5,Zprime_2000GeV_045,0.811422503466,2000.0,0.45
6,Zprime_2500GeV_015,0.842714397572,2500.0,0.15
7,Zprime_3500GeV_060,0.77444500751,3500.0,0.6
8,Zprime_2500GeV_045,0.806115518013,2500.0,0.45
9,Zprime_2000GeV_075,0.762152952169,2000.0,0.75
10,Zprime_2500GeV_060,0.780323134079,2500.0,0.6
11,Zprime_4000GeV_075,0.738152635766,4000.0,0.75
12,Zprime_4000GeV_030,0.83336842797,4000.0,0.3
13,Zprime_4000GeV_015,0.847560684222,4000.0,0.15
14,Zprime_3000GeV_030,0.826154384063,3000.0,0.3
15,Zprime_1500GeV_045,0.806053240175,1500.0,0.45
16,Zprime_3000GeV_075,0.748486992087,3000.0,0.75
17,Zprime_1500GeV_060,0.784011773904,1500.0,0.6
18,Zprime_3000GeV_015,0.845745939708,3000.0,0.15
19,Zprime_3500GeV_015,0.847480536155,3500.0,0.15
20,Zprime_3500GeV_030,0.831310350151,3500.0,0.3
21,Zprime_2000GeV_030,0.831391037356,2000.0,0.3
22,Zprime_2000GeV_015,0.845598132893,2000.0,0.15
23,Zprime_3500GeV_075,0.741317434047,3500.0,0.75
24,Zprime_3500GeV_045,0.805211466737,3500.0,0.45
25,Zprime_2500GeV_030,0.826052758186,2500.0,0.3
26,Zprime_2000GeV_060,0.786611674268,2000.0,0.6
27,Zprime_4000GeV_060,0.776248517232,4000.0,0.6
28,Zprime_2500GeV_075,0.749671675712,2500.0,0.75
29,Zprime_4000GeV_045,0.806230355352,4000.0,0.45
