,name,auc,mass,nu
0,Zprime_1500GeV_075,0.727676976772,1500.0,0.75
1,Zprime_1500GeV_015,0.815074078159,1500.0,0.15
2,Zprime_3000GeV_060,0.749325457444,3000.0,0.6
3,Zprime_1500GeV_030,0.802974517286,1500.0,0.3
4,Zprime_3000GeV_045,0.780727646919,3000.0,0.45
5,Zprime_2000GeV_045,0.781033122383,2000.0,0.45
6,Zprime_2500GeV_015,0.819996387257,2500.0,0.15
7,Zprime_3500GeV_060,0.753602232495,3500.0,0.6
8,Zprime_2500GeV_045,0.779046329654,2500.0,0.45
9,Zprime_2000GeV_075,0.730080393357,2000.0,0.75
10,Zprime_2500GeV_060,0.751134683936,2500.0,0.6
11,Zprime_4000GeV_075,0.716217079971,4000.0,0.75
12,Zprime_4000GeV_030,0.819625341661,4000.0,0.3
13,Zprime_4000GeV_015,0.838592423433,4000.0,0.15
14,Zprime_3000GeV_030,0.803619277937,3000.0,0.3
15,Zprime_1500GeV_045,0.777023023707,1500.0,0.45
16,Zprime_3000GeV_075,0.718187392493,3000.0,0.75
17,Zprime_1500GeV_060,0.760000417799,1500.0,0.6
18,Zprime_3000GeV_015,0.826099759051,3000.0,0.15
19,Zprime_3500GeV_015,0.830654227465,3500.0,0.15
20,Zprime_3500GeV_030,0.812467897888,3500.0,0.3
21,Zprime_2000GeV_030,0.803674031853,2000.0,0.3
22,Zprime_2000GeV_015,0.820054670577,2000.0,0.15
23,Zprime_3500GeV_075,0.716761685488,3500.0,0.75
24,Zprime_3500GeV_045,0.783604676492,3500.0,0.45
25,Zprime_2500GeV_030,0.800754116461,2500.0,0.3
26,Zprime_2000GeV_060,0.754699960734,2000.0,0.6
27,Zprime_4000GeV_060,0.757820315227,4000.0,0.6
28,Zprime_2500GeV_075,0.717633505749,2500.0,0.75
29,Zprime_4000GeV_045,0.78833483241,4000.0,0.45
