,name,auc,mass,nu
0,Zprime_1500GeV_075,0.76732026707,1500.0,0.75
1,Zprime_1500GeV_015,0.850261762451,1500.0,0.15
2,Zprime_3000GeV_060,0.788392150671,3000.0,0.6
3,Zprime_1500GeV_030,0.839989604369,1500.0,0.3
4,Zprime_3000GeV_045,0.818287153185,3000.0,0.45
5,Zprime_2000GeV_045,0.825219198106,2000.0,0.45
6,Zprime_2500GeV_015,0.858939954658,2500.0,0.15
7,Zprime_3500GeV_060,0.787233671753,3500.0,0.6
8,Zprime_2500GeV_045,0.82043516883,2500.0,0.45
9,Zprime_2000GeV_075,0.773629684717,2000.0,0.75
10,Zprime_2500GeV_060,0.793793006132,2500.0,0.6
11,Zprime_4000GeV_075,0.746551130581,4000.0,0.75
12,Zprime_4000GeV_030,0.843341208965,4000.0,0.3
13,Zprime_4000GeV_015,0.85917106788,4000.0,0.15
14,Zprime_3000GeV_030,0.838645669393,3000.0,0.3
15,Zprime_1500GeV_045,0.818079419095,1500.0,0.45
16,Zprime_3000GeV_075,0.756133944913,3000.0,0.75
17,Zprime_1500GeV_060,0.803057472381,1500.0,0.6
18,Zprime_3000GeV_015,0.85686177244,3000.0,0.15
19,Zprime_3500GeV_015,0.855365234449,3500.0,0.15
20,Zprime_3500GeV_030,0.841052935881,3500.0,0.3
21,Zprime_2000GeV_030,0.847084110902,2000.0,0.3
22,Zprime_2000GeV_015,0.86024471592,2000.0,0.15
23,Zprime_3500GeV_075,0.751813340577,3500.0,0.75
24,Zprime_3500GeV_045,0.815039438033,3500.0,0.45
25,Zprime_2500GeV_030,0.841601340436,2500.0,0.3
26,Zprime_2000GeV_060,0.80031378466,2000.0,0.6
27,Zprime_4000GeV_060,0.788817629708,4000.0,0.6
28,Zprime_2500GeV_075,0.761463446536,2500.0,0.75
29,Zprime_4000GeV_045,0.816573784852,4000.0,0.45
