,name,auc,mass,nu
0,Zprime_1500GeV_075,0.798021482687,1500.0,0.75
1,Zprime_1500GeV_015,0.872228985231,1500.0,0.15
2,Zprime_3000GeV_060,0.806791323285,3000.0,0.6
3,Zprime_1500GeV_030,0.863035684812,1500.0,0.3
4,Zprime_3000GeV_045,0.838600048984,3000.0,0.45
5,Zprime_2000GeV_045,0.84413065132,2000.0,0.45
6,Zprime_2500GeV_015,0.877877099671,2500.0,0.15
7,Zprime_3500GeV_060,0.805529194931,3500.0,0.6
8,Zprime_2500GeV_045,0.8391799955,2500.0,0.45
9,Zprime_2000GeV_075,0.794605035182,2000.0,0.75
10,Zprime_2500GeV_060,0.81261530151,2500.0,0.6
11,Zprime_4000GeV_075,0.764357957035,4000.0,0.75
12,Zprime_4000GeV_030,0.866977813285,4000.0,0.3
13,Zprime_4000GeV_015,0.881314876544,4000.0,0.15
14,Zprime_3000GeV_030,0.860398639529,3000.0,0.3
15,Zprime_1500GeV_045,0.845106787251,1500.0,0.45
16,Zprime_3000GeV_075,0.776574826807,3000.0,0.75
17,Zprime_1500GeV_060,0.827728137386,1500.0,0.6
18,Zprime_3000GeV_015,0.878960311712,3000.0,0.15
19,Zprime_3500GeV_015,0.879064331579,3500.0,0.15
20,Zprime_3500GeV_030,0.863028635095,3500.0,0.3
21,Zprime_2000GeV_030,0.86446658171,2000.0,0.3
22,Zprime_2000GeV_015,0.877661666434,2000.0,0.15
23,Zprime_3500GeV_075,0.769768862748,3500.0,0.75
24,Zprime_3500GeV_045,0.838132499831,3500.0,0.45
25,Zprime_2500GeV_030,0.860837718553,2500.0,0.3
26,Zprime_2000GeV_060,0.820632860902,2000.0,0.6
27,Zprime_4000GeV_060,0.807258292179,4000.0,0.6
28,Zprime_2500GeV_075,0.782241813164,2500.0,0.75
29,Zprime_4000GeV_045,0.839093057706,4000.0,0.45
