,name,auc,mass,nu
0,Zprime_1500GeV_075,0.644125985589,1500.0,0.75
1,Zprime_1500GeV_015,0.744064073956,1500.0,0.15
2,Zprime_3000GeV_060,0.722780254414,3000.0,0.6
3,Zprime_1500GeV_030,0.728184797265,1500.0,0.3
4,Zprime_3000GeV_045,0.760937853897,3000.0,0.45
5,Zprime_2000GeV_045,0.742047155918,2000.0,0.45
6,Zprime_2500GeV_015,0.803083331014,2500.0,0.15
7,Zprime_3500GeV_060,0.728669795744,3500.0,0.6
8,Zprime_2500GeV_045,0.750364715302,2500.0,0.45
9,Zprime_2000GeV_075,0.663668481224,2000.0,0.75
10,Zprime_2500GeV_060,0.713389975341,2500.0,0.6
11,Zprime_4000GeV_075,0.681604862082,4000.0,0.75
12,Zprime_4000GeV_030,0.810785819278,4000.0,0.3
13,Zprime_4000GeV_015,0.834524842897,4000.0,0.15
14,Zprime_3000GeV_030,0.790726371343,3000.0,0.3
15,Zprime_1500GeV_045,0.693190048211,1500.0,0.45
16,Zprime_3000GeV_075,0.675013407001,3000.0,0.75
17,Zprime_1500GeV_060,0.674701659752,1500.0,0.6
18,Zprime_3000GeV_015,0.815867405701,3000.0,0.15
19,Zprime_3500GeV_015,0.824630267022,3500.0,0.15
20,Zprime_3500GeV_030,0.802708272559,3500.0,0.3
21,Zprime_2000GeV_030,0.767558182766,2000.0,0.3
22,Zprime_2000GeV_015,0.791757879245,2000.0,0.15
23,Zprime_3500GeV_075,0.680823817323,3500.0,0.75
24,Zprime_3500GeV_045,0.768752199992,3500.0,0.45
25,Zprime_2500GeV_030,0.780475704224,2500.0,0.3
26,Zprime_2000GeV_060,0.705611669541,2000.0,0.6
27,Zprime_4000GeV_060,0.736866209712,4000.0,0.6
28,Zprime_2500GeV_075,0.665497635811,2500.0,0.75
29,Zprime_4000GeV_045,0.773909887571,4000.0,0.45
