,name,auc,mass,nu
0,Zprime_1500GeV_075,0.807182376385,1500.0,0.75
1,Zprime_1500GeV_015,0.876746441402,1500.0,0.15
2,Zprime_3000GeV_060,0.810459543337,3000.0,0.6
3,Zprime_1500GeV_030,0.866053383052,1500.0,0.3
4,Zprime_3000GeV_045,0.83852451717,3000.0,0.45
5,Zprime_2000GeV_045,0.849042269643,2000.0,0.45
6,Zprime_2500GeV_015,0.876420165087,2500.0,0.15
7,Zprime_3500GeV_060,0.807261208737,3500.0,0.6
8,Zprime_2500GeV_045,0.84161381771,2500.0,0.45
9,Zprime_2000GeV_075,0.804451833299,2000.0,0.75
10,Zprime_2500GeV_060,0.817204248141,2500.0,0.6
11,Zprime_4000GeV_075,0.767911451012,4000.0,0.75
12,Zprime_4000GeV_030,0.859253033675,4000.0,0.3
13,Zprime_4000GeV_015,0.87309867244,4000.0,0.15
14,Zprime_3000GeV_030,0.857996356956,3000.0,0.3
15,Zprime_1500GeV_045,0.849616222778,1500.0,0.45
16,Zprime_3000GeV_075,0.781637916631,3000.0,0.75
17,Zprime_1500GeV_060,0.832061470778,1500.0,0.6
18,Zprime_3000GeV_015,0.875628935839,3000.0,0.15
19,Zprime_3500GeV_015,0.872350879202,3500.0,0.15
20,Zprime_3500GeV_030,0.859365848058,3500.0,0.3
21,Zprime_2000GeV_030,0.867392712782,2000.0,0.3
22,Zprime_2000GeV_015,0.879366310637,2000.0,0.15
23,Zprime_3500GeV_075,0.774517080911,3500.0,0.75
24,Zprime_3500GeV_045,0.834891450098,3500.0,0.45
25,Zprime_2500GeV_030,0.861267805185,2500.0,0.3
26,Zprime_2000GeV_060,0.826422598164,2000.0,0.6
27,Zprime_4000GeV_060,0.80683488418,4000.0,0.6
28,Zprime_2500GeV_075,0.788876981493,2500.0,0.75
29,Zprime_4000GeV_045,0.835291405569,4000.0,0.45
