,name,auc,mass,nu
0,Zprime_1500GeV_075,0.696773888203,1500.0,0.75
1,Zprime_1500GeV_015,0.789419294786,1500.0,0.15
2,Zprime_3000GeV_060,0.745106589512,3000.0,0.6
3,Zprime_1500GeV_030,0.777395594395,1500.0,0.3
4,Zprime_3000GeV_045,0.783053631403,3000.0,0.45
5,Zprime_2000GeV_045,0.771209725883,2000.0,0.45
6,Zprime_2500GeV_015,0.82484363907,2500.0,0.15
7,Zprime_3500GeV_060,0.748084560173,3500.0,0.6
8,Zprime_2500GeV_045,0.772965864683,2500.0,0.45
9,Zprime_2000GeV_075,0.706688607993,2000.0,0.75
10,Zprime_2500GeV_060,0.738192587315,2500.0,0.6
11,Zprime_4000GeV_075,0.702497457631,4000.0,0.75
12,Zprime_4000GeV_030,0.835708548978,4000.0,0.3
13,Zprime_4000GeV_015,0.860409925017,4000.0,0.15
14,Zprime_3000GeV_030,0.81205359918,3000.0,0.3
15,Zprime_1500GeV_045,0.744178026297,1500.0,0.45
16,Zprime_3000GeV_075,0.700577443356,3000.0,0.75
17,Zprime_1500GeV_060,0.726414063913,1500.0,0.6
18,Zprime_3000GeV_015,0.838652960225,3000.0,0.15
19,Zprime_3500GeV_015,0.851101161982,3500.0,0.15
20,Zprime_3500GeV_030,0.827016531325,3500.0,0.3
21,Zprime_2000GeV_030,0.793606873285,2000.0,0.3
22,Zprime_2000GeV_015,0.815120591021,2000.0,0.15
23,Zprime_3500GeV_075,0.703829730443,3500.0,0.75
24,Zprime_3500GeV_045,0.792692303748,3500.0,0.45
25,Zprime_2500GeV_030,0.80115493936,2500.0,0.3
26,Zprime_2000GeV_060,0.74078512638,2000.0,0.6
27,Zprime_4000GeV_060,0.75921756651,4000.0,0.6
28,Zprime_2500GeV_075,0.696613128117,2500.0,0.75
29,Zprime_4000GeV_045,0.800486146663,4000.0,0.45
