,name,auc,mass,nu
0,Zprime_1500GeV_075,0.720672803849,1500.0,0.75
1,Zprime_1500GeV_015,0.813793722396,1500.0,0.15
2,Zprime_3000GeV_060,0.742926594352,3000.0,0.6
3,Zprime_1500GeV_030,0.800852587366,1500.0,0.3
4,Zprime_3000GeV_045,0.77288379268,3000.0,0.45
5,Zprime_2000GeV_045,0.77853499707,2000.0,0.45
6,Zprime_2500GeV_015,0.816501880681,2500.0,0.15
7,Zprime_3500GeV_060,0.745892631377,3500.0,0.6
8,Zprime_2500GeV_045,0.774383000558,2500.0,0.45
9,Zprime_2000GeV_075,0.724910532682,2000.0,0.75
10,Zprime_2500GeV_060,0.746163762238,2500.0,0.6
11,Zprime_4000GeV_075,0.7095151648,4000.0,0.75
12,Zprime_4000GeV_030,0.809106151606,4000.0,0.3
13,Zprime_4000GeV_015,0.828717720741,4000.0,0.15
14,Zprime_3000GeV_030,0.795703521951,3000.0,0.3
15,Zprime_1500GeV_045,0.771989544694,1500.0,0.45
16,Zprime_3000GeV_075,0.711353563413,3000.0,0.75
17,Zprime_1500GeV_060,0.754001285756,1500.0,0.6
18,Zprime_3000GeV_015,0.817353499238,3000.0,0.15
19,Zprime_3500GeV_015,0.819732004655,3500.0,0.15
20,Zprime_3500GeV_030,0.80182583259,3500.0,0.3
21,Zprime_2000GeV_030,0.802237285715,2000.0,0.3
22,Zprime_2000GeV_015,0.819235135937,2000.0,0.15
23,Zprime_3500GeV_075,0.709439469304,3500.0,0.75
24,Zprime_3500GeV_045,0.774665231234,3500.0,0.45
25,Zprime_2500GeV_030,0.797252707688,2500.0,0.3
26,Zprime_2000GeV_060,0.750691184725,2000.0,0.6
27,Zprime_4000GeV_060,0.749754679447,4000.0,0.6
28,Zprime_2500GeV_075,0.710425580842,2500.0,0.75
29,Zprime_4000GeV_045,0.778354834481,4000.0,0.45
