,name,auc,mass,nu
0,Zprime_1500GeV_075,0.754246168028,1500.0,0.75
1,Zprime_1500GeV_015,0.848415793194,1500.0,0.15
2,Zprime_3000GeV_060,0.785607819938,3000.0,0.6
3,Zprime_1500GeV_030,0.83198618252,1500.0,0.3
4,Zprime_3000GeV_045,0.817180170851,3000.0,0.45
5,Zprime_2000GeV_045,0.827365273995,2000.0,0.45
6,Zprime_2500GeV_015,0.861067384368,2500.0,0.15
7,Zprime_3500GeV_060,0.781352939439,3500.0,0.6
8,Zprime_2500GeV_045,0.821444836147,2500.0,0.45
9,Zprime_2000GeV_075,0.762549253404,2000.0,0.75
10,Zprime_2500GeV_060,0.791490403978,2500.0,0.6
11,Zprime_4000GeV_075,0.736150494242,4000.0,0.75
12,Zprime_4000GeV_030,0.843066281987,4000.0,0.3
13,Zprime_4000GeV_015,0.859256455852,4000.0,0.15
14,Zprime_3000GeV_030,0.839230653906,3000.0,0.3
15,Zprime_1500GeV_045,0.810025621733,1500.0,0.45
16,Zprime_3000GeV_075,0.74933597932,3000.0,0.75
17,Zprime_1500GeV_060,0.78751770848,1500.0,0.6
18,Zprime_3000GeV_015,0.858401166157,3000.0,0.15
19,Zprime_3500GeV_015,0.857558171922,3500.0,0.15
20,Zprime_3500GeV_030,0.841874841778,3500.0,0.3
21,Zprime_2000GeV_030,0.850082702228,2000.0,0.3
22,Zprime_2000GeV_015,0.865594450536,2000.0,0.15
23,Zprime_3500GeV_075,0.74216212498,3500.0,0.75
24,Zprime_3500GeV_045,0.814906994549,3500.0,0.45
25,Zprime_2500GeV_030,0.844248710748,2500.0,0.3
26,Zprime_2000GeV_060,0.796306418182,2000.0,0.6
27,Zprime_4000GeV_060,0.781779882018,4000.0,0.6
28,Zprime_2500GeV_075,0.750692410391,2500.0,0.75
29,Zprime_4000GeV_045,0.814628411576,4000.0,0.45
