,name,auc,mass,nu
0,Zprime_1500GeV_075,0.776627179802,1500.0,0.75
1,Zprime_1500GeV_015,0.85754101181,1500.0,0.15
2,Zprime_3000GeV_060,0.812951435814,3000.0,0.6
3,Zprime_1500GeV_030,0.842212432437,1500.0,0.3
4,Zprime_3000GeV_045,0.840874518638,3000.0,0.45
5,Zprime_2000GeV_045,0.843649127552,2000.0,0.45
6,Zprime_2500GeV_015,0.876616878571,2500.0,0.15
7,Zprime_3500GeV_060,0.811556146985,3500.0,0.6
8,Zprime_2500GeV_045,0.83974520391,2500.0,0.45
9,Zprime_2000GeV_075,0.784957022439,2000.0,0.75
10,Zprime_2500GeV_060,0.811610689228,2500.0,0.6
11,Zprime_4000GeV_075,0.773072474497,4000.0,0.75
12,Zprime_4000GeV_030,0.872730393954,4000.0,0.3
13,Zprime_4000GeV_015,0.886107939373,4000.0,0.15
14,Zprime_3000GeV_030,0.861369066971,3000.0,0.3
15,Zprime_1500GeV_045,0.818521718337,1500.0,0.45
16,Zprime_3000GeV_075,0.77868339449,3000.0,0.75
17,Zprime_1500GeV_060,0.801470577974,1500.0,0.6
18,Zprime_3000GeV_015,0.880821983677,3000.0,0.15
19,Zprime_3500GeV_015,0.883008526114,3500.0,0.15
20,Zprime_3500GeV_030,0.867564899044,3500.0,0.3
21,Zprime_2000GeV_030,0.861933502191,2000.0,0.3
22,Zprime_2000GeV_015,0.876666865582,2000.0,0.15
23,Zprime_3500GeV_075,0.778073131616,3500.0,0.75
24,Zprime_3500GeV_045,0.843148939798,3500.0,0.45
25,Zprime_2500GeV_030,0.859693480902,2500.0,0.3
26,Zprime_2000GeV_060,0.814826600507,2000.0,0.6
27,Zprime_4000GeV_060,0.81451727554,4000.0,0.6
28,Zprime_2500GeV_075,0.778988649968,2500.0,0.75
29,Zprime_4000GeV_045,0.845841846159,4000.0,0.45
