,name,auc,mass,nu
0,Zprime_1500GeV_075,0.712135679891,1500.0,0.75
1,Zprime_1500GeV_015,0.804409507802,1500.0,0.15
2,Zprime_3000GeV_060,0.737168769456,3000.0,0.6
3,Zprime_1500GeV_030,0.790370777515,1500.0,0.3
4,Zprime_3000GeV_045,0.770474592741,3000.0,0.45
5,Zprime_2000GeV_045,0.768548664658,2000.0,0.45
6,Zprime_2500GeV_015,0.813453942413,2500.0,0.15
7,Zprime_3500GeV_060,0.741469383149,3500.0,0.6
8,Zprime_2500GeV_045,0.769241481335,2500.0,0.45
9,Zprime_2000GeV_075,0.71497636982,2000.0,0.75
10,Zprime_2500GeV_060,0.739526153826,2500.0,0.6
11,Zprime_4000GeV_075,0.702837495885,4000.0,0.75
12,Zprime_4000GeV_030,0.809874963431,4000.0,0.3
13,Zprime_4000GeV_015,0.829990975893,4000.0,0.15
14,Zprime_3000GeV_030,0.79558407534,3000.0,0.3
15,Zprime_1500GeV_045,0.760444879387,1500.0,0.45
16,Zprime_3000GeV_075,0.704360455883,3000.0,0.75
17,Zprime_1500GeV_060,0.740792222591,1500.0,0.6
18,Zprime_3000GeV_015,0.818960660742,3000.0,0.15
19,Zprime_3500GeV_015,0.822433741932,3500.0,0.15
20,Zprime_3500GeV_030,0.802680148054,3500.0,0.3
21,Zprime_2000GeV_030,0.792585113533,2000.0,0.3
22,Zprime_2000GeV_015,0.810416479413,2000.0,0.15
23,Zprime_3500GeV_075,0.703636571857,3500.0,0.75
24,Zprime_3500GeV_045,0.772474432256,3500.0,0.45
25,Zprime_2500GeV_030,0.793145525685,2500.0,0.3
26,Zprime_2000GeV_060,0.740852293482,2000.0,0.6
27,Zprime_4000GeV_060,0.746505711096,4000.0,0.6
28,Zprime_2500GeV_075,0.702285978216,2500.0,0.75
29,Zprime_4000GeV_045,0.777868677229,4000.0,0.45
