,name,auc,mass,nu
0,Zprime_1500GeV_075,0.797416885311,1500.0,0.75
1,Zprime_1500GeV_015,0.87192788669,1500.0,0.15
2,Zprime_3000GeV_060,0.806446694655,3000.0,0.6
3,Zprime_1500GeV_030,0.861547573285,1500.0,0.3
4,Zprime_3000GeV_045,0.835638764527,3000.0,0.45
5,Zprime_2000GeV_045,0.844014884007,2000.0,0.45
6,Zprime_2500GeV_015,0.874665833519,2500.0,0.15
7,Zprime_3500GeV_060,0.804451430012,3500.0,0.6
8,Zprime_2500GeV_045,0.837841592213,2500.0,0.45
9,Zprime_2000GeV_075,0.795142349676,2000.0,0.75
10,Zprime_2500GeV_060,0.812078486891,2500.0,0.6
11,Zprime_4000GeV_075,0.765618748221,4000.0,0.75
12,Zprime_4000GeV_030,0.859348110135,4000.0,0.3
13,Zprime_4000GeV_015,0.874171521473,4000.0,0.15
14,Zprime_3000GeV_030,0.855387765895,3000.0,0.3
15,Zprime_1500GeV_045,0.841931657879,1500.0,0.45
16,Zprime_3000GeV_075,0.775796757663,3000.0,0.75
17,Zprime_1500GeV_060,0.828256153637,1500.0,0.6
18,Zprime_3000GeV_015,0.872425170229,3000.0,0.15
19,Zprime_3500GeV_015,0.871606999904,3500.0,0.15
20,Zprime_3500GeV_030,0.857848635833,3500.0,0.3
21,Zprime_2000GeV_030,0.8650581652,2000.0,0.3
22,Zprime_2000GeV_015,0.876494968688,2000.0,0.15
23,Zprime_3500GeV_075,0.770386280887,3500.0,0.75
24,Zprime_3500GeV_045,0.832842923675,3500.0,0.45
25,Zprime_2500GeV_030,0.85833469515,2500.0,0.3
26,Zprime_2000GeV_060,0.820605967264,2000.0,0.6
27,Zprime_4000GeV_060,0.80550801123,4000.0,0.6
28,Zprime_2500GeV_075,0.78186957999,2500.0,0.75
29,Zprime_4000GeV_045,0.834668880735,4000.0,0.45
