,name,auc,mass,nu
0,Zprime_1500GeV_075,0.803035108424,1500.0,0.75
1,Zprime_1500GeV_015,0.864682473075,1500.0,0.15
2,Zprime_3000GeV_060,0.80979243373,3000.0,0.6
3,Zprime_1500GeV_030,0.857059737868,1500.0,0.3
4,Zprime_3000GeV_045,0.838851822969,3000.0,0.45
5,Zprime_2000GeV_045,0.843163187565,2000.0,0.45
6,Zprime_2500GeV_015,0.874938999308,2500.0,0.15
7,Zprime_3500GeV_060,0.808802925254,3500.0,0.6
8,Zprime_2500GeV_045,0.839220961251,2500.0,0.45
9,Zprime_2000GeV_075,0.797425471794,2000.0,0.75
10,Zprime_2500GeV_060,0.816062658418,2500.0,0.6
11,Zprime_4000GeV_075,0.770056032251,4000.0,0.75
12,Zprime_4000GeV_030,0.865064498511,4000.0,0.3
13,Zprime_4000GeV_015,0.879708517243,4000.0,0.15
14,Zprime_3000GeV_030,0.858447711321,3000.0,0.3
15,Zprime_1500GeV_045,0.842393084131,1500.0,0.45
16,Zprime_3000GeV_075,0.780571171378,3000.0,0.75
17,Zprime_1500GeV_060,0.829508078434,1500.0,0.6
18,Zprime_3000GeV_015,0.874995685539,3000.0,0.15
19,Zprime_3500GeV_015,0.877576469825,3500.0,0.15
20,Zprime_3500GeV_030,0.861924878884,3500.0,0.3
21,Zprime_2000GeV_030,0.861797575529,2000.0,0.3
22,Zprime_2000GeV_015,0.873777450382,2000.0,0.15
23,Zprime_3500GeV_075,0.774850728551,3500.0,0.75
24,Zprime_3500GeV_045,0.837112250241,3500.0,0.45
25,Zprime_2500GeV_030,0.859296962684,2500.0,0.3
26,Zprime_2000GeV_060,0.822662912555,2000.0,0.6
27,Zprime_4000GeV_060,0.808877081089,4000.0,0.6
28,Zprime_2500GeV_075,0.787732217224,2500.0,0.75
29,Zprime_4000GeV_045,0.839084099252,4000.0,0.45
