,name,auc,mass,nu
0,Zprime_1500GeV_075,0.734210313611,1500.0,0.75
1,Zprime_1500GeV_015,0.821378355071,1500.0,0.15
2,Zprime_3000GeV_060,0.758970309827,3000.0,0.6
3,Zprime_1500GeV_030,0.805274543398,1500.0,0.3
4,Zprime_3000GeV_045,0.784634933921,3000.0,0.45
5,Zprime_2000GeV_045,0.804297421966,2000.0,0.45
6,Zprime_2500GeV_015,0.828611377273,2500.0,0.15
7,Zprime_3500GeV_060,0.751688285032,3500.0,0.6
8,Zprime_2500GeV_045,0.792442678554,2500.0,0.45
9,Zprime_2000GeV_075,0.747354093648,2000.0,0.75
10,Zprime_2500GeV_060,0.766576118735,2500.0,0.6
11,Zprime_4000GeV_075,0.715144754192,4000.0,0.75
12,Zprime_4000GeV_030,0.80410799548,4000.0,0.3
13,Zprime_4000GeV_015,0.821554428054,4000.0,0.15
14,Zprime_3000GeV_030,0.804339232601,3000.0,0.3
15,Zprime_1500GeV_045,0.783661216547,1500.0,0.45
16,Zprime_3000GeV_075,0.7307363536,3000.0,0.75
17,Zprime_1500GeV_060,0.765288899214,1500.0,0.6
18,Zprime_3000GeV_015,0.821736183574,3000.0,0.15
19,Zprime_3500GeV_015,0.818998186733,3500.0,0.15
20,Zprime_3500GeV_030,0.802750308348,3500.0,0.3
21,Zprime_2000GeV_030,0.823459662853,2000.0,0.3
22,Zprime_2000GeV_015,0.837998408823,2000.0,0.15
23,Zprime_3500GeV_075,0.721201571632,3500.0,0.75
24,Zprime_3500GeV_045,0.779751756578,3500.0,0.45
25,Zprime_2500GeV_030,0.813175672691,2500.0,0.3
26,Zprime_2000GeV_060,0.775617704478,2000.0,0.6
27,Zprime_4000GeV_060,0.750381593265,4000.0,0.6
28,Zprime_2500GeV_075,0.733585975157,2500.0,0.75
29,Zprime_4000GeV_045,0.777897069871,4000.0,0.45
