,name,auc,mass,nu
0,Zprime_1500GeV_075,0.689743824731,1500.0,0.75
1,Zprime_1500GeV_015,0.787428504815,1500.0,0.15
2,Zprime_3000GeV_060,0.727659757386,3000.0,0.6
3,Zprime_1500GeV_030,0.77445752532,1500.0,0.3
4,Zprime_3000GeV_045,0.76669263484,3000.0,0.45
5,Zprime_2000GeV_045,0.762642646154,2000.0,0.45
6,Zprime_2500GeV_015,0.814185534743,2500.0,0.15
7,Zprime_3500GeV_060,0.728553820698,3500.0,0.6
8,Zprime_2500GeV_045,0.764189560233,2500.0,0.45
9,Zprime_2000GeV_075,0.697988309989,2000.0,0.75
10,Zprime_2500GeV_060,0.728180642729,2500.0,0.6
11,Zprime_4000GeV_075,0.683412676343,4000.0,0.75
12,Zprime_4000GeV_030,0.813506323989,4000.0,0.3
13,Zprime_4000GeV_015,0.84065051331,4000.0,0.15
14,Zprime_3000GeV_030,0.796454196294,3000.0,0.3
15,Zprime_1500GeV_045,0.74361340794,1500.0,0.45
16,Zprime_3000GeV_075,0.687812821663,3000.0,0.75
17,Zprime_1500GeV_060,0.724857959278,1500.0,0.6
18,Zprime_3000GeV_015,0.82476034268,3000.0,0.15
19,Zprime_3500GeV_015,0.832347901548,3500.0,0.15
20,Zprime_3500GeV_030,0.806669166396,3500.0,0.3
21,Zprime_2000GeV_030,0.787051792472,2000.0,0.3
22,Zprime_2000GeV_015,0.806540621553,2000.0,0.15
23,Zprime_3500GeV_075,0.684316428156,3500.0,0.75
24,Zprime_3500GeV_045,0.770893427655,3500.0,0.45
25,Zprime_2500GeV_030,0.790837716247,2500.0,0.3
26,Zprime_2000GeV_060,0.73066181803,2000.0,0.6
27,Zprime_4000GeV_060,0.734214598444,4000.0,0.6
28,Zprime_2500GeV_075,0.687660567996,2500.0,0.75
29,Zprime_4000GeV_045,0.77659468882,4000.0,0.45
