,name,auc,mass,nu
0,Zprime_1500GeV_075,0.740997042584,1500.0,0.75
1,Zprime_1500GeV_015,0.834526953466,1500.0,0.15
2,Zprime_3000GeV_060,0.762787675365,3000.0,0.6
3,Zprime_1500GeV_030,0.819072667498,1500.0,0.3
4,Zprime_3000GeV_045,0.797417049805,3000.0,0.45
5,Zprime_2000GeV_045,0.797559833264,2000.0,0.45
6,Zprime_2500GeV_015,0.839933140099,2500.0,0.15
7,Zprime_3500GeV_060,0.766466020744,3500.0,0.6
8,Zprime_2500GeV_045,0.794655111183,2500.0,0.45
9,Zprime_2000GeV_075,0.740207739983,2000.0,0.75
10,Zprime_2500GeV_060,0.76348079477,2500.0,0.6
11,Zprime_4000GeV_075,0.721966454862,4000.0,0.75
12,Zprime_4000GeV_030,0.835684751852,4000.0,0.3
13,Zprime_4000GeV_015,0.853924310045,4000.0,0.15
14,Zprime_3000GeV_030,0.822660655317,3000.0,0.3
15,Zprime_1500GeV_045,0.791300873559,1500.0,0.45
16,Zprime_3000GeV_075,0.725233123352,3000.0,0.75
17,Zprime_1500GeV_060,0.77469419345,1500.0,0.6
18,Zprime_3000GeV_015,0.845352140002,3000.0,0.15
19,Zprime_3500GeV_015,0.848790951828,3500.0,0.15
20,Zprime_3500GeV_030,0.829289137245,3500.0,0.3
21,Zprime_2000GeV_030,0.821512830212,2000.0,0.3
22,Zprime_2000GeV_015,0.837447770888,2000.0,0.15
23,Zprime_3500GeV_075,0.724824393563,3500.0,0.75
24,Zprime_3500GeV_045,0.798959241548,3500.0,0.45
25,Zprime_2500GeV_030,0.819981608018,2500.0,0.3
26,Zprime_2000GeV_060,0.769226515489,2000.0,0.6
27,Zprime_4000GeV_060,0.770974704818,4000.0,0.6
28,Zprime_2500GeV_075,0.725272422819,2500.0,0.75
29,Zprime_4000GeV_045,0.802637794324,4000.0,0.45
