,name,auc,mass,nu
0,Zprime_1500GeV_075,0.772802397824,1500.0,0.75
1,Zprime_1500GeV_015,0.851400138491,1500.0,0.15
2,Zprime_3000GeV_060,0.786008928493,3000.0,0.6
3,Zprime_1500GeV_030,0.841147694591,1500.0,0.3
4,Zprime_3000GeV_045,0.815729563681,3000.0,0.45
5,Zprime_2000GeV_045,0.82380520521,2000.0,0.45
6,Zprime_2500GeV_015,0.858163278602,2500.0,0.15
7,Zprime_3500GeV_060,0.784085151349,3500.0,0.6
8,Zprime_2500GeV_045,0.818700219566,2500.0,0.45
9,Zprime_2000GeV_075,0.771985373281,2000.0,0.75
10,Zprime_2500GeV_060,0.791781522501,2500.0,0.6
11,Zprime_4000GeV_075,0.743466613177,4000.0,0.75
12,Zprime_4000GeV_030,0.840411218898,4000.0,0.3
13,Zprime_4000GeV_015,0.856433308573,4000.0,0.15
14,Zprime_3000GeV_030,0.836326155714,3000.0,0.3
15,Zprime_1500GeV_045,0.821356220014,1500.0,0.45
16,Zprime_3000GeV_075,0.75403206198,3000.0,0.75
17,Zprime_1500GeV_060,0.803226619878,1500.0,0.6
18,Zprime_3000GeV_015,0.854817418091,3000.0,0.15
19,Zprime_3500GeV_015,0.851815602185,3500.0,0.15
20,Zprime_3500GeV_030,0.838765009626,3500.0,0.3
21,Zprime_2000GeV_030,0.844146510659,2000.0,0.3
22,Zprime_2000GeV_015,0.858807072467,2000.0,0.15
23,Zprime_3500GeV_075,0.749464965199,3500.0,0.75
24,Zprime_3500GeV_045,0.812401469311,3500.0,0.45
25,Zprime_2500GeV_030,0.840776709366,2500.0,0.3
26,Zprime_2000GeV_060,0.798089148048,2000.0,0.6
27,Zprime_4000GeV_060,0.784720007445,4000.0,0.6
28,Zprime_2500GeV_075,0.75912520348,2500.0,0.75
29,Zprime_4000GeV_045,0.812994507206,4000.0,0.45
