,name,auc,mass,nu
0,Zprime_1500GeV_075,0.734718878917,1500.0,0.75
1,Zprime_1500GeV_015,0.830346573969,1500.0,0.15
2,Zprime_3000GeV_060,0.771231427333,3000.0,0.6
3,Zprime_1500GeV_030,0.816819736045,1500.0,0.3
4,Zprime_3000GeV_045,0.808275125238,3000.0,0.45
5,Zprime_2000GeV_045,0.809235847676,2000.0,0.45
6,Zprime_2500GeV_015,0.855256967279,2500.0,0.15
7,Zprime_3500GeV_060,0.7696182401,3500.0,0.6
8,Zprime_2500GeV_045,0.810401866486,2500.0,0.45
9,Zprime_2000GeV_075,0.737764960369,2000.0,0.75
10,Zprime_2500GeV_060,0.775468102769,2500.0,0.6
11,Zprime_4000GeV_075,0.718485021766,4000.0,0.75
12,Zprime_4000GeV_030,0.833005344708,4000.0,0.3
13,Zprime_4000GeV_015,0.844968845344,4000.0,0.15
14,Zprime_3000GeV_030,0.832942273616,3000.0,0.3
15,Zprime_1500GeV_045,0.789844488378,1500.0,0.45
16,Zprime_3000GeV_075,0.727969181061,3000.0,0.75
17,Zprime_1500GeV_060,0.764754744634,1500.0,0.6
18,Zprime_3000GeV_015,0.854363738792,3000.0,0.15
19,Zprime_3500GeV_015,0.848910049265,3500.0,0.15
20,Zprime_3500GeV_030,0.834003846143,3500.0,0.3
21,Zprime_2000GeV_030,0.834580961082,2000.0,0.3
22,Zprime_2000GeV_015,0.85503726018,2000.0,0.15
23,Zprime_3500GeV_075,0.724316426559,3500.0,0.75
24,Zprime_3500GeV_045,0.805255572569,3500.0,0.45
25,Zprime_2500GeV_030,0.835578380431,2500.0,0.3
26,Zprime_2000GeV_060,0.77734813163,2000.0,0.6
27,Zprime_4000GeV_060,0.768528405866,4000.0,0.6
28,Zprime_2500GeV_075,0.731474013146,2500.0,0.75
29,Zprime_4000GeV_045,0.802509500243,4000.0,0.45
