,name,auc,mass,nu
0,Zprime_1500GeV_075,0.794878893519,1500.0,0.75
1,Zprime_1500GeV_015,0.86557191176,1500.0,0.15
2,Zprime_3000GeV_060,0.813249103607,3000.0,0.6
3,Zprime_1500GeV_030,0.854180798515,1500.0,0.3
4,Zprime_3000GeV_045,0.840712139708,3000.0,0.45
5,Zprime_2000GeV_045,0.851326452515,2000.0,0.45
6,Zprime_2500GeV_015,0.87828448364,2500.0,0.15
7,Zprime_3500GeV_060,0.807922036214,3500.0,0.6
8,Zprime_2500GeV_045,0.843541404715,2500.0,0.45
9,Zprime_2000GeV_075,0.800239974829,2000.0,0.75
10,Zprime_2500GeV_060,0.818063889081,2500.0,0.6
11,Zprime_4000GeV_075,0.768381164696,4000.0,0.75
12,Zprime_4000GeV_030,0.870435103957,4000.0,0.3
13,Zprime_4000GeV_015,0.885533579281,4000.0,0.15
14,Zprime_3000GeV_030,0.861463988012,3000.0,0.3
15,Zprime_1500GeV_045,0.833358612061,1500.0,0.45
16,Zprime_3000GeV_075,0.7814664012,3000.0,0.75
17,Zprime_1500GeV_060,0.81770647856,1500.0,0.6
18,Zprime_3000GeV_015,0.8809641399,3000.0,0.15
19,Zprime_3500GeV_015,0.88271504672,3500.0,0.15
20,Zprime_3500GeV_030,0.866341763808,3500.0,0.3
21,Zprime_2000GeV_030,0.868564623292,2000.0,0.3
22,Zprime_2000GeV_015,0.882641389169,2000.0,0.15
23,Zprime_3500GeV_075,0.776400999539,3500.0,0.75
24,Zprime_3500GeV_045,0.839031388501,3500.0,0.45
25,Zprime_2500GeV_030,0.862330676394,2500.0,0.3
26,Zprime_2000GeV_060,0.825264629179,2000.0,0.6
27,Zprime_4000GeV_060,0.809458416077,4000.0,0.6
28,Zprime_2500GeV_075,0.788866962778,2500.0,0.75
29,Zprime_4000GeV_045,0.841326035098,4000.0,0.45
