,name,auc,mass,nu
0,Zprime_1500GeV_075,0.794872670617,1500.0,0.75
1,Zprime_1500GeV_015,0.868902812749,1500.0,0.15
2,Zprime_3000GeV_060,0.802377737939,3000.0,0.6
3,Zprime_1500GeV_030,0.857531601114,1500.0,0.3
4,Zprime_3000GeV_045,0.829972722641,3000.0,0.45
5,Zprime_2000GeV_045,0.841620964492,2000.0,0.45
6,Zprime_2500GeV_015,0.869635372391,2500.0,0.15
7,Zprime_3500GeV_060,0.798869558235,3500.0,0.6
8,Zprime_2500GeV_045,0.83399869797,2500.0,0.45
9,Zprime_2000GeV_075,0.79387040869,2000.0,0.75
10,Zprime_2500GeV_060,0.809170298649,2500.0,0.6
11,Zprime_4000GeV_075,0.75936752086,4000.0,0.75
12,Zprime_4000GeV_030,0.850142771743,4000.0,0.3
13,Zprime_4000GeV_015,0.864014956963,4000.0,0.15
14,Zprime_3000GeV_030,0.849191639924,3000.0,0.3
15,Zprime_1500GeV_045,0.8392964178,1500.0,0.45
16,Zprime_3000GeV_075,0.772605570081,3000.0,0.75
17,Zprime_1500GeV_060,0.82382767069,1500.0,0.6
18,Zprime_3000GeV_015,0.866616217081,3000.0,0.15
19,Zprime_3500GeV_015,0.862786534066,3500.0,0.15
20,Zprime_3500GeV_030,0.849768179568,3500.0,0.3
21,Zprime_2000GeV_030,0.860523396231,2000.0,0.3
22,Zprime_2000GeV_015,0.873090913575,2000.0,0.15
23,Zprime_3500GeV_075,0.765473610996,3500.0,0.75
24,Zprime_3500GeV_045,0.826023028128,3500.0,0.45
25,Zprime_2500GeV_030,0.854315351893,2500.0,0.3
26,Zprime_2000GeV_060,0.817330343027,2000.0,0.6
27,Zprime_4000GeV_060,0.797308897136,4000.0,0.6
28,Zprime_2500GeV_075,0.779009904219,2500.0,0.75
29,Zprime_4000GeV_045,0.824072915706,4000.0,0.45
