,name,auc,mass,nu
0,Zprime_1500GeV_075,0.754757339414,1500.0,0.75
1,Zprime_1500GeV_015,0.840675278566,1500.0,0.15
2,Zprime_3000GeV_060,0.780162213039,3000.0,0.6
3,Zprime_1500GeV_030,0.828958972355,1500.0,0.3
4,Zprime_3000GeV_045,0.81661770574,3000.0,0.45
5,Zprime_2000GeV_045,0.811770510307,2000.0,0.45
6,Zprime_2500GeV_015,0.860845881568,2500.0,0.15
7,Zprime_3500GeV_060,0.780783940124,3500.0,0.6
8,Zprime_2500GeV_045,0.814170618393,2500.0,0.45
9,Zprime_2000GeV_075,0.753715035662,2000.0,0.75
10,Zprime_2500GeV_060,0.781156291129,2500.0,0.6
11,Zprime_4000GeV_075,0.734139917159,4000.0,0.75
12,Zprime_4000GeV_030,0.852678321261,4000.0,0.3
13,Zprime_4000GeV_015,0.870677132039,4000.0,0.15
14,Zprime_3000GeV_030,0.843107498317,3000.0,0.3
15,Zprime_1500GeV_045,0.8054683401,1500.0,0.45
16,Zprime_3000GeV_075,0.7411778001,3000.0,0.75
17,Zprime_1500GeV_060,0.783659032577,1500.0,0.6
18,Zprime_3000GeV_015,0.86722996637,3000.0,0.15
19,Zprime_3500GeV_015,0.87067128967,3500.0,0.15
20,Zprime_3500GeV_030,0.850846277803,3500.0,0.3
21,Zprime_2000GeV_030,0.83697471573,2000.0,0.3
22,Zprime_2000GeV_015,0.853854238944,2000.0,0.15
23,Zprime_3500GeV_075,0.738493424863,3500.0,0.75
24,Zprime_3500GeV_045,0.819776460404,3500.0,0.45
25,Zprime_2500GeV_030,0.838697005495,2500.0,0.3
26,Zprime_2000GeV_060,0.782491143348,2000.0,0.6
27,Zprime_4000GeV_060,0.783121540318,4000.0,0.6
28,Zprime_2500GeV_075,0.742330774884,2500.0,0.75
29,Zprime_4000GeV_045,0.81984435737,4000.0,0.45
