,name,auc,mass,nu
0,Zprime_1500GeV_075,0.768570438822,1500.0,0.75
1,Zprime_1500GeV_015,0.84371013297,1500.0,0.15
2,Zprime_3000GeV_060,0.780972781243,3000.0,0.6
3,Zprime_1500GeV_030,0.829652240282,1500.0,0.3
4,Zprime_3000GeV_045,0.805976591871,3000.0,0.45
5,Zprime_2000GeV_045,0.815500558227,2000.0,0.45
6,Zprime_2500GeV_015,0.842732238039,2500.0,0.15
7,Zprime_3500GeV_060,0.778229316784,3500.0,0.6
8,Zprime_2500GeV_045,0.808534919755,2500.0,0.45
9,Zprime_2000GeV_075,0.769427257934,2000.0,0.75
10,Zprime_2500GeV_060,0.784257826796,2500.0,0.6
11,Zprime_4000GeV_075,0.744173208674,4000.0,0.75
12,Zprime_4000GeV_030,0.838364288132,4000.0,0.3
13,Zprime_4000GeV_015,0.856832569047,4000.0,0.15
14,Zprime_3000GeV_030,0.826442289705,3000.0,0.3
15,Zprime_1500GeV_045,0.811248687119,1500.0,0.45
16,Zprime_3000GeV_075,0.753268801324,3000.0,0.75
17,Zprime_1500GeV_060,0.794926039565,1500.0,0.6
18,Zprime_3000GeV_015,0.845198000682,3000.0,0.15
19,Zprime_3500GeV_015,0.851681276285,3500.0,0.15
20,Zprime_3500GeV_030,0.833264969511,3500.0,0.3
21,Zprime_2000GeV_030,0.834793854358,2000.0,0.3
22,Zprime_2000GeV_015,0.847017828731,2000.0,0.15
23,Zprime_3500GeV_075,0.747329002385,3500.0,0.75
24,Zprime_3500GeV_045,0.808790434539,3500.0,0.45
25,Zprime_2500GeV_030,0.827641501884,2500.0,0.3
26,Zprime_2000GeV_060,0.792974257279,2000.0,0.6
27,Zprime_4000GeV_060,0.780659902723,4000.0,0.6
28,Zprime_2500GeV_075,0.756259724685,2500.0,0.75
29,Zprime_4000GeV_045,0.811772210681,4000.0,0.45
