,name,auc,mass,nu
0,Zprime_1500GeV_075,0.752912300523,1500.0,0.75
1,Zprime_1500GeV_015,0.841169843982,1500.0,0.15
2,Zprime_3000GeV_060,0.772251395951,3000.0,0.6
3,Zprime_1500GeV_030,0.827469107232,1500.0,0.3
4,Zprime_3000GeV_045,0.802507976273,3000.0,0.45
5,Zprime_2000GeV_045,0.808457822918,2000.0,0.45
6,Zprime_2500GeV_015,0.845061567433,2500.0,0.15
7,Zprime_3500GeV_060,0.771162564781,3500.0,0.6
8,Zprime_2500GeV_045,0.804489678344,2500.0,0.45
9,Zprime_2000GeV_075,0.755921139103,2000.0,0.75
10,Zprime_2500GeV_060,0.774935439512,2500.0,0.6
11,Zprime_4000GeV_075,0.730512933402,4000.0,0.75
12,Zprime_4000GeV_030,0.829653901859,4000.0,0.3
13,Zprime_4000GeV_015,0.846243901225,4000.0,0.15
14,Zprime_3000GeV_030,0.824270791422,3000.0,0.3
15,Zprime_1500GeV_045,0.80505598326,1500.0,0.45
16,Zprime_3000GeV_075,0.739020633892,3000.0,0.75
17,Zprime_1500GeV_060,0.785339026795,1500.0,0.6
18,Zprime_3000GeV_015,0.844736228237,3000.0,0.15
19,Zprime_3500GeV_015,0.843284765964,3500.0,0.15
20,Zprime_3500GeV_030,0.827473750664,3500.0,0.3
21,Zprime_2000GeV_030,0.832135706665,2000.0,0.3
22,Zprime_2000GeV_015,0.847868628358,2000.0,0.15
23,Zprime_3500GeV_075,0.734950992338,3500.0,0.75
24,Zprime_3500GeV_045,0.799387957036,3500.0,0.45
25,Zprime_2500GeV_030,0.827523838935,2500.0,0.3
26,Zprime_2000GeV_060,0.78101023803,2000.0,0.6
27,Zprime_4000GeV_060,0.772034949277,4000.0,0.6
28,Zprime_2500GeV_075,0.741890974078,2500.0,0.75
29,Zprime_4000GeV_045,0.800855110329,4000.0,0.45
