,name,auc,mass,nu
0,Zprime_1500GeV_075,0.740697238661,1500.0,0.75
1,Zprime_1500GeV_015,0.827873537308,1500.0,0.15
2,Zprime_3000GeV_060,0.759706485137,3000.0,0.6
3,Zprime_1500GeV_030,0.812938405446,1500.0,0.3
4,Zprime_3000GeV_045,0.790605136266,3000.0,0.45
5,Zprime_2000GeV_045,0.794836916098,2000.0,0.45
6,Zprime_2500GeV_015,0.833298681359,2500.0,0.15
7,Zprime_3500GeV_060,0.761553750865,3500.0,0.6
8,Zprime_2500GeV_045,0.792091702313,2500.0,0.45
9,Zprime_2000GeV_075,0.739534253986,2000.0,0.75
10,Zprime_2500GeV_060,0.764078059136,2500.0,0.6
11,Zprime_4000GeV_075,0.722336488714,4000.0,0.75
12,Zprime_4000GeV_030,0.82414157892,4000.0,0.3
13,Zprime_4000GeV_015,0.840855428072,4000.0,0.15
14,Zprime_3000GeV_030,0.813937858781,3000.0,0.3
15,Zprime_1500GeV_045,0.7885779442,1500.0,0.45
16,Zprime_3000GeV_075,0.726656225084,3000.0,0.75
17,Zprime_1500GeV_060,0.772727867431,1500.0,0.6
18,Zprime_3000GeV_015,0.835839603754,3000.0,0.15
19,Zprime_3500GeV_015,0.835594401916,3500.0,0.15
20,Zprime_3500GeV_030,0.818322837029,3500.0,0.3
21,Zprime_2000GeV_030,0.817692211852,2000.0,0.3
22,Zprime_2000GeV_015,0.833774807649,2000.0,0.15
23,Zprime_3500GeV_075,0.726054904849,3500.0,0.75
24,Zprime_3500GeV_045,0.79125952114,3500.0,0.45
25,Zprime_2500GeV_030,0.814405571964,2500.0,0.3
26,Zprime_2000GeV_060,0.767605115296,2000.0,0.6
27,Zprime_4000GeV_060,0.765343638849,4000.0,0.6
28,Zprime_2500GeV_075,0.728089569937,2500.0,0.75
29,Zprime_4000GeV_045,0.794593088763,4000.0,0.45
