,name,auc,mass,nu
0,Zprime_1500GeV_075,0.74617042493,1500.0,0.75
1,Zprime_1500GeV_015,0.835363136485,1500.0,0.15
2,Zprime_3000GeV_060,0.761594301755,3000.0,0.6
3,Zprime_1500GeV_030,0.819603581734,1500.0,0.3
4,Zprime_3000GeV_045,0.788771004061,3000.0,0.45
5,Zprime_2000GeV_045,0.798342021939,2000.0,0.45
6,Zprime_2500GeV_015,0.830283407471,2500.0,0.15
7,Zprime_3500GeV_060,0.76263821058,3500.0,0.6
8,Zprime_2500GeV_045,0.792345372614,2500.0,0.45
9,Zprime_2000GeV_075,0.745998999549,2000.0,0.75
10,Zprime_2500GeV_060,0.766351381104,2500.0,0.6
11,Zprime_4000GeV_075,0.727150636052,4000.0,0.75
12,Zprime_4000GeV_030,0.823046827556,4000.0,0.3
13,Zprime_4000GeV_015,0.840119315341,4000.0,0.15
14,Zprime_3000GeV_030,0.810514220612,3000.0,0.3
15,Zprime_1500GeV_045,0.793734336831,1500.0,0.45
16,Zprime_3000GeV_075,0.731165206693,3000.0,0.75
17,Zprime_1500GeV_060,0.778720850241,1500.0,0.6
18,Zprime_3000GeV_015,0.830342958873,3000.0,0.15
19,Zprime_3500GeV_015,0.831353040328,3500.0,0.15
20,Zprime_3500GeV_030,0.815455241813,3500.0,0.3
21,Zprime_2000GeV_030,0.819855380578,2000.0,0.3
22,Zprime_2000GeV_015,0.834524365551,2000.0,0.15
23,Zprime_3500GeV_075,0.729608544648,3500.0,0.75
24,Zprime_3500GeV_045,0.789889810572,3500.0,0.45
25,Zprime_2500GeV_030,0.813038943701,2500.0,0.3
26,Zprime_2000GeV_060,0.771721473897,2000.0,0.6
27,Zprime_4000GeV_060,0.767230223928,4000.0,0.6
28,Zprime_2500GeV_075,0.732795635357,2500.0,0.75
29,Zprime_4000GeV_045,0.795420208839,4000.0,0.45
