,name,auc,mass,nu
0,Zprime_1500GeV_075,0.796282716841,1500.0,0.75
1,Zprime_1500GeV_015,0.87027997181,1500.0,0.15
2,Zprime_3000GeV_060,0.804914593905,3000.0,0.6
3,Zprime_1500GeV_030,0.858789752542,1500.0,0.3
4,Zprime_3000GeV_045,0.83529377691,3000.0,0.45
5,Zprime_2000GeV_045,0.842361053686,2000.0,0.45
6,Zprime_2500GeV_015,0.874615340642,2500.0,0.15
7,Zprime_3500GeV_060,0.803239759444,3500.0,0.6
8,Zprime_2500GeV_045,0.837342846845,2500.0,0.45
9,Zprime_2000GeV_075,0.794162030689,2000.0,0.75
10,Zprime_2500GeV_060,0.810287044489,2500.0,0.6
11,Zprime_4000GeV_075,0.760208559308,4000.0,0.75
12,Zprime_4000GeV_030,0.860542843232,4000.0,0.3
13,Zprime_4000GeV_015,0.874007460747,4000.0,0.15
14,Zprime_3000GeV_030,0.856059358882,3000.0,0.3
15,Zprime_1500GeV_045,0.839041078506,1500.0,0.45
16,Zprime_3000GeV_075,0.77393030177,3000.0,0.75
17,Zprime_1500GeV_060,0.82419533808,1500.0,0.6
18,Zprime_3000GeV_015,0.874643279487,3000.0,0.15
19,Zprime_3500GeV_015,0.873320794446,3500.0,0.15
20,Zprime_3500GeV_030,0.858673500462,3500.0,0.3
21,Zprime_2000GeV_030,0.862961684405,2000.0,0.3
22,Zprime_2000GeV_015,0.875582477419,2000.0,0.15
23,Zprime_3500GeV_075,0.766060104332,3500.0,0.75
24,Zprime_3500GeV_045,0.832291005829,3500.0,0.45
25,Zprime_2500GeV_030,0.858401066138,2500.0,0.3
26,Zprime_2000GeV_060,0.817619465716,2000.0,0.6
27,Zprime_4000GeV_060,0.803290235026,4000.0,0.6
28,Zprime_2500GeV_075,0.78012290297,2500.0,0.75
29,Zprime_4000GeV_045,0.832883656848,4000.0,0.45
