,name,auc,mass,nu
0,Zprime_1500GeV_075,0.718628432606,1500.0,0.75
1,Zprime_1500GeV_015,0.811379950684,1500.0,0.15
2,Zprime_3000GeV_060,0.751111503872,3000.0,0.6
3,Zprime_1500GeV_030,0.798489484965,1500.0,0.3
4,Zprime_3000GeV_045,0.78637786281,3000.0,0.45
5,Zprime_2000GeV_045,0.78454617472,2000.0,0.45
6,Zprime_2500GeV_015,0.832741733483,2500.0,0.15
7,Zprime_3500GeV_060,0.753926946784,3500.0,0.6
8,Zprime_2500GeV_045,0.783823191679,2500.0,0.45
9,Zprime_2000GeV_075,0.722733039619,2000.0,0.75
10,Zprime_2500GeV_060,0.753373007913,2500.0,0.6
11,Zprime_4000GeV_075,0.709840784689,4000.0,0.75
12,Zprime_4000GeV_030,0.825950452967,4000.0,0.3
13,Zprime_4000GeV_015,0.846120987836,4000.0,0.15
14,Zprime_3000GeV_030,0.81239314048,3000.0,0.3
15,Zprime_1500GeV_045,0.770595891075,1500.0,0.45
16,Zprime_3000GeV_075,0.713799787281,3000.0,0.75
17,Zprime_1500GeV_060,0.755605025135,1500.0,0.6
18,Zprime_3000GeV_015,0.836854179181,3000.0,0.15
19,Zprime_3500GeV_015,0.838023232686,3500.0,0.15
20,Zprime_3500GeV_030,0.818108661177,3500.0,0.3
21,Zprime_2000GeV_030,0.808896923652,2000.0,0.3
22,Zprime_2000GeV_015,0.82677364578,2000.0,0.15
23,Zprime_3500GeV_075,0.713986890279,3500.0,0.75
24,Zprime_3500GeV_045,0.786730981069,3500.0,0.45
25,Zprime_2500GeV_030,0.811311983851,2500.0,0.3
26,Zprime_2000GeV_060,0.753333835727,2000.0,0.6
27,Zprime_4000GeV_060,0.759032832551,4000.0,0.6
28,Zprime_2500GeV_075,0.714023637844,2500.0,0.75
29,Zprime_4000GeV_045,0.791419543475,4000.0,0.45
