,name,auc,mass,nu
0,Zprime_1500GeV_075,0.782543700812,1500.0,0.75
1,Zprime_1500GeV_015,0.854051575456,1500.0,0.15
2,Zprime_3000GeV_060,0.807631280657,3000.0,0.6
3,Zprime_1500GeV_030,0.840513358091,1500.0,0.3
4,Zprime_3000GeV_045,0.833188732662,3000.0,0.45
5,Zprime_2000GeV_045,0.833103081393,2000.0,0.45
6,Zprime_2500GeV_015,0.864819614845,2500.0,0.15
7,Zprime_3500GeV_060,0.807065827127,3500.0,0.6
8,Zprime_2500GeV_045,0.831042840015,2500.0,0.45
9,Zprime_2000GeV_075,0.785412722064,2000.0,0.75
10,Zprime_2500GeV_060,0.80631245865,2500.0,0.6
11,Zprime_4000GeV_075,0.775423793031,4000.0,0.75
12,Zprime_4000GeV_030,0.866081111134,4000.0,0.3
13,Zprime_4000GeV_015,0.877136776272,4000.0,0.15
14,Zprime_3000GeV_030,0.853843442905,3000.0,0.3
15,Zprime_1500GeV_045,0.817737510931,1500.0,0.45
16,Zprime_3000GeV_075,0.775969362007,3000.0,0.75
17,Zprime_1500GeV_060,0.804168019352,1500.0,0.6
18,Zprime_3000GeV_015,0.872464377202,3000.0,0.15
19,Zprime_3500GeV_015,0.87710422704,3500.0,0.15
20,Zprime_3500GeV_030,0.860917627546,3500.0,0.3
21,Zprime_2000GeV_030,0.852391788112,2000.0,0.3
22,Zprime_2000GeV_015,0.865379019769,2000.0,0.15
23,Zprime_3500GeV_075,0.77655040168,3500.0,0.75
24,Zprime_3500GeV_045,0.837316306958,3500.0,0.45
25,Zprime_2500GeV_030,0.849477093534,2500.0,0.3
26,Zprime_2000GeV_060,0.806812960877,2000.0,0.6
27,Zprime_4000GeV_060,0.811198977847,4000.0,0.6
28,Zprime_2500GeV_075,0.778806261018,2500.0,0.75
29,Zprime_4000GeV_045,0.841056459834,4000.0,0.45
