,name,auc,mass,nu
0,Zprime_1500GeV_075,0.773606340647,1500.0,0.75
1,Zprime_1500GeV_015,0.840736942057,1500.0,0.15
2,Zprime_3000GeV_060,0.788221519622,3000.0,0.6
3,Zprime_1500GeV_030,0.825561833308,1500.0,0.3
4,Zprime_3000GeV_045,0.810626831851,3000.0,0.45
5,Zprime_2000GeV_045,0.823872118713,2000.0,0.45
6,Zprime_2500GeV_015,0.846757139028,2500.0,0.15
7,Zprime_3500GeV_060,0.781467290115,3500.0,0.6
8,Zprime_2500GeV_045,0.814380458921,2500.0,0.45
9,Zprime_2000GeV_075,0.779421226912,2000.0,0.75
10,Zprime_2500GeV_060,0.791712550843,2500.0,0.6
11,Zprime_4000GeV_075,0.750487602873,4000.0,0.75
12,Zprime_4000GeV_030,0.836043051381,4000.0,0.3
13,Zprime_4000GeV_015,0.848690099333,4000.0,0.15
14,Zprime_3000GeV_030,0.829895633936,3000.0,0.3
15,Zprime_1500GeV_045,0.807545787181,1500.0,0.45
16,Zprime_3000GeV_075,0.761780910367,3000.0,0.75
17,Zprime_1500GeV_060,0.79516047359,1500.0,0.6
18,Zprime_3000GeV_015,0.848116161369,3000.0,0.15
19,Zprime_3500GeV_015,0.849435033465,3500.0,0.15
20,Zprime_3500GeV_030,0.833355056443,3500.0,0.3
21,Zprime_2000GeV_030,0.839998327896,2000.0,0.3
22,Zprime_2000GeV_015,0.851530775515,2000.0,0.15
23,Zprime_3500GeV_075,0.757666410151,3500.0,0.75
24,Zprime_3500GeV_045,0.809459201343,3500.0,0.45
25,Zprime_2500GeV_030,0.831746857813,2500.0,0.3
26,Zprime_2000GeV_060,0.79933494573,2000.0,0.6
27,Zprime_4000GeV_060,0.782517426762,4000.0,0.6
28,Zprime_2500GeV_075,0.76838452468,2500.0,0.75
29,Zprime_4000GeV_045,0.810993825081,4000.0,0.45
