,name,auc,mass,nu
0,Zprime_1500GeV_075,0.795068833765,1500.0,0.75
1,Zprime_1500GeV_015,0.868277305563,1500.0,0.15
2,Zprime_3000GeV_060,0.803388514135,3000.0,0.6
3,Zprime_1500GeV_030,0.857330907456,1500.0,0.3
4,Zprime_3000GeV_045,0.830813630852,3000.0,0.45
5,Zprime_2000GeV_045,0.84211010927,2000.0,0.45
6,Zprime_2500GeV_015,0.869843393467,2500.0,0.15
7,Zprime_3500GeV_060,0.801180107759,3500.0,0.6
8,Zprime_2500GeV_045,0.834647284154,2500.0,0.45
9,Zprime_2000GeV_075,0.794603066047,2000.0,0.75
10,Zprime_2500GeV_060,0.809053275806,2500.0,0.6
11,Zprime_4000GeV_075,0.760347238322,4000.0,0.75
12,Zprime_4000GeV_030,0.855988366493,4000.0,0.3
13,Zprime_4000GeV_015,0.870136193764,4000.0,0.15
14,Zprime_3000GeV_030,0.850561324877,3000.0,0.3
15,Zprime_1500GeV_045,0.838632094331,1500.0,0.45
16,Zprime_3000GeV_075,0.773305020372,3000.0,0.75
17,Zprime_1500GeV_060,0.822219842726,1500.0,0.6
18,Zprime_3000GeV_015,0.86698722849,3000.0,0.15
19,Zprime_3500GeV_015,0.866821418526,3500.0,0.15
20,Zprime_3500GeV_030,0.852136769205,3500.0,0.3
21,Zprime_2000GeV_030,0.861615852806,2000.0,0.3
22,Zprime_2000GeV_015,0.874692182533,2000.0,0.15
23,Zprime_3500GeV_075,0.766067576588,3500.0,0.75
24,Zprime_3500GeV_045,0.828723144978,3500.0,0.45
25,Zprime_2500GeV_030,0.854287152443,2500.0,0.3
26,Zprime_2000GeV_060,0.818280608136,2000.0,0.6
27,Zprime_4000GeV_060,0.801354080367,4000.0,0.6
28,Zprime_2500GeV_075,0.778732275805,2500.0,0.75
29,Zprime_4000GeV_045,0.829867268746,4000.0,0.45
