,name,auc,mass,nu
0,Zprime_1500GeV_075,0.787886122922,1500.0,0.75
1,Zprime_1500GeV_015,0.863383017481,1500.0,0.15
2,Zprime_3000GeV_060,0.809983964934,3000.0,0.6
3,Zprime_1500GeV_030,0.849008851053,1500.0,0.3
4,Zprime_3000GeV_045,0.836778986959,3000.0,0.45
5,Zprime_2000GeV_045,0.84694937841,2000.0,0.45
6,Zprime_2500GeV_015,0.875198597541,2500.0,0.15
7,Zprime_3500GeV_060,0.80508154018,3500.0,0.6
8,Zprime_2500GeV_045,0.839922197168,2500.0,0.45
9,Zprime_2000GeV_075,0.794225361424,2000.0,0.75
10,Zprime_2500GeV_060,0.813005748653,2500.0,0.6
11,Zprime_4000GeV_075,0.766958470088,4000.0,0.75
12,Zprime_4000GeV_030,0.865259107955,4000.0,0.3
13,Zprime_4000GeV_015,0.87951196544,4000.0,0.15
14,Zprime_3000GeV_030,0.85818858584,3000.0,0.3
15,Zprime_1500GeV_045,0.827019234033,1500.0,0.45
16,Zprime_3000GeV_075,0.778215519902,3000.0,0.75
17,Zprime_1500GeV_060,0.812139477165,1500.0,0.6
18,Zprime_3000GeV_015,0.878120186499,3000.0,0.15
19,Zprime_3500GeV_015,0.877856392143,3500.0,0.15
20,Zprime_3500GeV_030,0.862042534822,3500.0,0.3
21,Zprime_2000GeV_030,0.86452712997,2000.0,0.3
22,Zprime_2000GeV_015,0.879752698154,2000.0,0.15
23,Zprime_3500GeV_075,0.774067367035,3500.0,0.75
24,Zprime_3500GeV_045,0.836523244115,3500.0,0.45
25,Zprime_2500GeV_030,0.858637519264,2500.0,0.3
26,Zprime_2000GeV_060,0.820565581426,2000.0,0.6
27,Zprime_4000GeV_060,0.805855536739,4000.0,0.6
28,Zprime_2500GeV_075,0.783464242431,2500.0,0.75
29,Zprime_4000GeV_045,0.837716984659,4000.0,0.45
