,name,auc,mass,nu
0,Zprime_1500GeV_075,0.791255903556,1500.0,0.75
1,Zprime_1500GeV_015,0.862559460558,1500.0,0.15
2,Zprime_3000GeV_060,0.797835602571,3000.0,0.6
3,Zprime_1500GeV_030,0.854008522048,1500.0,0.3
4,Zprime_3000GeV_045,0.826276513119,3000.0,0.45
5,Zprime_2000GeV_045,0.831987390255,2000.0,0.45
6,Zprime_2500GeV_015,0.862882117357,2500.0,0.15
7,Zprime_3500GeV_060,0.797345647264,3500.0,0.6
8,Zprime_2500GeV_045,0.827670829527,2500.0,0.45
9,Zprime_2000GeV_075,0.786815765767,2000.0,0.75
10,Zprime_2500GeV_060,0.801925151941,2500.0,0.6
11,Zprime_4000GeV_075,0.757465404982,4000.0,0.75
12,Zprime_4000GeV_030,0.854156014362,4000.0,0.3
13,Zprime_4000GeV_015,0.868149744249,4000.0,0.15
14,Zprime_3000GeV_030,0.846300150487,3000.0,0.3
15,Zprime_1500GeV_045,0.833453773664,1500.0,0.45
16,Zprime_3000GeV_075,0.767187924692,3000.0,0.75
17,Zprime_1500GeV_060,0.818101776073,1500.0,0.6
18,Zprime_3000GeV_015,0.86471741186,3000.0,0.15
19,Zprime_3500GeV_015,0.864700737732,3500.0,0.15
20,Zprime_3500GeV_030,0.850909399732,3500.0,0.3
21,Zprime_2000GeV_030,0.851655182903,2000.0,0.3
22,Zprime_2000GeV_015,0.863164747371,2000.0,0.15
23,Zprime_3500GeV_075,0.76146538125,3500.0,0.75
24,Zprime_3500GeV_045,0.824213747098,3500.0,0.45
25,Zprime_2500GeV_030,0.847751088706,2500.0,0.3
26,Zprime_2000GeV_060,0.810627315389,2000.0,0.6
27,Zprime_4000GeV_060,0.799057528675,4000.0,0.6
28,Zprime_2500GeV_075,0.772326286674,2500.0,0.75
29,Zprime_4000GeV_045,0.826608500148,4000.0,0.45
