,name,auc,mass,nu
0,Zprime_1500GeV_075,0.796829954274,1500.0,0.75
1,Zprime_1500GeV_015,0.871577862546,1500.0,0.15
2,Zprime_3000GeV_060,0.802609751783,3000.0,0.6
3,Zprime_1500GeV_030,0.859189744954,1500.0,0.3
4,Zprime_3000GeV_045,0.833313310279,3000.0,0.45
5,Zprime_2000GeV_045,0.841402356884,2000.0,0.45
6,Zprime_2500GeV_015,0.874276008162,2500.0,0.15
7,Zprime_3500GeV_060,0.800166357487,3500.0,0.6
8,Zprime_2500GeV_045,0.836143773807,2500.0,0.45
9,Zprime_2000GeV_075,0.792375876641,2000.0,0.75
10,Zprime_2500GeV_060,0.808621214056,2500.0,0.6
11,Zprime_4000GeV_075,0.757440534288,4000.0,0.75
12,Zprime_4000GeV_030,0.855122372149,4000.0,0.3
13,Zprime_4000GeV_015,0.867932862143,4000.0,0.15
14,Zprime_3000GeV_030,0.85467567791,3000.0,0.3
15,Zprime_1500GeV_045,0.840392110791,1500.0,0.45
16,Zprime_3000GeV_075,0.771794205824,3000.0,0.75
17,Zprime_1500GeV_060,0.825969838583,1500.0,0.6
18,Zprime_3000GeV_015,0.872965185557,3000.0,0.15
19,Zprime_3500GeV_015,0.86923860616,3500.0,0.15
20,Zprime_3500GeV_030,0.854867118377,3500.0,0.3
21,Zprime_2000GeV_030,0.862434263774,2000.0,0.3
22,Zprime_2000GeV_015,0.875558841939,2000.0,0.15
23,Zprime_3500GeV_075,0.763802360828,3500.0,0.75
24,Zprime_3500GeV_045,0.829096521695,3500.0,0.45
25,Zprime_2500GeV_030,0.857437381247,2500.0,0.3
26,Zprime_2000GeV_060,0.817169945895,2000.0,0.6
27,Zprime_4000GeV_060,0.7994701134,4000.0,0.6
28,Zprime_2500GeV_075,0.778559027963,2500.0,0.75
29,Zprime_4000GeV_045,0.828033658314,4000.0,0.45
