,name,auc,mass,nu
0,Zprime_1500GeV_075,0.802459335074,1500.0,0.75
1,Zprime_1500GeV_015,0.869884910962,1500.0,0.15
2,Zprime_3000GeV_060,0.804640094222,3000.0,0.6
3,Zprime_1500GeV_030,0.859186197909,1500.0,0.3
4,Zprime_3000GeV_045,0.833917869008,3000.0,0.45
5,Zprime_2000GeV_045,0.840894356992,2000.0,0.45
6,Zprime_2500GeV_015,0.870505392561,2500.0,0.15
7,Zprime_3500GeV_060,0.803684489557,3500.0,0.6
8,Zprime_2500GeV_045,0.835255556414,2500.0,0.45
9,Zprime_2000GeV_075,0.796744674513,2000.0,0.75
10,Zprime_2500GeV_060,0.809970307629,2500.0,0.6
11,Zprime_4000GeV_075,0.764139903883,4000.0,0.75
12,Zprime_4000GeV_030,0.859012618322,4000.0,0.3
13,Zprime_4000GeV_015,0.872101266444,4000.0,0.15
14,Zprime_3000GeV_030,0.854120668068,3000.0,0.3
15,Zprime_1500GeV_045,0.84164529007,1500.0,0.45
16,Zprime_3000GeV_075,0.775738892932,3000.0,0.75
17,Zprime_1500GeV_060,0.827890623215,1500.0,0.6
18,Zprime_3000GeV_015,0.871671865419,3000.0,0.15
19,Zprime_3500GeV_015,0.871214473291,3500.0,0.15
20,Zprime_3500GeV_030,0.857015667088,3500.0,0.3
21,Zprime_2000GeV_030,0.860133869828,2000.0,0.3
22,Zprime_2000GeV_015,0.871594831299,2000.0,0.15
23,Zprime_3500GeV_075,0.768005641067,3500.0,0.75
24,Zprime_3500GeV_045,0.830795689131,3500.0,0.45
25,Zprime_2500GeV_030,0.855237572242,2500.0,0.3
26,Zprime_2000GeV_060,0.818455478418,2000.0,0.6
27,Zprime_4000GeV_060,0.804131799092,4000.0,0.6
28,Zprime_2500GeV_075,0.781395719992,2500.0,0.75
29,Zprime_4000GeV_045,0.831410915403,4000.0,0.45
