,name,auc,mass,nu
0,Zprime_1500GeV_075,0.783180814015,1500.0,0.75
1,Zprime_1500GeV_015,0.861483039934,1500.0,0.15
2,Zprime_3000GeV_060,0.800894460879,3000.0,0.6
3,Zprime_1500GeV_030,0.849793853187,1500.0,0.3
4,Zprime_3000GeV_045,0.832215307891,3000.0,0.45
5,Zprime_2000GeV_045,0.837315657658,2000.0,0.45
6,Zprime_2500GeV_015,0.871171536836,2500.0,0.15
7,Zprime_3500GeV_060,0.799732291345,3500.0,0.6
8,Zprime_2500GeV_045,0.83314611099,2500.0,0.45
9,Zprime_2000GeV_075,0.786032935371,2000.0,0.75
10,Zprime_2500GeV_060,0.805277895212,2500.0,0.6
11,Zprime_4000GeV_075,0.755405794931,4000.0,0.75
12,Zprime_4000GeV_030,0.861341290719,4000.0,0.3
13,Zprime_4000GeV_015,0.875541571863,4000.0,0.15
14,Zprime_3000GeV_030,0.854103938107,3000.0,0.3
15,Zprime_1500GeV_045,0.829973661963,1500.0,0.45
16,Zprime_3000GeV_075,0.7678143681,3000.0,0.75
17,Zprime_1500GeV_060,0.8124043385,1500.0,0.6
18,Zprime_3000GeV_015,0.873043317903,3000.0,0.15
19,Zprime_3500GeV_015,0.873548596241,3500.0,0.15
20,Zprime_3500GeV_030,0.85709213852,3500.0,0.3
21,Zprime_2000GeV_030,0.859266454096,2000.0,0.3
22,Zprime_2000GeV_015,0.872109932447,2000.0,0.15
23,Zprime_3500GeV_075,0.760903052052,3500.0,0.75
24,Zprime_3500GeV_045,0.830728772913,3500.0,0.45
25,Zprime_2500GeV_030,0.8545894835,2500.0,0.3
26,Zprime_2000GeV_060,0.811503239092,2000.0,0.6
27,Zprime_4000GeV_060,0.801075780711,4000.0,0.6
28,Zprime_2500GeV_075,0.772628684859,2500.0,0.75
29,Zprime_4000GeV_045,0.831913485647,4000.0,0.45
