,name,auc,mass,nu
0,Zprime_1500GeV_075,0.804521503614,1500.0,0.75
1,Zprime_1500GeV_015,0.874368740969,1500.0,0.15
2,Zprime_3000GeV_060,0.812777621131,3000.0,0.6
3,Zprime_1500GeV_030,0.863926803448,1500.0,0.3
4,Zprime_3000GeV_045,0.840187983257,3000.0,0.45
5,Zprime_2000GeV_045,0.847667976487,2000.0,0.45
6,Zprime_2500GeV_015,0.874880065764,2500.0,0.15
7,Zprime_3500GeV_060,0.812287426326,3500.0,0.6
8,Zprime_2500GeV_045,0.841796518178,2500.0,0.45
9,Zprime_2000GeV_075,0.804618125623,2000.0,0.75
10,Zprime_2500GeV_060,0.817910009055,2500.0,0.6
11,Zprime_4000GeV_075,0.776082064785,4000.0,0.75
12,Zprime_4000GeV_030,0.869368650601,4000.0,0.3
13,Zprime_4000GeV_015,0.884589829429,4000.0,0.15
14,Zprime_3000GeV_030,0.860915584012,3000.0,0.3
15,Zprime_1500GeV_045,0.848789519798,1500.0,0.45
16,Zprime_3000GeV_075,0.785549786108,3000.0,0.75
17,Zprime_1500GeV_060,0.831190994628,1500.0,0.6
18,Zprime_3000GeV_015,0.87769214891,3000.0,0.15
19,Zprime_3500GeV_015,0.879411491451,3500.0,0.15
20,Zprime_3500GeV_030,0.864296795372,3500.0,0.3
21,Zprime_2000GeV_030,0.864930129383,2000.0,0.3
22,Zprime_2000GeV_015,0.877181839,2000.0,0.15
23,Zprime_3500GeV_075,0.780351317916,3500.0,0.75
24,Zprime_3500GeV_045,0.841125562999,3500.0,0.45
25,Zprime_2500GeV_030,0.859851575472,2500.0,0.3
26,Zprime_2000GeV_060,0.825795804354,2000.0,0.6
27,Zprime_4000GeV_060,0.813833250234,4000.0,0.6
28,Zprime_2500GeV_075,0.792330476673,2500.0,0.75
29,Zprime_4000GeV_045,0.843555274071,4000.0,0.45
