,name,auc,mass,nu
0,Zprime_1500GeV_075,0.80109347434,1500.0,0.75
1,Zprime_1500GeV_015,0.869749707704,1500.0,0.15
2,Zprime_3000GeV_060,0.803444319779,3000.0,0.6
3,Zprime_1500GeV_030,0.85850863263,1500.0,0.3
4,Zprime_3000GeV_045,0.831230172565,3000.0,0.45
5,Zprime_2000GeV_045,0.839229910799,2000.0,0.45
6,Zprime_2500GeV_015,0.867757942647,2500.0,0.15
7,Zprime_3500GeV_060,0.801230256201,3500.0,0.6
8,Zprime_2500GeV_045,0.833379008714,2500.0,0.45
9,Zprime_2000GeV_075,0.795671176039,2000.0,0.75
10,Zprime_2500GeV_060,0.808849186858,2500.0,0.6
11,Zprime_4000GeV_075,0.762243045111,4000.0,0.75
12,Zprime_4000GeV_030,0.855413264528,4000.0,0.3
13,Zprime_4000GeV_015,0.868234320528,4000.0,0.15
14,Zprime_3000GeV_030,0.851227303441,3000.0,0.3
15,Zprime_1500GeV_045,0.839437200825,1500.0,0.45
16,Zprime_3000GeV_075,0.774325711492,3000.0,0.75
17,Zprime_1500GeV_060,0.82588298613,1500.0,0.6
18,Zprime_3000GeV_015,0.868728679726,3000.0,0.15
19,Zprime_3500GeV_015,0.867338989081,3500.0,0.15
20,Zprime_3500GeV_030,0.85347989875,3500.0,0.3
21,Zprime_2000GeV_030,0.858514665059,2000.0,0.3
22,Zprime_2000GeV_015,0.8693795561,2000.0,0.15
23,Zprime_3500GeV_075,0.766776449459,3500.0,0.75
24,Zprime_3500GeV_045,0.828195820808,3500.0,0.45
25,Zprime_2500GeV_030,0.852324169651,2500.0,0.3
26,Zprime_2000GeV_060,0.81728242701,2000.0,0.6
27,Zprime_4000GeV_060,0.801340857158,4000.0,0.6
28,Zprime_2500GeV_075,0.781116345297,2500.0,0.75
29,Zprime_4000GeV_045,0.828728897599,4000.0,0.45
