,name,auc,mass,nu
0,Zprime_1500GeV_075,0.796861187942,1500.0,0.75
1,Zprime_1500GeV_015,0.866790512168,1500.0,0.15
2,Zprime_3000GeV_060,0.799756490691,3000.0,0.6
3,Zprime_1500GeV_030,0.855848003574,1500.0,0.3
4,Zprime_3000GeV_045,0.828859902952,3000.0,0.45
5,Zprime_2000GeV_045,0.836791994736,2000.0,0.45
6,Zprime_2500GeV_015,0.867747848561,2500.0,0.15
7,Zprime_3500GeV_060,0.797613853194,3500.0,0.6
8,Zprime_2500GeV_045,0.830886133366,2500.0,0.45
9,Zprime_2000GeV_075,0.79256027111,2000.0,0.75
10,Zprime_2500GeV_060,0.805335745689,2500.0,0.6
11,Zprime_4000GeV_075,0.758118855614,4000.0,0.75
12,Zprime_4000GeV_030,0.852489410326,4000.0,0.3
13,Zprime_4000GeV_015,0.865469758327,4000.0,0.15
14,Zprime_3000GeV_030,0.849631018408,3000.0,0.3
15,Zprime_1500GeV_045,0.836625084494,1500.0,0.45
16,Zprime_3000GeV_075,0.770679343889,3000.0,0.75
17,Zprime_1500GeV_060,0.82187972695,1500.0,0.6
18,Zprime_3000GeV_015,0.867583879699,3000.0,0.15
19,Zprime_3500GeV_015,0.865900950508,3500.0,0.15
20,Zprime_3500GeV_030,0.851838186747,3500.0,0.3
21,Zprime_2000GeV_030,0.856401328733,2000.0,0.3
22,Zprime_2000GeV_015,0.868260720944,2000.0,0.15
23,Zprime_3500GeV_075,0.763263817239,3500.0,0.75
24,Zprime_3500GeV_045,0.825808406409,3500.0,0.45
25,Zprime_2500GeV_030,0.851420296042,2500.0,0.3
26,Zprime_2000GeV_060,0.814413926793,2000.0,0.6
27,Zprime_4000GeV_060,0.798113462047,4000.0,0.6
28,Zprime_2500GeV_075,0.776730457093,2500.0,0.75
29,Zprime_4000GeV_045,0.825432554018,4000.0,0.45
