,name,auc,mass,nu
0,Zprime_1500GeV_075,0.811139557685,1500.0,0.75
1,Zprime_1500GeV_015,0.88101950243,1500.0,0.15
2,Zprime_3000GeV_060,0.821123994884,3000.0,0.6
3,Zprime_1500GeV_030,0.872791825079,1500.0,0.3
4,Zprime_3000GeV_045,0.849301000277,3000.0,0.45
5,Zprime_2000GeV_045,0.857928066268,2000.0,0.45
6,Zprime_2500GeV_015,0.885166448552,2500.0,0.15
7,Zprime_3500GeV_060,0.819810511089,3500.0,0.6
8,Zprime_2500GeV_045,0.851395684134,2500.0,0.45
9,Zprime_2000GeV_075,0.81009668186,2000.0,0.75
10,Zprime_2500GeV_060,0.827416434249,2500.0,0.6
11,Zprime_4000GeV_075,0.780417233266,4000.0,0.75
12,Zprime_4000GeV_030,0.877225344645,4000.0,0.3
13,Zprime_4000GeV_015,0.890076916361,4000.0,0.15
14,Zprime_3000GeV_030,0.869534206099,3000.0,0.3
15,Zprime_1500GeV_045,0.85615870054,1500.0,0.45
16,Zprime_3000GeV_075,0.791339333399,3000.0,0.75
17,Zprime_1500GeV_060,0.838009555471,1500.0,0.6
18,Zprime_3000GeV_015,0.886504509468,3000.0,0.15
19,Zprime_3500GeV_015,0.88818803935,3500.0,0.15
20,Zprime_3500GeV_030,0.873139169434,3500.0,0.3
21,Zprime_2000GeV_030,0.876229621756,2000.0,0.3
22,Zprime_2000GeV_015,0.888891676476,2000.0,0.15
23,Zprime_3500GeV_075,0.785670246521,3500.0,0.75
24,Zprime_3500GeV_045,0.849573254726,3500.0,0.45
25,Zprime_2500GeV_030,0.871080466144,2500.0,0.3
26,Zprime_2000GeV_060,0.834550324059,2000.0,0.6
27,Zprime_4000GeV_060,0.820742644127,4000.0,0.6
28,Zprime_2500GeV_075,0.797618013284,2500.0,0.75
29,Zprime_4000GeV_045,0.851381255386,4000.0,0.45
