,name,auc,mass,nu
0,Zprime_1500GeV_075,0.740222788115,1500.0,0.75
1,Zprime_1500GeV_015,0.829676146512,1500.0,0.15
2,Zprime_3000GeV_060,0.76008455472,3000.0,0.6
3,Zprime_1500GeV_030,0.815981105702,1500.0,0.3
4,Zprime_3000GeV_045,0.789912555632,3000.0,0.45
5,Zprime_2000GeV_045,0.794901666752,2000.0,0.45
6,Zprime_2500GeV_015,0.830962144255,2500.0,0.15
7,Zprime_3500GeV_060,0.761584284583,3500.0,0.6
8,Zprime_2500GeV_045,0.790484371553,2500.0,0.45
9,Zprime_2000GeV_075,0.741484207664,2000.0,0.75
10,Zprime_2500GeV_060,0.76210463624,2500.0,0.6
11,Zprime_4000GeV_075,0.723663996481,4000.0,0.75
12,Zprime_4000GeV_030,0.822356708997,4000.0,0.3
13,Zprime_4000GeV_015,0.841181472546,4000.0,0.15
14,Zprime_3000GeV_030,0.811032247637,3000.0,0.3
15,Zprime_1500GeV_045,0.790807549903,1500.0,0.45
16,Zprime_3000GeV_075,0.728495614935,3000.0,0.75
17,Zprime_1500GeV_060,0.773614654309,1500.0,0.6
18,Zprime_3000GeV_015,0.831280353289,3000.0,0.15
19,Zprime_3500GeV_015,0.83293042288,3500.0,0.15
20,Zprime_3500GeV_030,0.816817586577,3500.0,0.3
21,Zprime_2000GeV_030,0.819008674069,2000.0,0.3
22,Zprime_2000GeV_015,0.834942962768,2000.0,0.15
23,Zprime_3500GeV_075,0.725696238793,3500.0,0.75
24,Zprime_3500GeV_045,0.788808032796,3500.0,0.45
25,Zprime_2500GeV_030,0.81334416223,2500.0,0.3
26,Zprime_2000GeV_060,0.767864399339,2000.0,0.6
27,Zprime_4000GeV_060,0.76420485104,4000.0,0.6
28,Zprime_2500GeV_075,0.729449892415,2500.0,0.75
29,Zprime_4000GeV_045,0.793379712874,4000.0,0.45
