,name,auc,mass,nu
0,Zprime_1500GeV_075,0.796318534066,1500.0,0.75
1,Zprime_1500GeV_015,0.867419535665,1500.0,0.15
2,Zprime_3000GeV_060,0.801953965962,3000.0,0.6
3,Zprime_1500GeV_030,0.855402882655,1500.0,0.3
4,Zprime_3000GeV_045,0.830942829907,3000.0,0.45
5,Zprime_2000GeV_045,0.836570016705,2000.0,0.45
6,Zprime_2500GeV_015,0.867722893154,2500.0,0.15
7,Zprime_3500GeV_060,0.800043242992,3500.0,0.6
8,Zprime_2500GeV_045,0.831949002175,2500.0,0.45
9,Zprime_2000GeV_075,0.792883501207,2000.0,0.75
10,Zprime_2500GeV_060,0.806999450027,2500.0,0.6
11,Zprime_4000GeV_075,0.759932292643,4000.0,0.75
12,Zprime_4000GeV_030,0.856165856478,4000.0,0.3
13,Zprime_4000GeV_015,0.868811215403,4000.0,0.15
14,Zprime_3000GeV_030,0.851838300398,3000.0,0.3
15,Zprime_1500GeV_045,0.836993082219,1500.0,0.45
16,Zprime_3000GeV_075,0.772553509265,3000.0,0.75
17,Zprime_1500GeV_060,0.822511407916,1500.0,0.6
18,Zprime_3000GeV_015,0.869425424504,3000.0,0.15
19,Zprime_3500GeV_015,0.868562100714,3500.0,0.15
20,Zprime_3500GeV_030,0.854135992908,3500.0,0.3
21,Zprime_2000GeV_030,0.856778938246,2000.0,0.3
22,Zprime_2000GeV_015,0.868690001755,2000.0,0.15
23,Zprime_3500GeV_075,0.764991259036,3500.0,0.75
24,Zprime_3500GeV_045,0.828236382975,3500.0,0.45
25,Zprime_2500GeV_030,0.852142454476,2500.0,0.3
26,Zprime_2000GeV_060,0.815005519842,2000.0,0.6
27,Zprime_4000GeV_060,0.799982723954,4000.0,0.6
28,Zprime_2500GeV_075,0.77934606998,2500.0,0.75
29,Zprime_4000GeV_045,0.829167798323,4000.0,0.45
