,name,auc,mass,nu
0,Zprime_1500GeV_075,0.74104302221,1500.0,0.75
1,Zprime_1500GeV_015,0.827119859482,1500.0,0.15
2,Zprime_3000GeV_060,0.757944008083,3000.0,0.6
3,Zprime_1500GeV_030,0.813266341036,1500.0,0.3
4,Zprime_3000GeV_045,0.786949367669,3000.0,0.45
5,Zprime_2000GeV_045,0.793917470287,2000.0,0.45
6,Zprime_2500GeV_015,0.824410670696,2500.0,0.15
7,Zprime_3500GeV_060,0.760716037049,3500.0,0.6
8,Zprime_2500GeV_045,0.788135900556,2500.0,0.45
9,Zprime_2000GeV_075,0.743611893185,2000.0,0.75
10,Zprime_2500GeV_060,0.760708672158,2500.0,0.6
11,Zprime_4000GeV_075,0.723278174435,4000.0,0.75
12,Zprime_4000GeV_030,0.818889592478,4000.0,0.3
13,Zprime_4000GeV_015,0.838438447472,4000.0,0.15
14,Zprime_3000GeV_030,0.807737219174,3000.0,0.3
15,Zprime_1500GeV_045,0.790894473188,1500.0,0.45
16,Zprime_3000GeV_075,0.726954485722,3000.0,0.75
17,Zprime_1500GeV_060,0.771355770937,1500.0,0.6
18,Zprime_3000GeV_015,0.828014726355,3000.0,0.15
19,Zprime_3500GeV_015,0.830011259938,3500.0,0.15
20,Zprime_3500GeV_030,0.814425784814,3500.0,0.3
21,Zprime_2000GeV_030,0.815103757472,2000.0,0.3
22,Zprime_2000GeV_015,0.83046745539,2000.0,0.15
23,Zprime_3500GeV_075,0.724580506145,3500.0,0.75
24,Zprime_3500GeV_045,0.788009510253,3500.0,0.45
25,Zprime_2500GeV_030,0.808970767868,2500.0,0.3
26,Zprime_2000GeV_060,0.767929296721,2000.0,0.6
27,Zprime_4000GeV_060,0.762208654353,4000.0,0.6
28,Zprime_2500GeV_075,0.729791992172,2500.0,0.75
29,Zprime_4000GeV_045,0.790503440927,4000.0,0.45
