,name,auc,mass,nu
0,Zprime_1500GeV_075,0.795168349339,1500.0,0.75
1,Zprime_1500GeV_015,0.868004873092,1500.0,0.15
2,Zprime_3000GeV_060,0.803109961447,3000.0,0.6
3,Zprime_1500GeV_030,0.857376740058,1500.0,0.3
4,Zprime_3000GeV_045,0.830467410152,3000.0,0.45
5,Zprime_2000GeV_045,0.839799450776,2000.0,0.45
6,Zprime_2500GeV_015,0.867911134548,2500.0,0.15
7,Zprime_3500GeV_060,0.801779999293,3500.0,0.6
8,Zprime_2500GeV_045,0.832916287049,2500.0,0.45
9,Zprime_2000GeV_075,0.793751764809,2000.0,0.75
10,Zprime_2500GeV_060,0.807864714749,2500.0,0.6
11,Zprime_4000GeV_075,0.765478353405,4000.0,0.75
12,Zprime_4000GeV_030,0.856648147561,4000.0,0.3
13,Zprime_4000GeV_015,0.870293522219,4000.0,0.15
14,Zprime_3000GeV_030,0.849707898188,3000.0,0.3
15,Zprime_1500GeV_045,0.838405302643,1500.0,0.45
16,Zprime_3000GeV_075,0.774490625975,3000.0,0.75
17,Zprime_1500GeV_060,0.824271145901,1500.0,0.6
18,Zprime_3000GeV_015,0.866881604471,3000.0,0.15
19,Zprime_3500GeV_015,0.866449649662,3500.0,0.15
20,Zprime_3500GeV_030,0.853044530742,3500.0,0.3
21,Zprime_2000GeV_030,0.858469965139,2000.0,0.3
22,Zprime_2000GeV_015,0.869289002538,2000.0,0.15
23,Zprime_3500GeV_075,0.769141825383,3500.0,0.75
24,Zprime_3500GeV_045,0.828197442654,3500.0,0.45
25,Zprime_2500GeV_030,0.852469570726,2500.0,0.3
26,Zprime_2000GeV_060,0.816099650909,2000.0,0.6
27,Zprime_4000GeV_060,0.803117294788,4000.0,0.6
28,Zprime_2500GeV_075,0.780587769622,2500.0,0.75
29,Zprime_4000GeV_045,0.830119985803,4000.0,0.45
