,name,auc,mass,nu
0,Zprime_1500GeV_075,0.735331071902,1500.0,0.75
1,Zprime_1500GeV_015,0.827348047,1500.0,0.15
2,Zprime_3000GeV_060,0.758280666045,3000.0,0.6
3,Zprime_1500GeV_030,0.812504045225,1500.0,0.3
4,Zprime_3000GeV_045,0.790595939165,3000.0,0.45
5,Zprime_2000GeV_045,0.79366978459,2000.0,0.45
6,Zprime_2500GeV_015,0.833974962704,2500.0,0.15
7,Zprime_3500GeV_060,0.759536951156,3500.0,0.6
8,Zprime_2500GeV_045,0.790563755967,2500.0,0.45
9,Zprime_2000GeV_075,0.738039165945,2000.0,0.75
10,Zprime_2500GeV_060,0.760321549167,2500.0,0.6
11,Zprime_4000GeV_075,0.716296870401,4000.0,0.75
12,Zprime_4000GeV_030,0.826554314302,4000.0,0.3
13,Zprime_4000GeV_015,0.84525966988,4000.0,0.15
14,Zprime_3000GeV_030,0.814077739903,3000.0,0.3
15,Zprime_1500GeV_045,0.785776631829,1500.0,0.45
16,Zprime_3000GeV_075,0.722063723345,3000.0,0.75
17,Zprime_1500GeV_060,0.766611921782,1500.0,0.6
18,Zprime_3000GeV_015,0.836409930857,3000.0,0.15
19,Zprime_3500GeV_015,0.838640967686,3500.0,0.15
20,Zprime_3500GeV_030,0.82141883097,3500.0,0.3
21,Zprime_2000GeV_030,0.817669920215,2000.0,0.3
22,Zprime_2000GeV_015,0.835441014215,2000.0,0.15
23,Zprime_3500GeV_075,0.720062495117,3500.0,0.75
24,Zprime_3500GeV_045,0.791288878366,3500.0,0.45
25,Zprime_2500GeV_030,0.814891343252,2500.0,0.3
26,Zprime_2000GeV_060,0.765397301947,2000.0,0.6
27,Zprime_4000GeV_060,0.762519527186,4000.0,0.6
28,Zprime_2500GeV_075,0.724256460188,2500.0,0.75
29,Zprime_4000GeV_045,0.794903386807,4000.0,0.45
