,name,auc,mass,nu
0,Zprime_1500GeV_075,0.7638353624,1500.0,0.75
1,Zprime_1500GeV_015,0.84997784958,1500.0,0.15
2,Zprime_3000GeV_060,0.783999570479,3000.0,0.6
3,Zprime_1500GeV_030,0.834965195386,1500.0,0.3
4,Zprime_3000GeV_045,0.818633338599,3000.0,0.45
5,Zprime_2000GeV_045,0.826473090098,2000.0,0.45
6,Zprime_2500GeV_015,0.867184628166,2500.0,0.15
7,Zprime_3500GeV_060,0.779447222212,3500.0,0.6
8,Zprime_2500GeV_045,0.823529640765,2500.0,0.45
9,Zprime_2000GeV_075,0.761844692134,2000.0,0.75
10,Zprime_2500GeV_060,0.791173471313,2500.0,0.6
11,Zprime_4000GeV_075,0.729083625119,4000.0,0.75
12,Zprime_4000GeV_030,0.840434123466,4000.0,0.3
13,Zprime_4000GeV_015,0.854496055108,4000.0,0.15
14,Zprime_3000GeV_030,0.844062888757,3000.0,0.3
15,Zprime_1500GeV_045,0.813299301509,1500.0,0.45
16,Zprime_3000GeV_075,0.747295770073,3000.0,0.75
17,Zprime_1500GeV_060,0.791577357428,1500.0,0.6
18,Zprime_3000GeV_015,0.864470925152,3000.0,0.15
19,Zprime_3500GeV_015,0.859067192595,3500.0,0.15
20,Zprime_3500GeV_030,0.84324660182,3500.0,0.3
21,Zprime_2000GeV_030,0.848882554492,2000.0,0.3
22,Zprime_2000GeV_015,0.867901601898,2000.0,0.15
23,Zprime_3500GeV_075,0.739084158909,3500.0,0.75
24,Zprime_3500GeV_045,0.815553893419,3500.0,0.45
25,Zprime_2500GeV_030,0.847844342953,2500.0,0.3
26,Zprime_2000GeV_060,0.794891830496,2000.0,0.6
27,Zprime_4000GeV_060,0.775392293487,4000.0,0.6
28,Zprime_2500GeV_075,0.750252344285,2500.0,0.75
29,Zprime_4000GeV_045,0.810340018268,4000.0,0.45
