,name,auc,mass,nu
0,Zprime_1500GeV_075,0.776599180816,1500.0,0.75
1,Zprime_1500GeV_015,0.843129778921,1500.0,0.15
2,Zprime_3000GeV_060,0.784431903272,3000.0,0.6
3,Zprime_1500GeV_030,0.827215752578,1500.0,0.3
4,Zprime_3000GeV_045,0.807498128489,3000.0,0.45
5,Zprime_2000GeV_045,0.820892891417,2000.0,0.45
6,Zprime_2500GeV_015,0.840584422644,2500.0,0.15
7,Zprime_3500GeV_060,0.782006978507,3500.0,0.6
8,Zprime_2500GeV_045,0.809792157462,2500.0,0.45
9,Zprime_2000GeV_075,0.777743486508,2000.0,0.75
10,Zprime_2500GeV_060,0.787991190834,2500.0,0.6
11,Zprime_4000GeV_075,0.752153444342,4000.0,0.75
12,Zprime_4000GeV_030,0.838977593495,4000.0,0.3
13,Zprime_4000GeV_015,0.853592491643,4000.0,0.15
14,Zprime_3000GeV_030,0.826154294865,3000.0,0.3
15,Zprime_1500GeV_045,0.806562946978,1500.0,0.45
16,Zprime_3000GeV_075,0.759000745518,3000.0,0.75
17,Zprime_1500GeV_060,0.793638080703,1500.0,0.6
18,Zprime_3000GeV_015,0.843947767062,3000.0,0.15
19,Zprime_3500GeV_015,0.849714292233,3500.0,0.15
20,Zprime_3500GeV_030,0.83299755853,3500.0,0.3
21,Zprime_2000GeV_030,0.83589881449,2000.0,0.3
22,Zprime_2000GeV_015,0.84878995295,2000.0,0.15
23,Zprime_3500GeV_075,0.7551657396,3500.0,0.75
24,Zprime_3500GeV_045,0.810431139499,3500.0,0.45
25,Zprime_2500GeV_030,0.826782494071,2500.0,0.3
26,Zprime_2000GeV_060,0.798334293905,2000.0,0.6
27,Zprime_4000GeV_060,0.784569853505,4000.0,0.6
28,Zprime_2500GeV_075,0.764059716005,2500.0,0.75
29,Zprime_4000GeV_045,0.8125689655,4000.0,0.45
