,name,auc,mass,nu
0,Zprime_1500GeV_075,0.793201819992,1500.0,0.75
1,Zprime_1500GeV_015,0.870747245076,1500.0,0.15
2,Zprime_3000GeV_060,0.805135424184,3000.0,0.6
3,Zprime_1500GeV_030,0.858091648944,1500.0,0.3
4,Zprime_3000GeV_045,0.834047817641,3000.0,0.45
5,Zprime_2000GeV_045,0.845115184827,2000.0,0.45
6,Zprime_2500GeV_015,0.874766891095,2500.0,0.15
7,Zprime_3500GeV_060,0.802068945473,3500.0,0.6
8,Zprime_2500GeV_045,0.837865576674,2500.0,0.45
9,Zprime_2000GeV_075,0.794312231702,2000.0,0.75
10,Zprime_2500GeV_060,0.812612889015,2500.0,0.6
11,Zprime_4000GeV_075,0.760751728859,4000.0,0.75
12,Zprime_4000GeV_030,0.856994190554,4000.0,0.3
13,Zprime_4000GeV_015,0.871524828573,4000.0,0.15
14,Zprime_3000GeV_030,0.854234192117,3000.0,0.3
15,Zprime_1500GeV_045,0.840277291568,1500.0,0.45
16,Zprime_3000GeV_075,0.774542717314,3000.0,0.75
17,Zprime_1500GeV_060,0.82316794748,1500.0,0.6
18,Zprime_3000GeV_015,0.872387222011,3000.0,0.15
19,Zprime_3500GeV_015,0.86903949683,3500.0,0.15
20,Zprime_3500GeV_030,0.855321010865,3500.0,0.3
21,Zprime_2000GeV_030,0.864557672935,2000.0,0.3
22,Zprime_2000GeV_015,0.878258478874,2000.0,0.15
23,Zprime_3500GeV_075,0.767620282047,3500.0,0.75
24,Zprime_3500GeV_045,0.830943453167,3500.0,0.45
25,Zprime_2500GeV_030,0.859297312723,2500.0,0.3
26,Zprime_2000GeV_060,0.820226428249,2000.0,0.6
27,Zprime_4000GeV_060,0.802416145287,4000.0,0.6
28,Zprime_2500GeV_075,0.779999246144,2500.0,0.75
29,Zprime_4000GeV_045,0.831324003874,4000.0,0.45
