,name,auc,mass,nu
0,Zprime_1500GeV_075,0.795531074583,1500.0,0.75
1,Zprime_1500GeV_015,0.86128484286,1500.0,0.15
2,Zprime_3000GeV_060,0.815895251743,3000.0,0.6
3,Zprime_1500GeV_030,0.849750397406,1500.0,0.3
4,Zprime_3000GeV_045,0.837360909491,3000.0,0.45
5,Zprime_2000GeV_045,0.844866829677,2000.0,0.45
6,Zprime_2500GeV_015,0.866377850784,2500.0,0.15
7,Zprime_3500GeV_060,0.814084485054,3500.0,0.6
8,Zprime_2500GeV_045,0.838643089665,2500.0,0.45
9,Zprime_2000GeV_075,0.799754767593,2000.0,0.75
10,Zprime_2500GeV_060,0.81723381255,2500.0,0.6
11,Zprime_4000GeV_075,0.784215412117,4000.0,0.75
12,Zprime_4000GeV_030,0.865762243456,4000.0,0.3
13,Zprime_4000GeV_015,0.877379896902,4000.0,0.15
14,Zprime_3000GeV_030,0.854949746664,3000.0,0.3
15,Zprime_1500GeV_045,0.829251572594,1500.0,0.45
16,Zprime_3000GeV_075,0.787623431595,3000.0,0.75
17,Zprime_1500GeV_060,0.813978584909,1500.0,0.6
18,Zprime_3000GeV_015,0.870732895142,3000.0,0.15
19,Zprime_3500GeV_015,0.874338767722,3500.0,0.15
20,Zprime_3500GeV_030,0.861188827636,3500.0,0.3
21,Zprime_2000GeV_030,0.861826160831,2000.0,0.3
22,Zprime_2000GeV_015,0.872698603308,2000.0,0.15
23,Zprime_3500GeV_075,0.787308191035,3500.0,0.75
24,Zprime_3500GeV_045,0.840209714689,3500.0,0.45
25,Zprime_2500GeV_030,0.853687890147,2500.0,0.3
26,Zprime_2000GeV_060,0.819473652485,2000.0,0.6
27,Zprime_4000GeV_060,0.817234969656,4000.0,0.6
28,Zprime_2500GeV_075,0.79202384898,2500.0,0.75
29,Zprime_4000GeV_045,0.842981005419,4000.0,0.45
