,name,auc,mass,nu
0,Zprime_1500GeV_075,0.742066792432,1500.0,0.75
1,Zprime_1500GeV_015,0.828446066987,1500.0,0.15
2,Zprime_3000GeV_060,0.758691235271,3000.0,0.6
3,Zprime_1500GeV_030,0.815120661698,1500.0,0.3
4,Zprime_3000GeV_045,0.794413064248,3000.0,0.45
5,Zprime_2000GeV_045,0.792353637983,2000.0,0.45
6,Zprime_2500GeV_015,0.836516615055,2500.0,0.15
7,Zprime_3500GeV_060,0.763739001539,3500.0,0.6
8,Zprime_2500GeV_045,0.79062358031,2500.0,0.45
9,Zprime_2000GeV_075,0.737573991304,2000.0,0.75
10,Zprime_2500GeV_060,0.758513717576,2500.0,0.6
11,Zprime_4000GeV_075,0.720355988801,4000.0,0.75
12,Zprime_4000GeV_030,0.835859089397,4000.0,0.3
13,Zprime_4000GeV_015,0.855808517038,4000.0,0.15
14,Zprime_3000GeV_030,0.819792092876,3000.0,0.3
15,Zprime_1500GeV_045,0.791766404172,1500.0,0.45
16,Zprime_3000GeV_075,0.721968512534,3000.0,0.75
17,Zprime_1500GeV_060,0.772355708049,1500.0,0.6
18,Zprime_3000GeV_015,0.844629652083,3000.0,0.15
19,Zprime_3500GeV_015,0.849356215917,3500.0,0.15
20,Zprime_3500GeV_030,0.830221175281,3500.0,0.3
21,Zprime_2000GeV_030,0.817522802277,2000.0,0.3
22,Zprime_2000GeV_015,0.834110681827,2000.0,0.15
23,Zprime_3500GeV_075,0.720831587404,3500.0,0.75
24,Zprime_3500GeV_045,0.797106640611,3500.0,0.45
25,Zprime_2500GeV_030,0.816088767733,2500.0,0.3
26,Zprime_2000GeV_060,0.764028682124,2000.0,0.6
27,Zprime_4000GeV_060,0.767234851004,4000.0,0.6
28,Zprime_2500GeV_075,0.721539348091,2500.0,0.75
29,Zprime_4000GeV_045,0.802497690271,4000.0,0.45
