,name,auc,mass,nu
0,Zprime_1500GeV_075,0.736710159473,1500.0,0.75
1,Zprime_1500GeV_015,0.830380153559,1500.0,0.15
2,Zprime_3000GeV_060,0.759213958382,3000.0,0.6
3,Zprime_1500GeV_030,0.816142476317,1500.0,0.3
4,Zprime_3000GeV_045,0.790567569674,3000.0,0.45
5,Zprime_2000GeV_045,0.79664364232,2000.0,0.45
6,Zprime_2500GeV_015,0.834198696498,2500.0,0.15
7,Zprime_3500GeV_060,0.761465872286,3500.0,0.6
8,Zprime_2500GeV_045,0.791594359903,2500.0,0.45
9,Zprime_2000GeV_075,0.740399014843,2000.0,0.75
10,Zprime_2500GeV_060,0.760984552944,2500.0,0.6
11,Zprime_4000GeV_075,0.719816731842,4000.0,0.75
12,Zprime_4000GeV_030,0.826244746563,4000.0,0.3
13,Zprime_4000GeV_015,0.845841472423,4000.0,0.15
14,Zprime_3000GeV_030,0.813892873461,3000.0,0.3
15,Zprime_1500GeV_045,0.790280511033,1500.0,0.45
16,Zprime_3000GeV_075,0.725075377642,3000.0,0.75
17,Zprime_1500GeV_060,0.771442830545,1500.0,0.6
18,Zprime_3000GeV_015,0.836046415491,3000.0,0.15
19,Zprime_3500GeV_015,0.837716432938,3500.0,0.15
20,Zprime_3500GeV_030,0.820550503577,3500.0,0.3
21,Zprime_2000GeV_030,0.82117656701,2000.0,0.3
22,Zprime_2000GeV_015,0.837879116691,2000.0,0.15
23,Zprime_3500GeV_075,0.72228536144,3500.0,0.75
24,Zprime_3500GeV_045,0.791124091938,3500.0,0.45
25,Zprime_2500GeV_030,0.815738034924,2500.0,0.3
26,Zprime_2000GeV_060,0.767633147814,2000.0,0.6
27,Zprime_4000GeV_060,0.763205191429,4000.0,0.6
28,Zprime_2500GeV_075,0.726784842992,2500.0,0.75
29,Zprime_4000GeV_045,0.794777858017,4000.0,0.45
