,name,auc,mass,nu
0,Zprime_1500GeV_075,0.743446744331,1500.0,0.75
1,Zprime_1500GeV_015,0.834003046661,1500.0,0.15
2,Zprime_3000GeV_060,0.769717090794,3000.0,0.6
3,Zprime_1500GeV_030,0.822415471662,1500.0,0.3
4,Zprime_3000GeV_045,0.806083481947,3000.0,0.45
5,Zprime_2000GeV_045,0.812333906483,2000.0,0.45
6,Zprime_2500GeV_015,0.854786703455,2500.0,0.15
7,Zprime_3500GeV_060,0.767088465876,3500.0,0.6
8,Zprime_2500GeV_045,0.809867801006,2500.0,0.45
9,Zprime_2000GeV_075,0.744131499361,2000.0,0.75
10,Zprime_2500GeV_060,0.776015930701,2500.0,0.6
11,Zprime_4000GeV_075,0.717010225034,4000.0,0.75
12,Zprime_4000GeV_030,0.828335465864,4000.0,0.3
13,Zprime_4000GeV_015,0.840683127648,4000.0,0.15
14,Zprime_3000GeV_030,0.830349806155,3000.0,0.3
15,Zprime_1500GeV_045,0.798549850247,1500.0,0.45
16,Zprime_3000GeV_075,0.730153367526,3000.0,0.75
17,Zprime_1500GeV_060,0.771214273179,1500.0,0.6
18,Zprime_3000GeV_015,0.852175368413,3000.0,0.15
19,Zprime_3500GeV_015,0.845532556159,3500.0,0.15
20,Zprime_3500GeV_030,0.829311552472,3500.0,0.3
21,Zprime_2000GeV_030,0.837298945393,2000.0,0.3
22,Zprime_2000GeV_015,0.857918977345,2000.0,0.15
23,Zprime_3500GeV_075,0.723548913448,3500.0,0.75
24,Zprime_3500GeV_045,0.802285499229,3500.0,0.45
25,Zprime_2500GeV_030,0.835652495797,2500.0,0.3
26,Zprime_2000GeV_060,0.780018670445,2000.0,0.6
27,Zprime_4000GeV_060,0.764444818427,4000.0,0.6
28,Zprime_2500GeV_075,0.73401763225,2500.0,0.75
29,Zprime_4000GeV_045,0.797837980984,4000.0,0.45
