,name,auc,mass,nu
0,Zprime_1500GeV_075,0.78064014954,1500.0,0.75
1,Zprime_1500GeV_015,0.860374551682,1500.0,0.15
2,Zprime_3000GeV_060,0.799431730812,3000.0,0.6
3,Zprime_1500GeV_030,0.845313253747,1500.0,0.3
4,Zprime_3000GeV_045,0.825086036861,3000.0,0.45
5,Zprime_2000GeV_045,0.842636752419,2000.0,0.45
6,Zprime_2500GeV_015,0.866251077797,2500.0,0.15
7,Zprime_3500GeV_060,0.794601288009,3500.0,0.6
8,Zprime_2500GeV_045,0.830422136572,2500.0,0.45
9,Zprime_2000GeV_075,0.787683672608,2000.0,0.75
10,Zprime_2500GeV_060,0.805151940115,2500.0,0.6
11,Zprime_4000GeV_075,0.759147400308,4000.0,0.75
12,Zprime_4000GeV_030,0.852363128505,4000.0,0.3
13,Zprime_4000GeV_015,0.868997393036,4000.0,0.15
14,Zprime_3000GeV_030,0.84550627479,3000.0,0.3
15,Zprime_1500GeV_045,0.822342101331,1500.0,0.45
16,Zprime_3000GeV_075,0.770966622437,3000.0,0.75
17,Zprime_1500GeV_060,0.80296271533,1500.0,0.6
18,Zprime_3000GeV_015,0.864479631536,3000.0,0.15
19,Zprime_3500GeV_015,0.865213961883,3500.0,0.15
20,Zprime_3500GeV_030,0.847299738906,3500.0,0.3
21,Zprime_2000GeV_030,0.860020989578,2000.0,0.3
22,Zprime_2000GeV_015,0.874348068944,2000.0,0.15
23,Zprime_3500GeV_075,0.764819678833,3500.0,0.75
24,Zprime_3500GeV_045,0.823852999187,3500.0,0.45
25,Zprime_2500GeV_030,0.850300636042,2500.0,0.3
26,Zprime_2000GeV_060,0.814978736072,2000.0,0.6
27,Zprime_4000GeV_060,0.794544090938,4000.0,0.6
28,Zprime_2500GeV_075,0.776414299681,2500.0,0.75
29,Zprime_4000GeV_045,0.823859430083,4000.0,0.45
