,name,auc,mass,nu
0,Zprime_1500GeV_075,0.811219534209,1500.0,0.75
1,Zprime_1500GeV_015,0.882379871695,1500.0,0.15
2,Zprime_3000GeV_060,0.818414428936,3000.0,0.6
3,Zprime_1500GeV_030,0.870559219389,1500.0,0.3
4,Zprime_3000GeV_045,0.849105471278,3000.0,0.45
5,Zprime_2000GeV_045,0.852285686158,2000.0,0.45
6,Zprime_2500GeV_015,0.88626121402,2500.0,0.15
7,Zprime_3500GeV_060,0.817608312214,3500.0,0.6
8,Zprime_2500GeV_045,0.849552246464,2500.0,0.45
9,Zprime_2000GeV_075,0.806591185368,2000.0,0.75
10,Zprime_2500GeV_060,0.822417392584,2500.0,0.6
11,Zprime_4000GeV_075,0.778170840259,4000.0,0.75
12,Zprime_4000GeV_030,0.87681438417,4000.0,0.3
13,Zprime_4000GeV_015,0.889988673825,4000.0,0.15
14,Zprime_3000GeV_030,0.870896152089,3000.0,0.3
15,Zprime_1500GeV_045,0.854840754667,1500.0,0.45
16,Zprime_3000GeV_075,0.788750658511,3000.0,0.75
17,Zprime_1500GeV_060,0.839593211719,1500.0,0.6
18,Zprime_3000GeV_015,0.889591414254,3000.0,0.15
19,Zprime_3500GeV_015,0.890690220278,3500.0,0.15
20,Zprime_3500GeV_030,0.874528483337,3500.0,0.3
21,Zprime_2000GeV_030,0.871844607297,2000.0,0.3
22,Zprime_2000GeV_015,0.884851012138,2000.0,0.15
23,Zprime_3500GeV_075,0.782992839046,3500.0,0.75
24,Zprime_3500GeV_045,0.849530158798,3500.0,0.45
25,Zprime_2500GeV_030,0.86996286895,2500.0,0.3
26,Zprime_2000GeV_060,0.830903569757,2000.0,0.6
27,Zprime_4000GeV_060,0.819150844458,4000.0,0.6
28,Zprime_2500GeV_075,0.794675133952,2500.0,0.75
29,Zprime_4000GeV_045,0.85046169925,4000.0,0.45
