,name,auc,mass,nu
0,Zprime_1500GeV_075,0.734007157264,1500.0,0.75
1,Zprime_1500GeV_015,0.820742368817,1500.0,0.15
2,Zprime_3000GeV_060,0.753229074942,3000.0,0.6
3,Zprime_1500GeV_030,0.806959070875,1500.0,0.3
4,Zprime_3000GeV_045,0.783616577159,3000.0,0.45
5,Zprime_2000GeV_045,0.783674298107,2000.0,0.45
6,Zprime_2500GeV_015,0.820003984007,2500.0,0.15
7,Zprime_3500GeV_060,0.757159307769,3500.0,0.6
8,Zprime_2500GeV_045,0.780531909403,2500.0,0.45
9,Zprime_2000GeV_075,0.733996809018,2000.0,0.75
10,Zprime_2500GeV_060,0.753861425035,2500.0,0.6
11,Zprime_4000GeV_075,0.720880318281,4000.0,0.75
12,Zprime_4000GeV_030,0.827019462566,4000.0,0.3
13,Zprime_4000GeV_015,0.848562111164,4000.0,0.15
14,Zprime_3000GeV_030,0.806856822174,3000.0,0.3
15,Zprime_1500GeV_045,0.781850690148,1500.0,0.45
16,Zprime_3000GeV_075,0.72147173924,3000.0,0.75
17,Zprime_1500GeV_060,0.765719956029,1500.0,0.6
18,Zprime_3000GeV_015,0.830095923477,3000.0,0.15
19,Zprime_3500GeV_015,0.837598263925,3500.0,0.15
20,Zprime_3500GeV_030,0.818915952644,3500.0,0.3
21,Zprime_2000GeV_030,0.805813900287,2000.0,0.3
22,Zprime_2000GeV_015,0.820653255621,2000.0,0.15
23,Zprime_3500GeV_075,0.720234237229,3500.0,0.75
24,Zprime_3500GeV_045,0.788123335497,3500.0,0.45
25,Zprime_2500GeV_030,0.801845226972,2500.0,0.3
26,Zprime_2000GeV_060,0.757606027901,2000.0,0.6
27,Zprime_4000GeV_060,0.76337200005,4000.0,0.6
28,Zprime_2500GeV_075,0.720270953861,2500.0,0.75
29,Zprime_4000GeV_045,0.794675198851,4000.0,0.45
