,name,auc,mass,nu
0,Zprime_1500GeV_075,0.798767951074,1500.0,0.75
1,Zprime_1500GeV_015,0.873018434497,1500.0,0.15
2,Zprime_3000GeV_060,0.808289500312,3000.0,0.6
3,Zprime_1500GeV_030,0.863313732972,1500.0,0.3
4,Zprime_3000GeV_045,0.838952103641,3000.0,0.45
5,Zprime_2000GeV_045,0.84537959594,2000.0,0.45
6,Zprime_2500GeV_015,0.879551653274,2500.0,0.15
7,Zprime_3500GeV_060,0.806815476961,3500.0,0.6
8,Zprime_2500GeV_045,0.840630519481,2500.0,0.45
9,Zprime_2000GeV_075,0.795092352262,2000.0,0.75
10,Zprime_2500GeV_060,0.812825112641,2500.0,0.6
11,Zprime_4000GeV_075,0.76496783685,4000.0,0.75
12,Zprime_4000GeV_030,0.864776626867,4000.0,0.3
13,Zprime_4000GeV_015,0.877819141001,4000.0,0.15
14,Zprime_3000GeV_030,0.86041224448,3000.0,0.3
15,Zprime_1500GeV_045,0.843055876049,1500.0,0.45
16,Zprime_3000GeV_075,0.776816306806,3000.0,0.75
17,Zprime_1500GeV_060,0.828244402274,1500.0,0.6
18,Zprime_3000GeV_015,0.879485625376,3000.0,0.15
19,Zprime_3500GeV_015,0.877754729784,3500.0,0.15
20,Zprime_3500GeV_030,0.863300782132,3500.0,0.3
21,Zprime_2000GeV_030,0.865949646812,2000.0,0.3
22,Zprime_2000GeV_015,0.879497103997,2000.0,0.15
23,Zprime_3500GeV_075,0.769382874138,3500.0,0.75
24,Zprime_3500GeV_045,0.836506377669,3500.0,0.45
25,Zprime_2500GeV_030,0.862173650197,2500.0,0.3
26,Zprime_2000GeV_060,0.820231253342,2000.0,0.6
27,Zprime_4000GeV_060,0.807758579437,4000.0,0.6
28,Zprime_2500GeV_075,0.782166782884,2500.0,0.75
29,Zprime_4000GeV_045,0.836965366575,4000.0,0.45
