,name,auc,mass,nu
0,Zprime_1500GeV_075,0.746765082535,1500.0,0.75
1,Zprime_1500GeV_015,0.835838560137,1500.0,0.15
2,Zprime_3000GeV_060,0.804591415479,3000.0,0.6
3,Zprime_1500GeV_030,0.823952697141,1500.0,0.3
4,Zprime_3000GeV_045,0.839087375189,3000.0,0.45
5,Zprime_2000GeV_045,0.828975252215,2000.0,0.45
6,Zprime_2500GeV_015,0.878486160924,2500.0,0.15
7,Zprime_3500GeV_060,0.80697285311,3500.0,0.6
8,Zprime_2500GeV_045,0.833680645824,2500.0,0.45
9,Zprime_2000GeV_075,0.757350592386,2000.0,0.75
10,Zprime_2500GeV_060,0.798929244422,2500.0,0.6
11,Zprime_4000GeV_075,0.759792058156,4000.0,0.75
12,Zprime_4000GeV_030,0.878149881324,4000.0,0.3
13,Zprime_4000GeV_015,0.894171780668,4000.0,0.15
14,Zprime_3000GeV_030,0.864122903214,3000.0,0.3
15,Zprime_1500GeV_045,0.795278468456,1500.0,0.45
16,Zprime_3000GeV_075,0.761676631755,3000.0,0.75
17,Zprime_1500GeV_060,0.774620980517,1500.0,0.6
18,Zprime_3000GeV_015,0.885508582972,3000.0,0.15
19,Zprime_3500GeV_015,0.889882293412,3500.0,0.15
20,Zprime_3500GeV_030,0.872168827804,3500.0,0.3
21,Zprime_2000GeV_030,0.851234072536,2000.0,0.3
22,Zprime_2000GeV_015,0.871935851968,2000.0,0.15
23,Zprime_3500GeV_075,0.764311430151,3500.0,0.75
24,Zprime_3500GeV_045,0.845246153619,3500.0,0.45
25,Zprime_2500GeV_030,0.858906235297,2500.0,0.3
26,Zprime_2000GeV_060,0.795856657187,2000.0,0.6
27,Zprime_4000GeV_060,0.811580398317,4000.0,0.6
28,Zprime_2500GeV_075,0.753828750764,2500.0,0.75
29,Zprime_4000GeV_045,0.847007774916,4000.0,0.45
