,name,auc,mass,nu
0,Zprime_1500GeV_075,0.779030351896,1500.0,0.75
1,Zprime_1500GeV_015,0.84880347212,1500.0,0.15
2,Zprime_3000GeV_060,0.798348929634,3000.0,0.6
3,Zprime_1500GeV_030,0.837279117412,1500.0,0.3
4,Zprime_3000GeV_045,0.825915024316,3000.0,0.45
5,Zprime_2000GeV_045,0.833007503881,2000.0,0.45
6,Zprime_2500GeV_015,0.861880284518,2500.0,0.15
7,Zprime_3500GeV_060,0.794737587834,3500.0,0.6
8,Zprime_2500GeV_045,0.826789256114,2500.0,0.45
9,Zprime_2000GeV_075,0.784001899118,2000.0,0.75
10,Zprime_2500GeV_060,0.800937389136,2500.0,0.6
11,Zprime_4000GeV_075,0.757752770919,4000.0,0.75
12,Zprime_4000GeV_030,0.858497074691,4000.0,0.3
13,Zprime_4000GeV_015,0.873034998939,4000.0,0.15
14,Zprime_3000GeV_030,0.847096742677,3000.0,0.3
15,Zprime_1500GeV_045,0.816218920095,1500.0,0.45
16,Zprime_3000GeV_075,0.766426022353,3000.0,0.75
17,Zprime_1500GeV_060,0.801963650449,1500.0,0.6
18,Zprime_3000GeV_015,0.867582395014,3000.0,0.15
19,Zprime_3500GeV_015,0.870014650225,3500.0,0.15
20,Zprime_3500GeV_030,0.853455280329,3500.0,0.3
21,Zprime_2000GeV_030,0.850911391879,2000.0,0.3
22,Zprime_2000GeV_015,0.864003173034,2000.0,0.15
23,Zprime_3500GeV_075,0.76342534128,3500.0,0.75
24,Zprime_3500GeV_045,0.825850900393,3500.0,0.45
25,Zprime_2500GeV_030,0.845977957997,2500.0,0.3
26,Zprime_2000GeV_060,0.807708712507,2000.0,0.6
27,Zprime_4000GeV_060,0.796688753755,4000.0,0.6
28,Zprime_2500GeV_075,0.774212179209,2500.0,0.75
29,Zprime_4000GeV_045,0.829411402627,4000.0,0.45
