,name,auc,mass,nu
0,Zprime_1500GeV_075,0.670639336024,1500.0,0.75
1,Zprime_1500GeV_015,0.766281071134,1500.0,0.15
2,Zprime_3000GeV_060,0.719663863759,3000.0,0.6
3,Zprime_1500GeV_030,0.75167332838,1500.0,0.3
4,Zprime_3000GeV_045,0.758169411979,3000.0,0.45
5,Zprime_2000GeV_045,0.747644973248,2000.0,0.45
6,Zprime_2500GeV_015,0.80240636885,2500.0,0.15
7,Zprime_3500GeV_060,0.723094905008,3500.0,0.6
8,Zprime_2500GeV_045,0.749270482767,2500.0,0.45
9,Zprime_2000GeV_075,0.68581946574,2000.0,0.75
10,Zprime_2500GeV_060,0.716523365887,2500.0,0.6
11,Zprime_4000GeV_075,0.680319802138,4000.0,0.75
12,Zprime_4000GeV_030,0.816800977335,4000.0,0.3
13,Zprime_4000GeV_015,0.844099939089,4000.0,0.15
14,Zprime_3000GeV_030,0.788833470661,3000.0,0.3
15,Zprime_1500GeV_045,0.71863440192,1500.0,0.45
16,Zprime_3000GeV_075,0.679557393066,3000.0,0.75
17,Zprime_1500GeV_060,0.703769614524,1500.0,0.6
18,Zprime_3000GeV_015,0.817826264804,3000.0,0.15
19,Zprime_3500GeV_015,0.833800043011,3500.0,0.15
20,Zprime_3500GeV_030,0.806434385577,3500.0,0.3
21,Zprime_2000GeV_030,0.769182152918,2000.0,0.3
22,Zprime_2000GeV_015,0.790785953207,2000.0,0.15
23,Zprime_3500GeV_075,0.681171409181,3500.0,0.75
24,Zprime_3500GeV_045,0.768293237362,3500.0,0.45
25,Zprime_2500GeV_030,0.776681221079,2500.0,0.3
26,Zprime_2000GeV_060,0.71876414857,2000.0,0.6
27,Zprime_4000GeV_060,0.734145661819,4000.0,0.6
28,Zprime_2500GeV_075,0.675881135317,2500.0,0.75
29,Zprime_4000GeV_045,0.779052981255,4000.0,0.45
