,name,auc,mass,nu
0,Zprime_1500GeV_075,0.717568910638,1500.0,0.75
1,Zprime_1500GeV_015,0.809475834246,1500.0,0.15
2,Zprime_3000GeV_060,0.74581965635,3000.0,0.6
3,Zprime_1500GeV_030,0.793082792225,1500.0,0.3
4,Zprime_3000GeV_045,0.777843245613,3000.0,0.45
5,Zprime_2000GeV_045,0.776266361019,2000.0,0.45
6,Zprime_2500GeV_015,0.816883816012,2500.0,0.15
7,Zprime_3500GeV_060,0.749403266887,3500.0,0.6
8,Zprime_2500GeV_045,0.774118710876,2500.0,0.45
9,Zprime_2000GeV_075,0.720176490314,2000.0,0.75
10,Zprime_2500GeV_060,0.745920072415,2500.0,0.6
11,Zprime_4000GeV_075,0.713257613611,4000.0,0.75
12,Zprime_4000GeV_030,0.81908796833,4000.0,0.3
13,Zprime_4000GeV_015,0.841063934061,4000.0,0.15
14,Zprime_3000GeV_030,0.80140448302,3000.0,0.3
15,Zprime_1500GeV_045,0.766211061215,1500.0,0.45
16,Zprime_3000GeV_075,0.71287420886,3000.0,0.75
17,Zprime_1500GeV_060,0.747420277167,1500.0,0.6
18,Zprime_3000GeV_015,0.823840638605,3000.0,0.15
19,Zprime_3500GeV_015,0.831871557647,3500.0,0.15
20,Zprime_3500GeV_030,0.813472750254,3500.0,0.3
21,Zprime_2000GeV_030,0.797503866445,2000.0,0.3
22,Zprime_2000GeV_015,0.815314081247,2000.0,0.15
23,Zprime_3500GeV_075,0.713706657401,3500.0,0.75
24,Zprime_3500GeV_045,0.78348967536,3500.0,0.45
25,Zprime_2500GeV_030,0.797556745591,2500.0,0.3
26,Zprime_2000GeV_060,0.749010147434,2000.0,0.6
27,Zprime_4000GeV_060,0.755178212941,4000.0,0.6
28,Zprime_2500GeV_075,0.712389572426,2500.0,0.75
29,Zprime_4000GeV_045,0.78774831082,4000.0,0.45
