,name,auc,mass,nu
0,Zprime_1500GeV_075,0.805511853157,1500.0,0.75
1,Zprime_1500GeV_015,0.878989590607,1500.0,0.15
2,Zprime_3000GeV_060,0.817702926481,3000.0,0.6
3,Zprime_1500GeV_030,0.868572568712,1500.0,0.3
4,Zprime_3000GeV_045,0.847017191427,3000.0,0.45
5,Zprime_2000GeV_045,0.854799049638,2000.0,0.45
6,Zprime_2500GeV_015,0.884693079891,2500.0,0.15
7,Zprime_3500GeV_060,0.816344428349,3500.0,0.6
8,Zprime_2500GeV_045,0.848866089942,2500.0,0.45
9,Zprime_2000GeV_075,0.805085672493,2000.0,0.75
10,Zprime_2500GeV_060,0.823426113853,2500.0,0.6
11,Zprime_4000GeV_075,0.776406185457,4000.0,0.75
12,Zprime_4000GeV_030,0.874415472049,4000.0,0.3
13,Zprime_4000GeV_015,0.889555854313,4000.0,0.15
14,Zprime_3000GeV_030,0.867916749655,3000.0,0.3
15,Zprime_1500GeV_045,0.852057391731,1500.0,0.45
16,Zprime_3000GeV_075,0.786485616223,3000.0,0.75
17,Zprime_1500GeV_060,0.830755456724,1500.0,0.6
18,Zprime_3000GeV_015,0.883953782424,3000.0,0.15
19,Zprime_3500GeV_015,0.886221355603,3500.0,0.15
20,Zprime_3500GeV_030,0.87071076266,3500.0,0.3
21,Zprime_2000GeV_030,0.873444126122,2000.0,0.3
22,Zprime_2000GeV_015,0.887299747953,2000.0,0.15
23,Zprime_3500GeV_075,0.781382529127,3500.0,0.75
24,Zprime_3500GeV_045,0.847799954296,3500.0,0.45
25,Zprime_2500GeV_030,0.869108812279,2500.0,0.3
26,Zprime_2000GeV_060,0.830272986828,2000.0,0.6
27,Zprime_4000GeV_060,0.81849109952,4000.0,0.6
28,Zprime_2500GeV_075,0.792055736338,2500.0,0.75
29,Zprime_4000GeV_045,0.848800197939,4000.0,0.45
