,name,auc,mass,nu
0,Zprime_1500GeV_075,0.788504616847,1500.0,0.75
1,Zprime_1500GeV_015,0.863666865132,1500.0,0.15
2,Zprime_3000GeV_060,0.800124531402,3000.0,0.6
3,Zprime_1500GeV_030,0.85324422023,1500.0,0.3
4,Zprime_3000GeV_045,0.831324481953,3000.0,0.45
5,Zprime_2000GeV_045,0.837131525443,2000.0,0.45
6,Zprime_2500GeV_015,0.871656462562,2500.0,0.15
7,Zprime_3500GeV_060,0.797919202875,3500.0,0.6
8,Zprime_2500GeV_045,0.833073618057,2500.0,0.45
9,Zprime_2000GeV_075,0.78858486942,2000.0,0.75
10,Zprime_2500GeV_060,0.804194164733,2500.0,0.6
11,Zprime_4000GeV_075,0.755093443378,4000.0,0.75
12,Zprime_4000GeV_030,0.856543327022,4000.0,0.3
13,Zprime_4000GeV_015,0.870234974657,4000.0,0.15
14,Zprime_3000GeV_030,0.853705355884,3000.0,0.3
15,Zprime_1500GeV_045,0.834256399248,1500.0,0.45
16,Zprime_3000GeV_075,0.769203980755,3000.0,0.75
17,Zprime_1500GeV_060,0.817858303548,1500.0,0.6
18,Zprime_3000GeV_015,0.873466482891,3000.0,0.15
19,Zprime_3500GeV_015,0.870457662524,3500.0,0.15
20,Zprime_3500GeV_030,0.85529610567,3500.0,0.3
21,Zprime_2000GeV_030,0.857956044715,2000.0,0.3
22,Zprime_2000GeV_015,0.870868728419,2000.0,0.15
23,Zprime_3500GeV_075,0.760567881054,3500.0,0.75
24,Zprime_3500GeV_045,0.828650171873,3500.0,0.45
25,Zprime_2500GeV_030,0.854920130647,2500.0,0.3
26,Zprime_2000GeV_060,0.812660802439,2000.0,0.6
27,Zprime_4000GeV_060,0.798408851368,4000.0,0.6
28,Zprime_2500GeV_075,0.773075105292,2500.0,0.75
29,Zprime_4000GeV_045,0.828178795257,4000.0,0.45
