,name,auc,mass,nu
0,Zprime_1500GeV_075,0.735581582943,1500.0,0.75
1,Zprime_1500GeV_015,0.829105316772,1500.0,0.15
2,Zprime_3000GeV_060,0.757970240443,3000.0,0.6
3,Zprime_1500GeV_030,0.814529580547,1500.0,0.3
4,Zprime_3000GeV_045,0.787957302829,3000.0,0.45
5,Zprime_2000GeV_045,0.797383546622,2000.0,0.45
6,Zprime_2500GeV_015,0.830256074433,2500.0,0.15
7,Zprime_3500GeV_060,0.757892068358,3500.0,0.6
8,Zprime_2500GeV_045,0.791221705419,2500.0,0.45
9,Zprime_2000GeV_075,0.738806864645,2000.0,0.75
10,Zprime_2500GeV_060,0.763404655764,2500.0,0.6
11,Zprime_4000GeV_075,0.719391601048,4000.0,0.75
12,Zprime_4000GeV_030,0.814990829019,4000.0,0.3
13,Zprime_4000GeV_015,0.832033527662,4000.0,0.15
14,Zprime_3000GeV_030,0.808559487287,3000.0,0.3
15,Zprime_1500GeV_045,0.790311162267,1500.0,0.45
16,Zprime_3000GeV_075,0.727135828643,3000.0,0.75
17,Zprime_1500GeV_060,0.768433729943,1500.0,0.6
18,Zprime_3000GeV_015,0.828301364102,3000.0,0.15
19,Zprime_3500GeV_015,0.82878438188,3500.0,0.15
20,Zprime_3500GeV_030,0.812577970742,3500.0,0.3
21,Zprime_2000GeV_030,0.820347666364,2000.0,0.3
22,Zprime_2000GeV_015,0.836752604058,2000.0,0.15
23,Zprime_3500GeV_075,0.722947743972,3500.0,0.75
24,Zprime_3500GeV_045,0.787908235823,3500.0,0.45
25,Zprime_2500GeV_030,0.811748935714,2500.0,0.3
26,Zprime_2000GeV_060,0.767724263547,2000.0,0.6
27,Zprime_4000GeV_060,0.758743384599,4000.0,0.6
28,Zprime_2500GeV_075,0.727290847988,2500.0,0.75
29,Zprime_4000GeV_045,0.787960444053,4000.0,0.45
