,name,auc,mass,nu
0,Zprime_1500GeV_075,0.805249699882,1500.0,0.75
1,Zprime_1500GeV_015,0.869783077712,1500.0,0.15
2,Zprime_3000GeV_060,0.812231259146,3000.0,0.6
3,Zprime_1500GeV_030,0.857520455157,1500.0,0.3
4,Zprime_3000GeV_045,0.83238181291,3000.0,0.45
5,Zprime_2000GeV_045,0.848677443425,2000.0,0.45
6,Zprime_2500GeV_015,0.865861639984,2500.0,0.15
7,Zprime_3500GeV_060,0.805942695168,3500.0,0.6
8,Zprime_2500GeV_045,0.83775375096,2500.0,0.45
9,Zprime_2000GeV_075,0.807830818635,2000.0,0.75
10,Zprime_2500GeV_060,0.818482911745,2500.0,0.6
11,Zprime_4000GeV_075,0.777153923641,4000.0,0.75
12,Zprime_4000GeV_030,0.85458671367,4000.0,0.3
13,Zprime_4000GeV_015,0.866427302733,4000.0,0.15
14,Zprime_3000GeV_030,0.849283839506,3000.0,0.3
15,Zprime_1500GeV_045,0.838222847203,1500.0,0.45
16,Zprime_3000GeV_075,0.787430767052,3000.0,0.75
17,Zprime_1500GeV_060,0.823148823805,1500.0,0.6
18,Zprime_3000GeV_015,0.865143582534,3000.0,0.15
19,Zprime_3500GeV_015,0.865472657756,3500.0,0.15
20,Zprime_3500GeV_030,0.851647894459,3500.0,0.3
21,Zprime_2000GeV_030,0.864670633808,2000.0,0.3
22,Zprime_2000GeV_015,0.874961424164,2000.0,0.15
23,Zprime_3500GeV_075,0.782517203022,3500.0,0.75
24,Zprime_3500GeV_045,0.831171661603,3500.0,0.45
25,Zprime_2500GeV_030,0.852745269567,2500.0,0.3
26,Zprime_2000GeV_060,0.826074342162,2000.0,0.6
27,Zprime_4000GeV_060,0.806777528336,4000.0,0.6
28,Zprime_2500GeV_075,0.795651691087,2500.0,0.75
29,Zprime_4000GeV_045,0.831220458241,4000.0,0.45
