,name,auc,mass,nu
0,Zprime_1500GeV_075,0.696611263597,1500.0,0.75
1,Zprime_1500GeV_015,0.799223230966,1500.0,0.15
2,Zprime_3000GeV_060,0.73271020721,3000.0,0.6
3,Zprime_1500GeV_030,0.777169765872,1500.0,0.3
4,Zprime_3000GeV_045,0.761096022296,3000.0,0.45
5,Zprime_2000GeV_045,0.77209237437,2000.0,0.45
6,Zprime_2500GeV_015,0.803728849784,2500.0,0.15
7,Zprime_3500GeV_060,0.728018120282,3500.0,0.6
8,Zprime_2500GeV_045,0.763981331838,2500.0,0.45
9,Zprime_2000GeV_075,0.707689132626,2000.0,0.75
10,Zprime_2500GeV_060,0.736360554783,2500.0,0.6
11,Zprime_4000GeV_075,0.689907648884,4000.0,0.75
12,Zprime_4000GeV_030,0.782769111846,4000.0,0.3
13,Zprime_4000GeV_015,0.799953972278,4000.0,0.15
14,Zprime_3000GeV_030,0.782077698564,3000.0,0.3
15,Zprime_1500GeV_045,0.749897025118,1500.0,0.45
16,Zprime_3000GeV_075,0.701487770692,3000.0,0.75
17,Zprime_1500GeV_060,0.731143096035,1500.0,0.6
18,Zprime_3000GeV_015,0.802299517748,3000.0,0.15
19,Zprime_3500GeV_015,0.799797643246,3500.0,0.15
20,Zprime_3500GeV_030,0.782198976988,3500.0,0.3
21,Zprime_2000GeV_030,0.793536404611,2000.0,0.3
22,Zprime_2000GeV_015,0.810386004788,2000.0,0.15
23,Zprime_3500GeV_075,0.695569019791,3500.0,0.75
24,Zprime_3500GeV_045,0.757268325172,3500.0,0.45
25,Zprime_2500GeV_030,0.785472460812,2500.0,0.3
26,Zprime_2000GeV_060,0.742758952213,2000.0,0.6
27,Zprime_4000GeV_060,0.728133761838,4000.0,0.6
28,Zprime_2500GeV_075,0.69896360857,2500.0,0.75
29,Zprime_4000GeV_045,0.755770392729,4000.0,0.45
