,name,auc,mass,nu
0,Zprime_1500GeV_075,0.770207868768,1500.0,0.75
1,Zprime_1500GeV_015,0.853256633389,1500.0,0.15
2,Zprime_3000GeV_060,0.795594908652,3000.0,0.6
3,Zprime_1500GeV_030,0.842098714445,1500.0,0.3
4,Zprime_3000GeV_045,0.82924112299,3000.0,0.45
5,Zprime_2000GeV_045,0.828234789386,2000.0,0.45
6,Zprime_2500GeV_015,0.870209964718,2500.0,0.15
7,Zprime_3500GeV_060,0.795527755813,3500.0,0.6
8,Zprime_2500GeV_045,0.827661435622,2500.0,0.45
9,Zprime_2000GeV_075,0.77173184131,2000.0,0.75
10,Zprime_2500GeV_060,0.798233674147,2500.0,0.6
11,Zprime_4000GeV_075,0.753008903967,4000.0,0.75
12,Zprime_4000GeV_030,0.862532371099,4000.0,0.3
13,Zprime_4000GeV_015,0.879754265306,4000.0,0.15
14,Zprime_3000GeV_030,0.852259907142,3000.0,0.3
15,Zprime_1500GeV_045,0.819472249555,1500.0,0.45
16,Zprime_3000GeV_075,0.759923465586,3000.0,0.75
17,Zprime_1500GeV_060,0.801291617873,1500.0,0.6
18,Zprime_3000GeV_015,0.873680054785,3000.0,0.15
19,Zprime_3500GeV_015,0.87587018521,3500.0,0.15
20,Zprime_3500GeV_030,0.858373894995,3500.0,0.3
21,Zprime_2000GeV_030,0.850444157809,2000.0,0.3
22,Zprime_2000GeV_015,0.866093685242,2000.0,0.15
23,Zprime_3500GeV_075,0.755998435888,3500.0,0.75
24,Zprime_3500GeV_045,0.829446938582,3500.0,0.45
25,Zprime_2500GeV_030,0.851401726734,2500.0,0.3
26,Zprime_2000GeV_060,0.800215763297,2000.0,0.6
27,Zprime_4000GeV_060,0.799119443525,4000.0,0.6
28,Zprime_2500GeV_075,0.76144930502,2500.0,0.75
29,Zprime_4000GeV_045,0.832672770114,4000.0,0.45
