,name,auc,mass,nu
0,Zprime_1500GeV_075,0.731482861399,1500.0,0.75
1,Zprime_1500GeV_015,0.825981879317,1500.0,0.15
2,Zprime_3000GeV_060,0.757487786455,3000.0,0.6
3,Zprime_1500GeV_030,0.811727508095,1500.0,0.3
4,Zprime_3000GeV_045,0.788850877891,3000.0,0.45
5,Zprime_2000GeV_045,0.794679490347,2000.0,0.45
6,Zprime_2500GeV_015,0.833244492605,2500.0,0.15
7,Zprime_3500GeV_060,0.757460711162,3500.0,0.6
8,Zprime_2500GeV_045,0.791563578277,2500.0,0.45
9,Zprime_2000GeV_075,0.735278234288,2000.0,0.75
10,Zprime_2500GeV_060,0.762149345585,2500.0,0.6
11,Zprime_4000GeV_075,0.718390410742,4000.0,0.75
12,Zprime_4000GeV_030,0.81598867133,4000.0,0.3
13,Zprime_4000GeV_015,0.832737261378,4000.0,0.15
14,Zprime_3000GeV_030,0.810299252796,3000.0,0.3
15,Zprime_1500GeV_045,0.784502656356,1500.0,0.45
16,Zprime_3000GeV_075,0.725178566112,3000.0,0.75
17,Zprime_1500GeV_060,0.765565069518,1500.0,0.6
18,Zprime_3000GeV_015,0.831338423827,3000.0,0.15
19,Zprime_3500GeV_015,0.83031499703,3500.0,0.15
20,Zprime_3500GeV_030,0.813796503999,3500.0,0.3
21,Zprime_2000GeV_030,0.81800422786,2000.0,0.3
22,Zprime_2000GeV_015,0.835984015791,2000.0,0.15
23,Zprime_3500GeV_075,0.721708292151,3500.0,0.75
24,Zprime_3500GeV_045,0.787861520238,3500.0,0.45
25,Zprime_2500GeV_030,0.81359154022,2500.0,0.3
26,Zprime_2000GeV_060,0.764585374541,2000.0,0.6
27,Zprime_4000GeV_060,0.758822381755,4000.0,0.6
28,Zprime_2500GeV_075,0.72430913406,2500.0,0.75
29,Zprime_4000GeV_045,0.788696025124,4000.0,0.45
