,name,auc,mass,nu
0,Zprime_1500GeV_075,0.781728927699,1500.0,0.75
1,Zprime_1500GeV_015,0.863049205603,1500.0,0.15
2,Zprime_3000GeV_060,0.798877904176,3000.0,0.6
3,Zprime_1500GeV_030,0.850412017824,1500.0,0.3
4,Zprime_3000GeV_045,0.831692625399,3000.0,0.45
5,Zprime_2000GeV_045,0.833413574455,2000.0,0.45
6,Zprime_2500GeV_015,0.872237611706,2500.0,0.15
7,Zprime_3500GeV_060,0.798096641376,3500.0,0.6
8,Zprime_2500GeV_045,0.831614041634,2500.0,0.45
9,Zprime_2000GeV_075,0.779551569774,2000.0,0.75
10,Zprime_2500GeV_060,0.801400919999,2500.0,0.6
11,Zprime_4000GeV_075,0.753697618554,4000.0,0.75
12,Zprime_4000GeV_030,0.863115430127,4000.0,0.3
13,Zprime_4000GeV_015,0.876797001241,4000.0,0.15
14,Zprime_3000GeV_030,0.855017193736,3000.0,0.3
15,Zprime_1500GeV_045,0.829688073567,1500.0,0.45
16,Zprime_3000GeV_075,0.76362600384,3000.0,0.75
17,Zprime_1500GeV_060,0.811247017622,1500.0,0.6
18,Zprime_3000GeV_015,0.875220654001,3000.0,0.15
19,Zprime_3500GeV_015,0.875253578074,3500.0,0.15
20,Zprime_3500GeV_030,0.859235578337,3500.0,0.3
21,Zprime_2000GeV_030,0.855926306742,2000.0,0.3
22,Zprime_2000GeV_015,0.870639279004,2000.0,0.15
23,Zprime_3500GeV_075,0.757676998619,3500.0,0.75
24,Zprime_3500GeV_045,0.83033874431,3500.0,0.45
25,Zprime_2500GeV_030,0.854915688379,2500.0,0.3
26,Zprime_2000GeV_060,0.806464075143,2000.0,0.6
27,Zprime_4000GeV_060,0.799191874457,4000.0,0.6
28,Zprime_2500GeV_075,0.766882222861,2500.0,0.75
29,Zprime_4000GeV_045,0.832530360643,4000.0,0.45
