,name,auc,mass,nu
0,Zprime_1500GeV_075,0.735998765216,1500.0,0.75
1,Zprime_1500GeV_015,0.830624967864,1500.0,0.15
2,Zprime_3000GeV_060,0.776587665702,3000.0,0.6
3,Zprime_1500GeV_030,0.818593657023,1500.0,0.3
4,Zprime_3000GeV_045,0.812013076477,3000.0,0.45
5,Zprime_2000GeV_045,0.8126790475,2000.0,0.45
6,Zprime_2500GeV_015,0.857187572778,2500.0,0.15
7,Zprime_3500GeV_060,0.775025595576,3500.0,0.6
8,Zprime_2500GeV_045,0.813598602255,2500.0,0.45
9,Zprime_2000GeV_075,0.744114467498,2000.0,0.75
10,Zprime_2500GeV_060,0.781075068494,2500.0,0.6
11,Zprime_4000GeV_075,0.726485759865,4000.0,0.75
12,Zprime_4000GeV_030,0.83882940981,4000.0,0.3
13,Zprime_4000GeV_015,0.852044806091,4000.0,0.15
14,Zprime_3000GeV_030,0.835989132238,3000.0,0.3
15,Zprime_1500GeV_045,0.791903139999,1500.0,0.45
16,Zprime_3000GeV_075,0.735048649631,3000.0,0.75
17,Zprime_1500GeV_060,0.76823694361,1500.0,0.6
18,Zprime_3000GeV_015,0.857122300715,3000.0,0.15
19,Zprime_3500GeV_015,0.85335846796,3500.0,0.15
20,Zprime_3500GeV_030,0.838198557074,3500.0,0.3
21,Zprime_2000GeV_030,0.837668369012,2000.0,0.3
22,Zprime_2000GeV_015,0.857258122736,2000.0,0.15
23,Zprime_3500GeV_075,0.733229423659,3500.0,0.75
24,Zprime_3500GeV_045,0.810616709963,3500.0,0.45
25,Zprime_2500GeV_030,0.838614301002,2500.0,0.3
26,Zprime_2000GeV_060,0.781105576996,2000.0,0.6
27,Zprime_4000GeV_060,0.776057414281,4000.0,0.6
28,Zprime_2500GeV_075,0.736071956922,2500.0,0.75
29,Zprime_4000GeV_045,0.809192184924,4000.0,0.45
