,name,auc,mass,nu
0,Zprime_1500GeV_075,0.733400464547,1500.0,0.75
1,Zprime_1500GeV_015,0.82775018704,1500.0,0.15
2,Zprime_3000GeV_060,0.767691211051,3000.0,0.6
3,Zprime_1500GeV_030,0.815617619955,1500.0,0.3
4,Zprime_3000GeV_045,0.799209578573,3000.0,0.45
5,Zprime_2000GeV_045,0.802356314061,2000.0,0.45
6,Zprime_2500GeV_015,0.842505016354,2500.0,0.15
7,Zprime_3500GeV_060,0.766245117482,3500.0,0.6
8,Zprime_2500GeV_045,0.8011736235,2500.0,0.45
9,Zprime_2000GeV_075,0.740631345017,2000.0,0.75
10,Zprime_2500GeV_060,0.771231637679,2500.0,0.6
11,Zprime_4000GeV_075,0.724993852927,4000.0,0.75
12,Zprime_4000GeV_030,0.826060406666,4000.0,0.3
13,Zprime_4000GeV_015,0.845654633159,4000.0,0.15
14,Zprime_3000GeV_030,0.821724442504,3000.0,0.3
15,Zprime_1500GeV_045,0.788342097764,1500.0,0.45
16,Zprime_3000GeV_075,0.731449814394,3000.0,0.75
17,Zprime_1500GeV_060,0.765424945525,1500.0,0.6
18,Zprime_3000GeV_015,0.842306736995,3000.0,0.15
19,Zprime_3500GeV_015,0.841040341023,3500.0,0.15
20,Zprime_3500GeV_030,0.823566578645,3500.0,0.3
21,Zprime_2000GeV_030,0.825643378652,2000.0,0.3
22,Zprime_2000GeV_015,0.843257848001,2000.0,0.15
23,Zprime_3500GeV_075,0.730150364142,3500.0,0.75
24,Zprime_3500GeV_045,0.79710505876,3500.0,0.45
25,Zprime_2500GeV_030,0.823219953779,2500.0,0.3
26,Zprime_2000GeV_060,0.77082597952,2000.0,0.6
27,Zprime_4000GeV_060,0.768007693129,4000.0,0.6
28,Zprime_2500GeV_075,0.731954539234,2500.0,0.75
29,Zprime_4000GeV_045,0.798821060155,4000.0,0.45
