,name,auc,mass,nu
0,Zprime_1500GeV_075,0.747316615416,1500.0,0.75
1,Zprime_1500GeV_015,0.834764758439,1500.0,0.15
2,Zprime_3000GeV_060,0.773773575129,3000.0,0.6
3,Zprime_1500GeV_030,0.823883974807,1500.0,0.3
4,Zprime_3000GeV_045,0.807302098818,3000.0,0.45
5,Zprime_2000GeV_045,0.808796492722,2000.0,0.45
6,Zprime_2500GeV_015,0.851326083742,2500.0,0.15
7,Zprime_3500GeV_060,0.774052806118,3500.0,0.6
8,Zprime_2500GeV_045,0.807925311093,2500.0,0.45
9,Zprime_2000GeV_075,0.747922710445,2000.0,0.75
10,Zprime_2500GeV_060,0.776153410805,2500.0,0.6
11,Zprime_4000GeV_075,0.730091689885,4000.0,0.75
12,Zprime_4000GeV_030,0.834608320724,4000.0,0.3
13,Zprime_4000GeV_015,0.85191818211,4000.0,0.15
14,Zprime_3000GeV_030,0.83117819854,3000.0,0.3
15,Zprime_1500GeV_045,0.796914725273,1500.0,0.45
16,Zprime_3000GeV_075,0.736637114984,3000.0,0.75
17,Zprime_1500GeV_060,0.77940656595,1500.0,0.6
18,Zprime_3000GeV_015,0.851244475948,3000.0,0.15
19,Zprime_3500GeV_015,0.849256642913,3500.0,0.15
20,Zprime_3500GeV_030,0.833632937422,3500.0,0.3
21,Zprime_2000GeV_030,0.830980437251,2000.0,0.3
22,Zprime_2000GeV_015,0.848090304356,2000.0,0.15
23,Zprime_3500GeV_075,0.734873055979,3500.0,0.75
24,Zprime_3500GeV_045,0.805049828011,3500.0,0.45
25,Zprime_2500GeV_030,0.831637386403,2500.0,0.3
26,Zprime_2000GeV_060,0.77939580778,2000.0,0.6
27,Zprime_4000GeV_060,0.7756469223,4000.0,0.6
28,Zprime_2500GeV_075,0.738395336442,2500.0,0.75
29,Zprime_4000GeV_045,0.806312280885,4000.0,0.45
