,name,auc,mass,nu
0,Zprime_1500GeV_075,0.800190687261,1500.0,0.75
1,Zprime_1500GeV_015,0.87197167378,1500.0,0.15
2,Zprime_3000GeV_060,0.805847421571,3000.0,0.6
3,Zprime_1500GeV_030,0.862054559607,1500.0,0.3
4,Zprime_3000GeV_045,0.835001083651,3000.0,0.45
5,Zprime_2000GeV_045,0.844568827872,2000.0,0.45
6,Zprime_2500GeV_015,0.874480955636,2500.0,0.15
7,Zprime_3500GeV_060,0.803249571636,3500.0,0.6
8,Zprime_2500GeV_045,0.838183431665,2500.0,0.45
9,Zprime_2000GeV_075,0.797471760993,2000.0,0.75
10,Zprime_2500GeV_060,0.813309325468,2500.0,0.6
11,Zprime_4000GeV_075,0.76212663603,4000.0,0.75
12,Zprime_4000GeV_030,0.859651124493,4000.0,0.3
13,Zprime_4000GeV_015,0.874310435932,4000.0,0.15
14,Zprime_3000GeV_030,0.855578049836,3000.0,0.3
15,Zprime_1500GeV_045,0.843650724524,1500.0,0.45
16,Zprime_3000GeV_075,0.77608847799,3000.0,0.75
17,Zprime_1500GeV_060,0.828902277693,1500.0,0.6
18,Zprime_3000GeV_015,0.872799299169,3000.0,0.15
19,Zprime_3500GeV_015,0.873120669238,3500.0,0.15
20,Zprime_3500GeV_030,0.857767671362,3500.0,0.3
21,Zprime_2000GeV_030,0.864298321879,2000.0,0.3
22,Zprime_2000GeV_015,0.876569794558,2000.0,0.15
23,Zprime_3500GeV_075,0.768557213187,3500.0,0.75
24,Zprime_3500GeV_045,0.833433807502,3500.0,0.45
25,Zprime_2500GeV_030,0.858434290786,2500.0,0.3
26,Zprime_2000GeV_060,0.821142641725,2000.0,0.6
27,Zprime_4000GeV_060,0.804109537506,4000.0,0.6
28,Zprime_2500GeV_075,0.783173848643,2500.0,0.75
29,Zprime_4000GeV_045,0.833366901727,4000.0,0.45
