,name,auc,mass,nu
0,Zprime_1500GeV_075,0.801079186738,1500.0,0.75
1,Zprime_1500GeV_015,0.874747943495,1500.0,0.15
2,Zprime_3000GeV_060,0.807968996985,3000.0,0.6
3,Zprime_1500GeV_030,0.863774386797,1500.0,0.3
4,Zprime_3000GeV_045,0.836403951145,3000.0,0.45
5,Zprime_2000GeV_045,0.844577203573,2000.0,0.45
6,Zprime_2500GeV_015,0.875210734628,2500.0,0.15
7,Zprime_3500GeV_060,0.805267882501,3500.0,0.6
8,Zprime_2500GeV_045,0.839467332577,2500.0,0.45
9,Zprime_2000GeV_075,0.799258523697,2000.0,0.75
10,Zprime_2500GeV_060,0.813531611484,2500.0,0.6
11,Zprime_4000GeV_075,0.764043968035,4000.0,0.75
12,Zprime_4000GeV_030,0.859959296147,4000.0,0.3
13,Zprime_4000GeV_015,0.87298110326,4000.0,0.15
14,Zprime_3000GeV_030,0.857086512366,3000.0,0.3
15,Zprime_1500GeV_045,0.843532267346,1500.0,0.45
16,Zprime_3000GeV_075,0.776853702541,3000.0,0.75
17,Zprime_1500GeV_060,0.828048933235,1500.0,0.6
18,Zprime_3000GeV_015,0.874445212866,3000.0,0.15
19,Zprime_3500GeV_015,0.872634869498,3500.0,0.15
20,Zprime_3500GeV_030,0.858819031233,3500.0,0.3
21,Zprime_2000GeV_030,0.865497225524,2000.0,0.3
22,Zprime_2000GeV_015,0.876942939505,2000.0,0.15
23,Zprime_3500GeV_075,0.769704657685,3500.0,0.75
24,Zprime_3500GeV_045,0.834276682191,3500.0,0.45
25,Zprime_2500GeV_030,0.859438159233,2500.0,0.3
26,Zprime_2000GeV_060,0.821465826766,2000.0,0.6
27,Zprime_4000GeV_060,0.80433724755,4000.0,0.6
28,Zprime_2500GeV_075,0.784657671682,2500.0,0.75
29,Zprime_4000GeV_045,0.833522150179,4000.0,0.45
