,name,auc,mass,nu
0,Zprime_1500GeV_075,0.801109490598,1500.0,0.75
1,Zprime_1500GeV_015,0.874146398442,1500.0,0.15
2,Zprime_3000GeV_060,0.806417067721,3000.0,0.6
3,Zprime_1500GeV_030,0.861537742524,1500.0,0.3
4,Zprime_3000GeV_045,0.833510667445,3000.0,0.45
5,Zprime_2000GeV_045,0.843640370228,2000.0,0.45
6,Zprime_2500GeV_015,0.870796190831,2500.0,0.15
7,Zprime_3500GeV_060,0.803316678733,3500.0,0.6
8,Zprime_2500GeV_045,0.837195490787,2500.0,0.45
9,Zprime_2000GeV_075,0.798821792637,2000.0,0.75
10,Zprime_2500GeV_060,0.812439332529,2500.0,0.6
11,Zprime_4000GeV_075,0.764101469913,4000.0,0.75
12,Zprime_4000GeV_030,0.854855339566,4000.0,0.3
13,Zprime_4000GeV_015,0.866933242751,4000.0,0.15
14,Zprime_3000GeV_030,0.852492463233,3000.0,0.3
15,Zprime_1500GeV_045,0.84275066661,1500.0,0.45
16,Zprime_3000GeV_075,0.77660543799,3000.0,0.75
17,Zprime_1500GeV_060,0.826991559677,1500.0,0.6
18,Zprime_3000GeV_015,0.86907845369,3000.0,0.15
19,Zprime_3500GeV_015,0.866873593717,3500.0,0.15
20,Zprime_3500GeV_030,0.853564437713,3500.0,0.3
21,Zprime_2000GeV_030,0.862747137483,2000.0,0.3
22,Zprime_2000GeV_015,0.874161438422,2000.0,0.15
23,Zprime_3500GeV_075,0.770244942361,3500.0,0.75
24,Zprime_3500GeV_045,0.829839685469,3500.0,0.45
25,Zprime_2500GeV_030,0.856192705438,2500.0,0.3
26,Zprime_2000GeV_060,0.82171270372,2000.0,0.6
27,Zprime_4000GeV_060,0.802748922987,4000.0,0.6
28,Zprime_2500GeV_075,0.784726888206,2500.0,0.75
29,Zprime_4000GeV_045,0.830209555219,4000.0,0.45
