,name,auc,mass,nu
0,Zprime_1500GeV_075,0.72606288368,1500.0,0.75
1,Zprime_1500GeV_015,0.816054313426,1500.0,0.15
2,Zprime_3000GeV_060,0.755340053171,3000.0,0.6
3,Zprime_1500GeV_030,0.801928989278,1500.0,0.3
4,Zprime_3000GeV_045,0.790960154484,3000.0,0.45
5,Zprime_2000GeV_045,0.782888918122,2000.0,0.45
6,Zprime_2500GeV_015,0.832505797306,2500.0,0.15
7,Zprime_3500GeV_060,0.75983988721,3500.0,0.6
8,Zprime_2500GeV_045,0.786342430601,2500.0,0.45
9,Zprime_2000GeV_075,0.728184162325,2000.0,0.75
10,Zprime_2500GeV_060,0.755530578311,2500.0,0.6
11,Zprime_4000GeV_075,0.719688136682,4000.0,0.75
12,Zprime_4000GeV_030,0.83365487085,4000.0,0.3
13,Zprime_4000GeV_015,0.854760939599,4000.0,0.15
14,Zprime_3000GeV_030,0.816581822021,3000.0,0.3
15,Zprime_1500GeV_045,0.77777534514,1500.0,0.45
16,Zprime_3000GeV_075,0.719214096836,3000.0,0.75
17,Zprime_1500GeV_060,0.757036029965,1500.0,0.6
18,Zprime_3000GeV_015,0.841294622594,3000.0,0.15
19,Zprime_3500GeV_015,0.847490771754,3500.0,0.15
20,Zprime_3500GeV_030,0.826180501822,3500.0,0.3
21,Zprime_2000GeV_030,0.808602615729,2000.0,0.3
22,Zprime_2000GeV_015,0.827049966406,2000.0,0.15
23,Zprime_3500GeV_075,0.718181032586,3500.0,0.75
24,Zprime_3500GeV_045,0.793421726821,3500.0,0.45
25,Zprime_2500GeV_030,0.811919896776,2500.0,0.3
26,Zprime_2000GeV_060,0.755628236086,2000.0,0.6
27,Zprime_4000GeV_060,0.768086906715,4000.0,0.6
28,Zprime_2500GeV_075,0.717291708233,2500.0,0.75
29,Zprime_4000GeV_045,0.80117123394,4000.0,0.45
