,name,auc,mass,nu
0,Zprime_1500GeV_075,0.795211618118,1500.0,0.75
1,Zprime_1500GeV_015,0.867248284414,1500.0,0.15
2,Zprime_3000GeV_060,0.79989130312,3000.0,0.6
3,Zprime_1500GeV_030,0.854866216095,1500.0,0.3
4,Zprime_3000GeV_045,0.828744368897,3000.0,0.45
5,Zprime_2000GeV_045,0.835141814102,2000.0,0.45
6,Zprime_2500GeV_015,0.866612820467,2500.0,0.15
7,Zprime_3500GeV_060,0.798215401057,3500.0,0.6
8,Zprime_2500GeV_045,0.830295437175,2500.0,0.45
9,Zprime_2000GeV_075,0.789534298465,2000.0,0.75
10,Zprime_2500GeV_060,0.804056963724,2500.0,0.6
11,Zprime_4000GeV_075,0.758969969478,4000.0,0.75
12,Zprime_4000GeV_030,0.854025810981,4000.0,0.3
13,Zprime_4000GeV_015,0.868105680959,4000.0,0.15
14,Zprime_3000GeV_030,0.849510326061,3000.0,0.3
15,Zprime_1500GeV_045,0.837657108436,1500.0,0.45
16,Zprime_3000GeV_075,0.770018604536,3000.0,0.75
17,Zprime_1500GeV_060,0.821965281958,1500.0,0.6
18,Zprime_3000GeV_015,0.867806453301,3000.0,0.15
19,Zprime_3500GeV_015,0.866728974909,3500.0,0.15
20,Zprime_3500GeV_030,0.852133776004,3500.0,0.3
21,Zprime_2000GeV_030,0.854407970986,2000.0,0.3
22,Zprime_2000GeV_015,0.867254256541,2000.0,0.15
23,Zprime_3500GeV_075,0.762385586546,3500.0,0.75
24,Zprime_3500GeV_045,0.826257493972,3500.0,0.45
25,Zprime_2500GeV_030,0.850592234379,2500.0,0.3
26,Zprime_2000GeV_060,0.811961999278,2000.0,0.6
27,Zprime_4000GeV_060,0.799497617536,4000.0,0.6
28,Zprime_2500GeV_075,0.776197132878,2500.0,0.75
29,Zprime_4000GeV_045,0.82834282634,4000.0,0.45
