,name,auc,mass,nu
0,Zprime_1500GeV_075,0.791978442405,1500.0,0.75
1,Zprime_1500GeV_015,0.860222744923,1500.0,0.15
2,Zprime_3000GeV_060,0.799681028457,3000.0,0.6
3,Zprime_1500GeV_030,0.852745216113,1500.0,0.3
4,Zprime_3000GeV_045,0.828733400849,3000.0,0.45
5,Zprime_2000GeV_045,0.837735499594,2000.0,0.45
6,Zprime_2500GeV_015,0.870485749044,2500.0,0.15
7,Zprime_3500GeV_060,0.796142972567,3500.0,0.6
8,Zprime_2500GeV_045,0.833077553313,2500.0,0.45
9,Zprime_2000GeV_075,0.788243949537,2000.0,0.75
10,Zprime_2500GeV_060,0.806981240142,2500.0,0.6
11,Zprime_4000GeV_075,0.755757768258,4000.0,0.75
12,Zprime_4000GeV_030,0.848923597738,4000.0,0.3
13,Zprime_4000GeV_015,0.86217828853,4000.0,0.15
14,Zprime_3000GeV_030,0.849327791951,3000.0,0.3
15,Zprime_1500GeV_045,0.83423090419,1500.0,0.45
16,Zprime_3000GeV_075,0.769902022583,3000.0,0.75
17,Zprime_1500GeV_060,0.817298407235,1500.0,0.6
18,Zprime_3000GeV_015,0.866954040946,3000.0,0.15
19,Zprime_3500GeV_015,0.864407373783,3500.0,0.15
20,Zprime_3500GeV_030,0.850138783591,3500.0,0.3
21,Zprime_2000GeV_030,0.857274582788,2000.0,0.3
22,Zprime_2000GeV_015,0.871507539693,2000.0,0.15
23,Zprime_3500GeV_075,0.76173790677,3500.0,0.75
24,Zprime_3500GeV_045,0.824539120351,3500.0,0.45
25,Zprime_2500GeV_030,0.853398370002,2500.0,0.3
26,Zprime_2000GeV_060,0.813872380136,2000.0,0.6
27,Zprime_4000GeV_060,0.794045644368,4000.0,0.6
28,Zprime_2500GeV_075,0.77726108129,2500.0,0.75
29,Zprime_4000GeV_045,0.823243916806,4000.0,0.45
