,name,auc,mass,nu
0,Zprime_1500GeV_075,0.79469854783,1500.0,0.75
1,Zprime_1500GeV_015,0.869780376442,1500.0,0.15
2,Zprime_3000GeV_060,0.802419918949,3000.0,0.6
3,Zprime_1500GeV_030,0.858547052307,1500.0,0.3
4,Zprime_3000GeV_045,0.83052942669,3000.0,0.45
5,Zprime_2000GeV_045,0.838507268845,2000.0,0.45
6,Zprime_2500GeV_015,0.86746899082,2500.0,0.15
7,Zprime_3500GeV_060,0.801225858312,3500.0,0.6
8,Zprime_2500GeV_045,0.8332464133,2500.0,0.45
9,Zprime_2000GeV_075,0.79097874961,2000.0,0.75
10,Zprime_2500GeV_060,0.807307876855,2500.0,0.6
11,Zprime_4000GeV_075,0.761488907828,4000.0,0.75
12,Zprime_4000GeV_030,0.857140302364,4000.0,0.3
13,Zprime_4000GeV_015,0.870903938617,4000.0,0.15
14,Zprime_3000GeV_030,0.850444653548,3000.0,0.3
15,Zprime_1500GeV_045,0.838042095245,1500.0,0.45
16,Zprime_3000GeV_075,0.771886571365,3000.0,0.75
17,Zprime_1500GeV_060,0.821961564072,1500.0,0.6
18,Zprime_3000GeV_015,0.866773046585,3000.0,0.15
19,Zprime_3500GeV_015,0.867514406382,3500.0,0.15
20,Zprime_3500GeV_030,0.853304668976,3500.0,0.3
21,Zprime_2000GeV_030,0.857979092843,2000.0,0.3
22,Zprime_2000GeV_015,0.870077486913,2000.0,0.15
23,Zprime_3500GeV_075,0.766130510769,3500.0,0.75
24,Zprime_3500GeV_045,0.828445899176,3500.0,0.45
25,Zprime_2500GeV_030,0.852834735089,2500.0,0.3
26,Zprime_2000GeV_060,0.815514880419,2000.0,0.6
27,Zprime_4000GeV_060,0.803268859018,4000.0,0.6
28,Zprime_2500GeV_075,0.777507572176,2500.0,0.75
29,Zprime_4000GeV_045,0.830209001555,4000.0,0.45
