,name,auc,mass,nu
0,Zprime_1500GeV_075,0.737123570133,1500.0,0.75
1,Zprime_1500GeV_015,0.831534853658,1500.0,0.15
2,Zprime_3000GeV_060,0.767365569607,3000.0,0.6
3,Zprime_1500GeV_030,0.820247363735,1500.0,0.3
4,Zprime_3000GeV_045,0.800431753551,3000.0,0.45
5,Zprime_2000GeV_045,0.802233149149,2000.0,0.45
6,Zprime_2500GeV_015,0.842460646365,2500.0,0.15
7,Zprime_3500GeV_060,0.769937790864,3500.0,0.6
8,Zprime_2500GeV_045,0.799041854639,2500.0,0.45
9,Zprime_2000GeV_075,0.743541370339,2000.0,0.75
10,Zprime_2500GeV_060,0.769390238643,2500.0,0.6
11,Zprime_4000GeV_075,0.726524435736,4000.0,0.75
12,Zprime_4000GeV_030,0.835639402289,4000.0,0.3
13,Zprime_4000GeV_015,0.851980648303,4000.0,0.15
14,Zprime_3000GeV_030,0.82407104306,3000.0,0.3
15,Zprime_1500GeV_045,0.789752466081,1500.0,0.45
16,Zprime_3000GeV_075,0.729888425985,3000.0,0.75
17,Zprime_1500GeV_060,0.773773335028,1500.0,0.6
18,Zprime_3000GeV_015,0.846163944617,3000.0,0.15
19,Zprime_3500GeV_015,0.848106571962,3500.0,0.15
20,Zprime_3500GeV_030,0.830563628603,3500.0,0.3
21,Zprime_2000GeV_030,0.825745352382,2000.0,0.3
22,Zprime_2000GeV_015,0.842333227187,2000.0,0.15
23,Zprime_3500GeV_075,0.72994570773,3500.0,0.75
24,Zprime_3500GeV_045,0.800438025808,3500.0,0.45
25,Zprime_2500GeV_030,0.824378840496,2500.0,0.3
26,Zprime_2000GeV_060,0.772984561112,2000.0,0.6
27,Zprime_4000GeV_060,0.772654513183,4000.0,0.6
28,Zprime_2500GeV_075,0.732240852038,2500.0,0.75
29,Zprime_4000GeV_045,0.804197908683,4000.0,0.45
