,name,auc,mass,nu
0,Zprime_1500GeV_075,0.804122838912,1500.0,0.75
1,Zprime_1500GeV_015,0.877072154109,1500.0,0.15
2,Zprime_3000GeV_060,0.81320073102,3000.0,0.6
3,Zprime_1500GeV_030,0.866671233099,1500.0,0.3
4,Zprime_3000GeV_045,0.844021060217,3000.0,0.45
5,Zprime_2000GeV_045,0.85009961008,2000.0,0.45
6,Zprime_2500GeV_015,0.884145979211,2500.0,0.15
7,Zprime_3500GeV_060,0.811656439701,3500.0,0.6
8,Zprime_2500GeV_045,0.84502529908,2500.0,0.45
9,Zprime_2000GeV_075,0.800147141208,2000.0,0.75
10,Zprime_2500GeV_060,0.818344189593,2500.0,0.6
11,Zprime_4000GeV_075,0.770475537464,4000.0,0.75
12,Zprime_4000GeV_030,0.87182229934,4000.0,0.3
13,Zprime_4000GeV_015,0.885918920818,4000.0,0.15
14,Zprime_3000GeV_030,0.866067422324,3000.0,0.3
15,Zprime_1500GeV_045,0.848822331823,1500.0,0.45
16,Zprime_3000GeV_075,0.780773658691,3000.0,0.75
17,Zprime_1500GeV_060,0.83177952194,1500.0,0.6
18,Zprime_3000GeV_015,0.884968699974,3000.0,0.15
19,Zprime_3500GeV_015,0.884996836432,3500.0,0.15
20,Zprime_3500GeV_030,0.869290237298,3500.0,0.3
21,Zprime_2000GeV_030,0.869675952718,2000.0,0.3
22,Zprime_2000GeV_015,0.884395151406,2000.0,0.15
23,Zprime_3500GeV_075,0.77547208576,3500.0,0.75
24,Zprime_3500GeV_045,0.842797485009,3500.0,0.45
25,Zprime_2500GeV_030,0.867204330649,2500.0,0.3
26,Zprime_2000GeV_060,0.824636140812,2000.0,0.6
27,Zprime_4000GeV_060,0.812872148427,4000.0,0.6
28,Zprime_2500GeV_075,0.78748427894,2500.0,0.75
29,Zprime_4000GeV_045,0.844960111582,4000.0,0.45
