,name,auc,mass,nu
0,Zprime_1500GeV_075,0.778662462506,1500.0,0.75
1,Zprime_1500GeV_015,0.856567483146,1500.0,0.15
2,Zprime_3000GeV_060,0.796734553113,3000.0,0.6
3,Zprime_1500GeV_030,0.84451107693,1500.0,0.3
4,Zprime_3000GeV_045,0.828997259619,3000.0,0.45
5,Zprime_2000GeV_045,0.829835877391,2000.0,0.45
6,Zprime_2500GeV_015,0.869851714429,2500.0,0.15
7,Zprime_3500GeV_060,0.795853998595,3500.0,0.6
8,Zprime_2500GeV_045,0.828549267413,2500.0,0.45
9,Zprime_2000GeV_075,0.777083302599,2000.0,0.75
10,Zprime_2500GeV_060,0.799170828609,2500.0,0.6
11,Zprime_4000GeV_075,0.752323567542,4000.0,0.75
12,Zprime_4000GeV_030,0.860910001878,4000.0,0.3
13,Zprime_4000GeV_015,0.875173613456,4000.0,0.15
14,Zprime_3000GeV_030,0.851941936617,3000.0,0.3
15,Zprime_1500GeV_045,0.824266097888,1500.0,0.45
16,Zprime_3000GeV_075,0.761801699372,3000.0,0.75
17,Zprime_1500GeV_060,0.806392580415,1500.0,0.6
18,Zprime_3000GeV_015,0.872927004954,3000.0,0.15
19,Zprime_3500GeV_015,0.874128283462,3500.0,0.15
20,Zprime_3500GeV_030,0.85691981435,3500.0,0.3
21,Zprime_2000GeV_030,0.852179601582,2000.0,0.3
22,Zprime_2000GeV_015,0.866384586449,2000.0,0.15
23,Zprime_3500GeV_075,0.756683104328,3500.0,0.75
24,Zprime_3500GeV_045,0.828267824004,3500.0,0.45
25,Zprime_2500GeV_030,0.851720152689,2500.0,0.3
26,Zprime_2000GeV_060,0.803045565723,2000.0,0.6
27,Zprime_4000GeV_060,0.798093126301,4000.0,0.6
28,Zprime_2500GeV_075,0.765106419894,2500.0,0.75
29,Zprime_4000GeV_045,0.830322971489,4000.0,0.45
