,name,auc,mass,nu
0,Zprime_1500GeV_075,0.81092629132,1500.0,0.75
1,Zprime_1500GeV_015,0.882638844385,1500.0,0.15
2,Zprime_3000GeV_060,0.819462991728,3000.0,0.6
3,Zprime_1500GeV_030,0.873233837352,1500.0,0.3
4,Zprime_3000GeV_045,0.847366602121,3000.0,0.45
5,Zprime_2000GeV_045,0.857078033852,2000.0,0.45
6,Zprime_2500GeV_015,0.885198770278,2500.0,0.15
7,Zprime_3500GeV_060,0.817841326694,3500.0,0.6
8,Zprime_2500GeV_045,0.850074780851,2500.0,0.45
9,Zprime_2000GeV_075,0.810770895278,2000.0,0.75
10,Zprime_2500GeV_060,0.826759998715,2500.0,0.6
11,Zprime_4000GeV_075,0.777981379124,4000.0,0.75
12,Zprime_4000GeV_030,0.873422248254,4000.0,0.3
13,Zprime_4000GeV_015,0.887217365711,4000.0,0.15
14,Zprime_3000GeV_030,0.867877753796,3000.0,0.3
15,Zprime_1500GeV_045,0.856158471884,1500.0,0.45
16,Zprime_3000GeV_075,0.789880714844,3000.0,0.75
17,Zprime_1500GeV_060,0.837617945326,1500.0,0.6
18,Zprime_3000GeV_015,0.885056464205,3000.0,0.15
19,Zprime_3500GeV_015,0.885510817077,3500.0,0.15
20,Zprime_3500GeV_030,0.870406716335,3500.0,0.3
21,Zprime_2000GeV_030,0.875199670964,2000.0,0.3
22,Zprime_2000GeV_015,0.88879499875,2000.0,0.15
23,Zprime_3500GeV_075,0.784936104606,3500.0,0.75
24,Zprime_3500GeV_045,0.846079004918,3500.0,0.45
25,Zprime_2500GeV_030,0.870183706639,2500.0,0.3
26,Zprime_2000GeV_060,0.833593986711,2000.0,0.6
27,Zprime_4000GeV_060,0.817256693037,4000.0,0.6
28,Zprime_2500GeV_075,0.797818247879,2500.0,0.75
29,Zprime_4000GeV_045,0.848256669972,4000.0,0.45
