,name,auc,mass,nu
0,Zprime_1500GeV_075,0.73983026538,1500.0,0.75
1,Zprime_1500GeV_015,0.831286243602,1500.0,0.15
2,Zprime_3000GeV_060,0.764022504492,3000.0,0.6
3,Zprime_1500GeV_030,0.817942687938,1500.0,0.3
4,Zprime_3000GeV_045,0.793242389794,3000.0,0.45
5,Zprime_2000GeV_045,0.799423683353,2000.0,0.45
6,Zprime_2500GeV_015,0.833155088267,2500.0,0.15
7,Zprime_3500GeV_060,0.764648580894,3500.0,0.6
8,Zprime_2500GeV_045,0.79487496575,2500.0,0.45
9,Zprime_2000GeV_075,0.745254731244,2000.0,0.75
10,Zprime_2500GeV_060,0.766434306075,2500.0,0.6
11,Zprime_4000GeV_075,0.724895233677,4000.0,0.75
12,Zprime_4000GeV_030,0.82375241776,4000.0,0.3
13,Zprime_4000GeV_015,0.84158544288,4000.0,0.15
14,Zprime_3000GeV_030,0.81429174377,3000.0,0.3
15,Zprime_1500GeV_045,0.793534743682,1500.0,0.45
16,Zprime_3000GeV_075,0.731499213083,3000.0,0.75
17,Zprime_1500GeV_060,0.77405914349,1500.0,0.6
18,Zprime_3000GeV_015,0.834156189166,3000.0,0.15
19,Zprime_3500GeV_015,0.834652829996,3500.0,0.15
20,Zprime_3500GeV_030,0.819738491373,3500.0,0.3
21,Zprime_2000GeV_030,0.822770567391,2000.0,0.3
22,Zprime_2000GeV_015,0.837826598731,2000.0,0.15
23,Zprime_3500GeV_075,0.728200478017,3500.0,0.75
24,Zprime_3500GeV_045,0.791844799834,3500.0,0.45
25,Zprime_2500GeV_030,0.816842537998,2500.0,0.3
26,Zprime_2000GeV_060,0.772343709508,2000.0,0.6
27,Zprime_4000GeV_060,0.765397149561,4000.0,0.6
28,Zprime_2500GeV_075,0.733112830463,2500.0,0.75
29,Zprime_4000GeV_045,0.794037614677,4000.0,0.45
