,name,auc,mass,nu
0,Zprime_1500GeV_075,0.756093930862,1500.0,0.75
1,Zprime_1500GeV_015,0.845531977084,1500.0,0.15
2,Zprime_3000GeV_060,0.779106103903,3000.0,0.6
3,Zprime_1500GeV_030,0.832349190014,1500.0,0.3
4,Zprime_3000GeV_045,0.811199695676,3000.0,0.45
5,Zprime_2000GeV_045,0.814846655582,2000.0,0.45
6,Zprime_2500GeV_015,0.853907530376,2500.0,0.15
7,Zprime_3500GeV_060,0.778866371524,3500.0,0.6
8,Zprime_2500GeV_045,0.811253407293,2500.0,0.45
9,Zprime_2000GeV_075,0.758665608788,2000.0,0.75
10,Zprime_2500GeV_060,0.780955025283,2500.0,0.6
11,Zprime_4000GeV_075,0.734661110378,4000.0,0.75
12,Zprime_4000GeV_030,0.841752553763,4000.0,0.3
13,Zprime_4000GeV_015,0.857786808706,4000.0,0.15
14,Zprime_3000GeV_030,0.834400046923,3000.0,0.3
15,Zprime_1500GeV_045,0.806991069596,1500.0,0.45
16,Zprime_3000GeV_075,0.742907778951,3000.0,0.75
17,Zprime_1500GeV_060,0.788787317771,1500.0,0.6
18,Zprime_3000GeV_015,0.856383318271,3000.0,0.15
19,Zprime_3500GeV_015,0.854752208054,3500.0,0.15
20,Zprime_3500GeV_030,0.839834118608,3500.0,0.3
21,Zprime_2000GeV_030,0.838387363914,2000.0,0.3
22,Zprime_2000GeV_015,0.854259690111,2000.0,0.15
23,Zprime_3500GeV_075,0.739218249192,3500.0,0.75
24,Zprime_3500GeV_045,0.809091470092,3500.0,0.45
25,Zprime_2500GeV_030,0.835080857517,2500.0,0.3
26,Zprime_2000GeV_060,0.785248909626,2000.0,0.6
27,Zprime_4000GeV_060,0.780218780581,4000.0,0.6
28,Zprime_2500GeV_075,0.74567643387,2500.0,0.75
29,Zprime_4000GeV_045,0.810658524447,4000.0,0.45
