,name,auc,mass,nu
0,Zprime_1500GeV_075,0.779372534079,1500.0,0.75
1,Zprime_1500GeV_015,0.862918333692,1500.0,0.15
2,Zprime_3000GeV_060,0.795095506176,3000.0,0.6
3,Zprime_1500GeV_030,0.849567595303,1500.0,0.3
4,Zprime_3000GeV_045,0.827189678274,3000.0,0.45
5,Zprime_2000GeV_045,0.834679580713,2000.0,0.45
6,Zprime_2500GeV_015,0.870539369202,2500.0,0.15
7,Zprime_3500GeV_060,0.793330827458,3500.0,0.6
8,Zprime_2500GeV_045,0.829828365071,2500.0,0.45
9,Zprime_2000GeV_075,0.779118420224,2000.0,0.75
10,Zprime_2500GeV_060,0.800276309804,2500.0,0.6
11,Zprime_4000GeV_075,0.747164763349,4000.0,0.75
12,Zprime_4000GeV_030,0.854417775154,4000.0,0.3
13,Zprime_4000GeV_015,0.869430529721,4000.0,0.15
14,Zprime_3000GeV_030,0.849192265325,3000.0,0.3
15,Zprime_1500GeV_045,0.828714082322,1500.0,0.45
16,Zprime_3000GeV_075,0.760994473295,3000.0,0.75
17,Zprime_1500GeV_060,0.812127611657,1500.0,0.6
18,Zprime_3000GeV_015,0.869184160013,3000.0,0.15
19,Zprime_3500GeV_015,0.866106909551,3500.0,0.15
20,Zprime_3500GeV_030,0.850799222095,3500.0,0.3
21,Zprime_2000GeV_030,0.857692999975,2000.0,0.3
22,Zprime_2000GeV_015,0.872432987417,2000.0,0.15
23,Zprime_3500GeV_075,0.753562591424,3500.0,0.75
24,Zprime_3500GeV_045,0.823715004227,3500.0,0.45
25,Zprime_2500GeV_030,0.852811091215,2500.0,0.3
26,Zprime_2000GeV_060,0.807011133977,2000.0,0.6
27,Zprime_4000GeV_060,0.793660841298,4000.0,0.6
28,Zprime_2500GeV_075,0.765536414662,2500.0,0.75
29,Zprime_4000GeV_045,0.825006851962,4000.0,0.45
