,name,auc,mass,nu
0,Zprime_1500GeV_075,0.772523442537,1500.0,0.75
1,Zprime_1500GeV_015,0.86755373759,1500.0,0.15
2,Zprime_3000GeV_060,0.800004567801,3000.0,0.6
3,Zprime_1500GeV_030,0.854490627884,1500.0,0.3
4,Zprime_3000GeV_045,0.831938755622,3000.0,0.45
5,Zprime_2000GeV_045,0.844600977578,2000.0,0.45
6,Zprime_2500GeV_015,0.879147313109,2500.0,0.15
7,Zprime_3500GeV_060,0.795242516921,3500.0,0.6
8,Zprime_2500GeV_045,0.838623289357,2500.0,0.45
9,Zprime_2000GeV_075,0.779835444963,2000.0,0.75
10,Zprime_2500GeV_060,0.808678975135,2500.0,0.6
11,Zprime_4000GeV_075,0.750525412404,4000.0,0.75
12,Zprime_4000GeV_030,0.853735304111,4000.0,0.3
13,Zprime_4000GeV_015,0.870595730908,4000.0,0.15
14,Zprime_3000GeV_030,0.853144924206,3000.0,0.3
15,Zprime_1500GeV_045,0.828301691184,1500.0,0.45
16,Zprime_3000GeV_075,0.764126544663,3000.0,0.75
17,Zprime_1500GeV_060,0.806340453679,1500.0,0.6
18,Zprime_3000GeV_015,0.873131768795,3000.0,0.15
19,Zprime_3500GeV_015,0.868480099011,3500.0,0.15
20,Zprime_3500GeV_030,0.853431530502,3500.0,0.3
21,Zprime_2000GeV_030,0.868003700889,2000.0,0.3
22,Zprime_2000GeV_015,0.884431526335,2000.0,0.15
23,Zprime_3500GeV_075,0.757149762112,3500.0,0.75
24,Zprime_3500GeV_045,0.827267044573,3500.0,0.45
25,Zprime_2500GeV_030,0.860689153969,2500.0,0.3
26,Zprime_2000GeV_060,0.813167370752,2000.0,0.6
27,Zprime_4000GeV_060,0.793725145612,4000.0,0.6
28,Zprime_2500GeV_075,0.768096341342,2500.0,0.75
29,Zprime_4000GeV_045,0.824778110342,4000.0,0.45
