,name,auc,mass,nu
0,Zprime_1500GeV_075,0.787678934867,1500.0,0.75
1,Zprime_1500GeV_015,0.862241013338,1500.0,0.15
2,Zprime_3000GeV_060,0.797056667076,3000.0,0.6
3,Zprime_1500GeV_030,0.850774002388,1500.0,0.3
4,Zprime_3000GeV_045,0.828863081502,3000.0,0.45
5,Zprime_2000GeV_045,0.834030342734,2000.0,0.45
6,Zprime_2500GeV_015,0.868158993299,2500.0,0.15
7,Zprime_3500GeV_060,0.796285640647,3500.0,0.6
8,Zprime_2500GeV_045,0.829439535365,2500.0,0.45
9,Zprime_2000GeV_075,0.784101050875,2000.0,0.75
10,Zprime_2500GeV_060,0.801227876407,2500.0,0.6
11,Zprime_4000GeV_075,0.753830250069,4000.0,0.75
12,Zprime_4000GeV_030,0.85555775644,4000.0,0.3
13,Zprime_4000GeV_015,0.86885344386,4000.0,0.15
14,Zprime_3000GeV_030,0.850868390913,3000.0,0.3
15,Zprime_1500GeV_045,0.831028107535,1500.0,0.45
16,Zprime_3000GeV_075,0.76516257844,3000.0,0.75
17,Zprime_1500GeV_060,0.816303311008,1500.0,0.6
18,Zprime_3000GeV_015,0.869269669782,3000.0,0.15
19,Zprime_3500GeV_015,0.868678710889,3500.0,0.15
20,Zprime_3500GeV_030,0.853060033068,3500.0,0.3
21,Zprime_2000GeV_030,0.854578435532,2000.0,0.3
22,Zprime_2000GeV_015,0.867785345578,2000.0,0.15
23,Zprime_3500GeV_075,0.75832179285,3500.0,0.75
24,Zprime_3500GeV_045,0.826014936893,3500.0,0.45
25,Zprime_2500GeV_030,0.851041828143,2500.0,0.3
26,Zprime_2000GeV_060,0.808590087455,2000.0,0.6
27,Zprime_4000GeV_060,0.796612962913,4000.0,0.6
28,Zprime_2500GeV_075,0.771403619092,2500.0,0.75
29,Zprime_4000GeV_045,0.826693395193,4000.0,0.45
