,name,auc,mass,nu
0,Zprime_1500GeV_075,0.73184001217,1500.0,0.75
1,Zprime_1500GeV_015,0.818170898782,1500.0,0.15
2,Zprime_3000GeV_060,0.754219740962,3000.0,0.6
3,Zprime_1500GeV_030,0.806825571797,1500.0,0.3
4,Zprime_3000GeV_045,0.780578605052,3000.0,0.45
5,Zprime_2000GeV_045,0.79130927464,2000.0,0.45
6,Zprime_2500GeV_015,0.820281478612,2500.0,0.15
7,Zprime_3500GeV_060,0.754900286499,3500.0,0.6
8,Zprime_2500GeV_045,0.783601683777,2500.0,0.45
9,Zprime_2000GeV_075,0.738314789298,2000.0,0.75
10,Zprime_2500GeV_060,0.757102261502,2500.0,0.6
11,Zprime_4000GeV_075,0.719285398514,4000.0,0.75
12,Zprime_4000GeV_030,0.813020565222,4000.0,0.3
13,Zprime_4000GeV_015,0.82993915037,4000.0,0.15
14,Zprime_3000GeV_030,0.80186475417,3000.0,0.3
15,Zprime_1500GeV_045,0.778956063578,1500.0,0.45
16,Zprime_3000GeV_075,0.725186345364,3000.0,0.75
17,Zprime_1500GeV_060,0.757625723887,1500.0,0.6
18,Zprime_3000GeV_015,0.820577613097,3000.0,0.15
19,Zprime_3500GeV_015,0.82327013362,3500.0,0.15
20,Zprime_3500GeV_030,0.806531401954,3500.0,0.3
21,Zprime_2000GeV_030,0.809351930344,2000.0,0.3
22,Zprime_2000GeV_015,0.826185166406,2000.0,0.15
23,Zprime_3500GeV_075,0.72248749383,3500.0,0.75
24,Zprime_3500GeV_045,0.782246982789,3500.0,0.45
25,Zprime_2500GeV_030,0.804126324123,2500.0,0.3
26,Zprime_2000GeV_060,0.764814350986,2000.0,0.6
27,Zprime_4000GeV_060,0.756813073565,4000.0,0.6
28,Zprime_2500GeV_075,0.726378177863,2500.0,0.75
29,Zprime_4000GeV_045,0.784413930871,4000.0,0.45
