,name,auc,mass,nu
0,Zprime_1500GeV_075,0.732056892997,1500.0,0.75
1,Zprime_1500GeV_015,0.819171067565,1500.0,0.15
2,Zprime_3000GeV_060,0.756133170528,3000.0,0.6
3,Zprime_1500GeV_030,0.806257978194,1500.0,0.3
4,Zprime_3000GeV_045,0.789058580366,3000.0,0.45
5,Zprime_2000GeV_045,0.789965097664,2000.0,0.45
6,Zprime_2500GeV_015,0.833228907072,2500.0,0.15
7,Zprime_3500GeV_060,0.758115524202,3500.0,0.6
8,Zprime_2500GeV_045,0.788575616028,2500.0,0.45
9,Zprime_2000GeV_075,0.735806893853,2000.0,0.75
10,Zprime_2500GeV_060,0.759429272092,2500.0,0.6
11,Zprime_4000GeV_075,0.720213509707,4000.0,0.75
12,Zprime_4000GeV_030,0.826563080365,4000.0,0.3
13,Zprime_4000GeV_015,0.846434144139,4000.0,0.15
14,Zprime_3000GeV_030,0.813421385629,3000.0,0.3
15,Zprime_1500GeV_045,0.781276982746,1500.0,0.45
16,Zprime_3000GeV_075,0.722869691399,3000.0,0.75
17,Zprime_1500GeV_060,0.764318247275,1500.0,0.6
18,Zprime_3000GeV_015,0.836433592213,3000.0,0.15
19,Zprime_3500GeV_015,0.839353282828,3500.0,0.15
20,Zprime_3500GeV_030,0.820546800335,3500.0,0.3
21,Zprime_2000GeV_030,0.814520636055,2000.0,0.3
22,Zprime_2000GeV_015,0.831169596137,2000.0,0.15
23,Zprime_3500GeV_075,0.720692147439,3500.0,0.75
24,Zprime_3500GeV_045,0.789637998368,3500.0,0.45
25,Zprime_2500GeV_030,0.812664947409,2500.0,0.3
26,Zprime_2000GeV_060,0.760518381684,2000.0,0.6
27,Zprime_4000GeV_060,0.762545228315,4000.0,0.6
28,Zprime_2500GeV_075,0.723865541809,2500.0,0.75
29,Zprime_4000GeV_045,0.79564583875,4000.0,0.45
