,name,auc,mass,nu
0,Zprime_1500GeV_075,0.806329991911,1500.0,0.75
1,Zprime_1500GeV_015,0.876321503568,1500.0,0.15
2,Zprime_3000GeV_060,0.813262305247,3000.0,0.6
3,Zprime_1500GeV_030,0.865383708952,1500.0,0.3
4,Zprime_3000GeV_045,0.842037675386,3000.0,0.45
5,Zprime_2000GeV_045,0.849297724649,2000.0,0.45
6,Zprime_2500GeV_015,0.879414710635,2500.0,0.15
7,Zprime_3500GeV_060,0.811746936171,3500.0,0.6
8,Zprime_2500GeV_045,0.843727462208,2500.0,0.45
9,Zprime_2000GeV_075,0.803158565418,2000.0,0.75
10,Zprime_2500GeV_060,0.819482893381,2500.0,0.6
11,Zprime_4000GeV_075,0.772617905037,4000.0,0.75
12,Zprime_4000GeV_030,0.868184396519,4000.0,0.3
13,Zprime_4000GeV_015,0.882423283152,4000.0,0.15
14,Zprime_3000GeV_030,0.862228305738,3000.0,0.3
15,Zprime_1500GeV_045,0.850792379543,1500.0,0.45
16,Zprime_3000GeV_075,0.783735090151,3000.0,0.75
17,Zprime_1500GeV_060,0.834943400025,1500.0,0.6
18,Zprime_3000GeV_015,0.878766774992,3000.0,0.15
19,Zprime_3500GeV_015,0.879830046056,3500.0,0.15
20,Zprime_3500GeV_030,0.864819195069,3500.0,0.3
21,Zprime_2000GeV_030,0.867820247326,2000.0,0.3
22,Zprime_2000GeV_015,0.880526260611,2000.0,0.15
23,Zprime_3500GeV_075,0.778180493448,3500.0,0.75
24,Zprime_3500GeV_045,0.841209929027,3500.0,0.45
25,Zprime_2500GeV_030,0.863997942713,2500.0,0.3
26,Zprime_2000GeV_060,0.826983768387,2000.0,0.6
27,Zprime_4000GeV_060,0.812406283384,4000.0,0.6
28,Zprime_2500GeV_075,0.790233086032,2500.0,0.75
29,Zprime_4000GeV_045,0.843421702036,4000.0,0.45
