,name,auc,mass,nu
0,Zprime_1500GeV_075,0.783971727677,1500.0,0.75
1,Zprime_1500GeV_015,0.861100983933,1500.0,0.15
2,Zprime_3000GeV_060,0.796995059928,3000.0,0.6
3,Zprime_1500GeV_030,0.851389501024,1500.0,0.3
4,Zprime_3000GeV_045,0.828100725348,3000.0,0.45
5,Zprime_2000GeV_045,0.832306449971,2000.0,0.45
6,Zprime_2500GeV_015,0.86772568227,2500.0,0.15
7,Zprime_3500GeV_060,0.796485275634,3500.0,0.6
8,Zprime_2500GeV_045,0.829139279028,2500.0,0.45
9,Zprime_2000GeV_075,0.78191911915,2000.0,0.75
10,Zprime_2500GeV_060,0.801213578242,2500.0,0.6
11,Zprime_4000GeV_075,0.756779435679,4000.0,0.75
12,Zprime_4000GeV_030,0.858413939523,4000.0,0.3
13,Zprime_4000GeV_015,0.873803200796,4000.0,0.15
14,Zprime_3000GeV_030,0.849777120096,3000.0,0.3
15,Zprime_1500GeV_045,0.830025282866,1500.0,0.45
16,Zprime_3000GeV_075,0.765488707464,3000.0,0.75
17,Zprime_1500GeV_060,0.813306378036,1500.0,0.6
18,Zprime_3000GeV_015,0.870368618873,3000.0,0.15
19,Zprime_3500GeV_015,0.871023669353,3500.0,0.15
20,Zprime_3500GeV_030,0.854885968235,3500.0,0.3
21,Zprime_2000GeV_030,0.854187113103,2000.0,0.3
22,Zprime_2000GeV_015,0.867926943738,2000.0,0.15
23,Zprime_3500GeV_075,0.759682836835,3500.0,0.75
24,Zprime_3500GeV_045,0.827392540714,3500.0,0.45
25,Zprime_2500GeV_030,0.850977903387,2500.0,0.3
26,Zprime_2000GeV_060,0.808464146123,2000.0,0.6
27,Zprime_4000GeV_060,0.79941675803,4000.0,0.6
28,Zprime_2500GeV_075,0.770292772967,2500.0,0.75
29,Zprime_4000GeV_045,0.829029202473,4000.0,0.45
