,name,auc,mass,nu
0,Zprime_1500GeV_075,0.745550649432,1500.0,0.75
1,Zprime_1500GeV_015,0.835639760582,1500.0,0.15
2,Zprime_3000GeV_060,0.763134952348,3000.0,0.6
3,Zprime_1500GeV_030,0.821112669981,1500.0,0.3
4,Zprime_3000GeV_045,0.79280038344,3000.0,0.45
5,Zprime_2000GeV_045,0.800145067659,2000.0,0.45
6,Zprime_2500GeV_015,0.83369278765,2500.0,0.15
7,Zprime_3500GeV_060,0.76331512145,3500.0,0.6
8,Zprime_2500GeV_045,0.794394717669,2500.0,0.45
9,Zprime_2000GeV_075,0.747659680292,2000.0,0.75
10,Zprime_2500GeV_060,0.766738799263,2500.0,0.6
11,Zprime_4000GeV_075,0.725403119583,4000.0,0.75
12,Zprime_4000GeV_030,0.822847585732,4000.0,0.3
13,Zprime_4000GeV_015,0.840797051034,4000.0,0.15
14,Zprime_3000GeV_030,0.814096592159,3000.0,0.3
15,Zprime_1500GeV_045,0.795407990211,1500.0,0.45
16,Zprime_3000GeV_075,0.732060583824,3000.0,0.75
17,Zprime_1500GeV_060,0.778682744626,1500.0,0.6
18,Zprime_3000GeV_015,0.834148773811,3000.0,0.15
19,Zprime_3500GeV_015,0.834653664432,3500.0,0.15
20,Zprime_3500GeV_030,0.818718413805,3500.0,0.3
21,Zprime_2000GeV_030,0.823245663144,2000.0,0.3
22,Zprime_2000GeV_015,0.839635961338,2000.0,0.15
23,Zprime_3500GeV_075,0.729539233876,3500.0,0.75
24,Zprime_3500GeV_045,0.791320579371,3500.0,0.45
25,Zprime_2500GeV_030,0.816672108066,2500.0,0.3
26,Zprime_2000GeV_060,0.773537611793,2000.0,0.6
27,Zprime_4000GeV_060,0.765817817269,4000.0,0.6
28,Zprime_2500GeV_075,0.734839677121,2500.0,0.75
29,Zprime_4000GeV_045,0.793158123495,4000.0,0.45
