,name,auc,mass,nu
0,Zprime_1500GeV_075,0.7498764273,1500.0,0.75
1,Zprime_1500GeV_015,0.832918346733,1500.0,0.15
2,Zprime_3000GeV_060,0.760504968702,3000.0,0.6
3,Zprime_1500GeV_030,0.819504609883,1500.0,0.3
4,Zprime_3000GeV_045,0.789626315405,3000.0,0.45
5,Zprime_2000GeV_045,0.794638744813,2000.0,0.45
6,Zprime_2500GeV_015,0.826344307713,2500.0,0.15
7,Zprime_3500GeV_060,0.763361776592,3500.0,0.6
8,Zprime_2500GeV_045,0.788468123849,2500.0,0.45
9,Zprime_2000GeV_075,0.750577642387,2000.0,0.75
10,Zprime_2500GeV_060,0.76202068256,2500.0,0.6
11,Zprime_4000GeV_075,0.726967782162,4000.0,0.75
12,Zprime_4000GeV_030,0.823887799879,4000.0,0.3
13,Zprime_4000GeV_015,0.842102142936,4000.0,0.15
14,Zprime_3000GeV_030,0.812337598343,3000.0,0.3
15,Zprime_1500GeV_045,0.794383763412,1500.0,0.45
16,Zprime_3000GeV_075,0.728832527643,3000.0,0.75
17,Zprime_1500GeV_060,0.778010003362,1500.0,0.6
18,Zprime_3000GeV_015,0.834955486926,3000.0,0.15
19,Zprime_3500GeV_015,0.836854801846,3500.0,0.15
20,Zprime_3500GeV_030,0.818669949046,3500.0,0.3
21,Zprime_2000GeV_030,0.814911857275,2000.0,0.3
22,Zprime_2000GeV_015,0.828649942459,2000.0,0.15
23,Zprime_3500GeV_075,0.727960361105,3500.0,0.75
24,Zprime_3500GeV_045,0.792404522942,3500.0,0.45
25,Zprime_2500GeV_030,0.809164435992,2500.0,0.3
26,Zprime_2000GeV_060,0.771775982017,2000.0,0.6
27,Zprime_4000GeV_060,0.766822531581,4000.0,0.6
28,Zprime_2500GeV_075,0.730677725916,2500.0,0.75
29,Zprime_4000GeV_045,0.795040975171,4000.0,0.45
