,name,auc,mass,nu
0,Zprime_1500GeV_075,0.81041468777,1500.0,0.75
1,Zprime_1500GeV_015,0.880789731408,1500.0,0.15
2,Zprime_3000GeV_060,0.819404459693,3000.0,0.6
3,Zprime_1500GeV_030,0.870039318262,1500.0,0.3
4,Zprime_3000GeV_045,0.848144895848,3000.0,0.45
5,Zprime_2000GeV_045,0.856605169184,2000.0,0.45
6,Zprime_2500GeV_015,0.884935777879,2500.0,0.15
7,Zprime_3500GeV_060,0.81773985565,3500.0,0.6
8,Zprime_2500GeV_045,0.850086423927,2500.0,0.45
9,Zprime_2000GeV_075,0.80995488558,2000.0,0.75
10,Zprime_2500GeV_060,0.825786247672,2500.0,0.6
11,Zprime_4000GeV_075,0.778683462904,4000.0,0.75
12,Zprime_4000GeV_030,0.875041831554,4000.0,0.3
13,Zprime_4000GeV_015,0.888691282767,4000.0,0.15
14,Zprime_3000GeV_030,0.868249797727,3000.0,0.3
15,Zprime_1500GeV_045,0.856086319727,1500.0,0.45
16,Zprime_3000GeV_075,0.790137846609,3000.0,0.75
17,Zprime_1500GeV_060,0.838105446423,1500.0,0.6
18,Zprime_3000GeV_015,0.885390482759,3000.0,0.15
19,Zprime_3500GeV_015,0.887133431118,3500.0,0.15
20,Zprime_3500GeV_030,0.871996232764,3500.0,0.3
21,Zprime_2000GeV_030,0.874877249333,2000.0,0.3
22,Zprime_2000GeV_015,0.88745214392,2000.0,0.15
23,Zprime_3500GeV_075,0.783670159436,3500.0,0.75
24,Zprime_3500GeV_045,0.848080153818,3500.0,0.45
25,Zprime_2500GeV_030,0.869877594801,2500.0,0.3
26,Zprime_2000GeV_060,0.833641811618,2000.0,0.6
27,Zprime_4000GeV_060,0.81842169338,4000.0,0.6
28,Zprime_2500GeV_075,0.797256214137,2500.0,0.75
29,Zprime_4000GeV_045,0.849345964764,4000.0,0.45
