,name,auc,mass,nu
0,Zprime_1500GeV_075,0.723285680229,1500.0,0.75
1,Zprime_1500GeV_015,0.814422699318,1500.0,0.15
2,Zprime_3000GeV_060,0.7448783336,3000.0,0.6
3,Zprime_1500GeV_030,0.801059272475,1500.0,0.3
4,Zprime_3000GeV_045,0.778384042606,3000.0,0.45
5,Zprime_2000GeV_045,0.777961537772,2000.0,0.45
6,Zprime_2500GeV_015,0.822948756402,2500.0,0.15
7,Zprime_3500GeV_060,0.747996980344,3500.0,0.6
8,Zprime_2500GeV_045,0.777989553361,2500.0,0.45
9,Zprime_2000GeV_075,0.72236132246,2000.0,0.75
10,Zprime_2500GeV_060,0.746404032776,2500.0,0.6
11,Zprime_4000GeV_075,0.70783614822,4000.0,0.75
12,Zprime_4000GeV_030,0.814835837203,4000.0,0.3
13,Zprime_4000GeV_015,0.837270674789,4000.0,0.15
14,Zprime_3000GeV_030,0.802389547087,3000.0,0.3
15,Zprime_1500GeV_045,0.772682953108,1500.0,0.45
16,Zprime_3000GeV_075,0.708908460211,3000.0,0.75
17,Zprime_1500GeV_060,0.756559900587,1500.0,0.6
18,Zprime_3000GeV_015,0.825446407411,3000.0,0.15
19,Zprime_3500GeV_015,0.826959861773,3500.0,0.15
20,Zprime_3500GeV_030,0.808821873326,3500.0,0.3
21,Zprime_2000GeV_030,0.803467099596,2000.0,0.3
22,Zprime_2000GeV_015,0.821069579976,2000.0,0.15
23,Zprime_3500GeV_075,0.707857380513,3500.0,0.75
24,Zprime_3500GeV_045,0.777913390296,3500.0,0.45
25,Zprime_2500GeV_030,0.802973366839,2500.0,0.3
26,Zprime_2000GeV_060,0.748839706724,2000.0,0.6
27,Zprime_4000GeV_060,0.752750609051,4000.0,0.6
28,Zprime_2500GeV_075,0.71155617673,2500.0,0.75
29,Zprime_4000GeV_045,0.783844401905,4000.0,0.45
