,name,auc,mass,nu
0,Zprime_1500GeV_075,0.810832943906,1500.0,0.75
1,Zprime_1500GeV_015,0.880337571286,1500.0,0.15
2,Zprime_3000GeV_060,0.817021572827,3000.0,0.6
3,Zprime_1500GeV_030,0.869937158056,1500.0,0.3
4,Zprime_3000GeV_045,0.846650855167,3000.0,0.45
5,Zprime_2000GeV_045,0.853283901659,2000.0,0.45
6,Zprime_2500GeV_015,0.882903282857,2500.0,0.15
7,Zprime_3500GeV_060,0.815377997419,3500.0,0.6
8,Zprime_2500GeV_045,0.848106690117,2500.0,0.45
9,Zprime_2000GeV_075,0.80757351519,2000.0,0.75
10,Zprime_2500GeV_060,0.823276714472,2500.0,0.6
11,Zprime_4000GeV_075,0.776309557662,4000.0,0.75
12,Zprime_4000GeV_030,0.872017560733,4000.0,0.3
13,Zprime_4000GeV_015,0.886126833384,4000.0,0.15
14,Zprime_3000GeV_030,0.867323773788,3000.0,0.3
15,Zprime_1500GeV_045,0.854965268871,1500.0,0.45
16,Zprime_3000GeV_075,0.788686826344,3000.0,0.75
17,Zprime_1500GeV_060,0.837569253002,1500.0,0.6
18,Zprime_3000GeV_015,0.884078455594,3000.0,0.15
19,Zprime_3500GeV_015,0.885104886759,3500.0,0.15
20,Zprime_3500GeV_030,0.869495982278,3500.0,0.3
21,Zprime_2000GeV_030,0.871952751323,2000.0,0.3
22,Zprime_2000GeV_015,0.883734278522,2000.0,0.15
23,Zprime_3500GeV_075,0.78175767673,3500.0,0.75
24,Zprime_3500GeV_045,0.845237054479,3500.0,0.45
25,Zprime_2500GeV_030,0.867738796926,2500.0,0.3
26,Zprime_2000GeV_060,0.831490023109,2000.0,0.6
27,Zprime_4000GeV_060,0.815994394937,4000.0,0.6
28,Zprime_2500GeV_075,0.795670033751,2500.0,0.75
29,Zprime_4000GeV_045,0.846659768768,4000.0,0.45
