,name,auc,mass,nu
0,Zprime_1500GeV_075,0.786213750945,1500.0,0.75
1,Zprime_1500GeV_015,0.853646596288,1500.0,0.15
2,Zprime_3000GeV_060,0.805917227709,3000.0,0.6
3,Zprime_1500GeV_030,0.838239936466,1500.0,0.3
4,Zprime_3000GeV_045,0.829425885576,3000.0,0.45
5,Zprime_2000GeV_045,0.839620690591,2000.0,0.45
6,Zprime_2500GeV_015,0.861233282805,2500.0,0.15
7,Zprime_3500GeV_060,0.801895365048,3500.0,0.6
8,Zprime_2500GeV_045,0.831340324439,2500.0,0.45
9,Zprime_2000GeV_075,0.792692426732,2000.0,0.75
10,Zprime_2500GeV_060,0.808802067213,2500.0,0.6
11,Zprime_4000GeV_075,0.768183212989,4000.0,0.75
12,Zprime_4000GeV_030,0.858194030063,4000.0,0.3
13,Zprime_4000GeV_015,0.871524299761,4000.0,0.15
14,Zprime_3000GeV_030,0.848002968988,3000.0,0.3
15,Zprime_1500GeV_045,0.818637954299,1500.0,0.45
16,Zprime_3000GeV_075,0.776845831984,3000.0,0.75
17,Zprime_1500GeV_060,0.806294693173,1500.0,0.6
18,Zprime_3000GeV_015,0.865298929987,3000.0,0.15
19,Zprime_3500GeV_015,0.86798262415,3500.0,0.15
20,Zprime_3500GeV_030,0.853657445061,3500.0,0.3
21,Zprime_2000GeV_030,0.854825387099,2000.0,0.3
22,Zprime_2000GeV_015,0.866761715017,2000.0,0.15
23,Zprime_3500GeV_075,0.774616556286,3500.0,0.75
24,Zprime_3500GeV_045,0.829722989017,3500.0,0.45
25,Zprime_2500GeV_030,0.847183573386,2500.0,0.3
26,Zprime_2000GeV_060,0.8145708624,2000.0,0.6
27,Zprime_4000GeV_060,0.804006032092,4000.0,0.6
28,Zprime_2500GeV_075,0.78350151157,2500.0,0.75
29,Zprime_4000GeV_045,0.832925507789,4000.0,0.45
