,name,auc,mass,nu
0,Zprime_1500GeV_075,0.793834049669,1500.0,0.75
1,Zprime_1500GeV_015,0.868064068181,1500.0,0.15
2,Zprime_3000GeV_060,0.806798997658,3000.0,0.6
3,Zprime_1500GeV_030,0.859887117888,1500.0,0.3
4,Zprime_3000GeV_045,0.83651782583,3000.0,0.45
5,Zprime_2000GeV_045,0.842883523287,2000.0,0.45
6,Zprime_2500GeV_015,0.874800665734,2500.0,0.15
7,Zprime_3500GeV_060,0.805872612408,3500.0,0.6
8,Zprime_2500GeV_045,0.838466896472,2500.0,0.45
9,Zprime_2000GeV_075,0.795156142891,2000.0,0.75
10,Zprime_2500GeV_060,0.811685147815,2500.0,0.6
11,Zprime_4000GeV_075,0.766714369532,4000.0,0.75
12,Zprime_4000GeV_030,0.865632095388,4000.0,0.3
13,Zprime_4000GeV_015,0.881036241033,4000.0,0.15
14,Zprime_3000GeV_030,0.857766643046,3000.0,0.3
15,Zprime_1500GeV_045,0.838924624398,1500.0,0.45
16,Zprime_3000GeV_075,0.776539820171,3000.0,0.75
17,Zprime_1500GeV_060,0.822168740862,1500.0,0.6
18,Zprime_3000GeV_015,0.876506497461,3000.0,0.15
19,Zprime_3500GeV_015,0.877009862386,3500.0,0.15
20,Zprime_3500GeV_030,0.862207512311,3500.0,0.3
21,Zprime_2000GeV_030,0.863112358369,2000.0,0.3
22,Zprime_2000GeV_015,0.875928541786,2000.0,0.15
23,Zprime_3500GeV_075,0.770199099662,3500.0,0.75
24,Zprime_3500GeV_045,0.834754285059,3500.0,0.45
25,Zprime_2500GeV_030,0.858443499866,2500.0,0.3
26,Zprime_2000GeV_060,0.81893053862,2000.0,0.6
27,Zprime_4000GeV_060,0.807172398917,4000.0,0.6
28,Zprime_2500GeV_075,0.782933545192,2500.0,0.75
29,Zprime_4000GeV_045,0.837585645743,4000.0,0.45
