,name,auc,mass,nu
0,Zprime_1500GeV_075,0.805455200391,1500.0,0.75
1,Zprime_1500GeV_015,0.874780149162,1500.0,0.15
2,Zprime_3000GeV_060,0.825476047459,3000.0,0.6
3,Zprime_1500GeV_030,0.863780829931,1500.0,0.3
4,Zprime_3000GeV_045,0.850786160472,3000.0,0.45
5,Zprime_2000GeV_045,0.860398230545,2000.0,0.45
6,Zprime_2500GeV_015,0.884526005254,2500.0,0.15
7,Zprime_3500GeV_060,0.820944274406,3500.0,0.6
8,Zprime_2500GeV_045,0.853305278476,2500.0,0.45
9,Zprime_2000GeV_075,0.810386612719,2000.0,0.75
10,Zprime_2500GeV_060,0.829831745686,2500.0,0.6
11,Zprime_4000GeV_075,0.785314748903,4000.0,0.75
12,Zprime_4000GeV_030,0.877809657052,4000.0,0.3
13,Zprime_4000GeV_015,0.891355406586,4000.0,0.15
14,Zprime_3000GeV_030,0.86920918283,3000.0,0.3
15,Zprime_1500GeV_045,0.842348953671,1500.0,0.45
16,Zprime_3000GeV_075,0.794599603272,3000.0,0.75
17,Zprime_1500GeV_060,0.82335066908,1500.0,0.6
18,Zprime_3000GeV_015,0.886758514814,3000.0,0.15
19,Zprime_3500GeV_015,0.888778843149,3500.0,0.15
20,Zprime_3500GeV_030,0.874323008586,3500.0,0.3
21,Zprime_2000GeV_030,0.878716131568,2000.0,0.3
22,Zprime_2000GeV_015,0.890459524083,2000.0,0.15
23,Zprime_3500GeV_075,0.79032244764,3500.0,0.75
24,Zprime_3500GeV_045,0.850085530318,3500.0,0.45
25,Zprime_2500GeV_030,0.870089728032,2500.0,0.3
26,Zprime_2000GeV_060,0.835010509153,2000.0,0.6
27,Zprime_4000GeV_060,0.822775110387,4000.0,0.6
28,Zprime_2500GeV_075,0.800678602012,2500.0,0.75
29,Zprime_4000GeV_045,0.851241338913,4000.0,0.45
