,name,auc,mass,nu
0,Zprime_1500GeV_075,0.717357647943,1500.0,0.75
1,Zprime_1500GeV_015,0.802243461248,1500.0,0.15
2,Zprime_3000GeV_060,0.737333795311,3000.0,0.6
3,Zprime_1500GeV_030,0.793265923362,1500.0,0.3
4,Zprime_3000GeV_045,0.769379085803,3000.0,0.45
5,Zprime_2000GeV_045,0.768911445511,2000.0,0.45
6,Zprime_2500GeV_015,0.812142338134,2500.0,0.15
7,Zprime_3500GeV_060,0.739678723873,3500.0,0.6
8,Zprime_2500GeV_045,0.765389968617,2500.0,0.45
9,Zprime_2000GeV_075,0.71585119875,2000.0,0.75
10,Zprime_2500GeV_060,0.736504516917,2500.0,0.6
11,Zprime_4000GeV_075,0.700924266671,4000.0,0.75
12,Zprime_4000GeV_030,0.813160567754,4000.0,0.3
13,Zprime_4000GeV_015,0.837379768947,4000.0,0.15
14,Zprime_3000GeV_030,0.795912715193,3000.0,0.3
15,Zprime_1500GeV_045,0.761749666152,1500.0,0.45
16,Zprime_3000GeV_075,0.70362057223,3000.0,0.75
17,Zprime_1500GeV_060,0.74600740385,1500.0,0.6
18,Zprime_3000GeV_015,0.820435378689,3000.0,0.15
19,Zprime_3500GeV_015,0.828814093772,3500.0,0.15
20,Zprime_3500GeV_030,0.80628839845,3500.0,0.3
21,Zprime_2000GeV_030,0.790430628167,2000.0,0.3
22,Zprime_2000GeV_015,0.809309177603,2000.0,0.15
23,Zprime_3500GeV_075,0.701250369432,3500.0,0.75
24,Zprime_3500GeV_045,0.773484788781,3500.0,0.45
25,Zprime_2500GeV_030,0.790498077474,2500.0,0.3
26,Zprime_2000GeV_060,0.74042880979,2000.0,0.6
27,Zprime_4000GeV_060,0.743514307334,4000.0,0.6
28,Zprime_2500GeV_075,0.702752429953,2500.0,0.75
29,Zprime_4000GeV_045,0.779792676982,4000.0,0.45
