,name,auc,mass,nu
0,Zprime_1500GeV_075,0.773250957819,1500.0,0.75
1,Zprime_1500GeV_015,0.854277830168,1500.0,0.15
2,Zprime_3000GeV_060,0.797296966171,3000.0,0.6
3,Zprime_1500GeV_030,0.842160608385,1500.0,0.3
4,Zprime_3000GeV_045,0.829746420927,3000.0,0.45
5,Zprime_2000GeV_045,0.832332382974,2000.0,0.45
6,Zprime_2500GeV_015,0.870094698212,2500.0,0.15
7,Zprime_3500GeV_060,0.797351205417,3500.0,0.6
8,Zprime_2500GeV_045,0.828682962586,2500.0,0.45
9,Zprime_2000GeV_075,0.776025654507,2000.0,0.75
10,Zprime_2500GeV_060,0.801134465628,2500.0,0.6
11,Zprime_4000GeV_075,0.750754995184,4000.0,0.75
12,Zprime_4000GeV_030,0.864303233552,4000.0,0.3
13,Zprime_4000GeV_015,0.883626282593,4000.0,0.15
14,Zprime_3000GeV_030,0.853373629568,3000.0,0.3
15,Zprime_1500GeV_045,0.819632994181,1500.0,0.45
16,Zprime_3000GeV_075,0.762792987185,3000.0,0.75
17,Zprime_1500GeV_060,0.799398995416,1500.0,0.6
18,Zprime_3000GeV_015,0.873775310219,3000.0,0.15
19,Zprime_3500GeV_015,0.877373843942,3500.0,0.15
20,Zprime_3500GeV_030,0.859736891893,3500.0,0.3
21,Zprime_2000GeV_030,0.851930580246,2000.0,0.3
22,Zprime_2000GeV_015,0.86772767656,2000.0,0.15
23,Zprime_3500GeV_075,0.757552820331,3500.0,0.75
24,Zprime_3500GeV_045,0.830619161812,3500.0,0.45
25,Zprime_2500GeV_030,0.851769326201,2500.0,0.3
26,Zprime_2000GeV_060,0.804145401908,2000.0,0.6
27,Zprime_4000GeV_060,0.799441919828,4000.0,0.6
28,Zprime_2500GeV_075,0.765391271866,2500.0,0.75
29,Zprime_4000GeV_045,0.833273644594,4000.0,0.45
