,name,auc,mass,nu
0,Zprime_1500GeV_075,0.80948220891,1500.0,0.75
1,Zprime_1500GeV_015,0.87627211223,1500.0,0.15
2,Zprime_3000GeV_060,0.816492080076,3000.0,0.6
3,Zprime_1500GeV_030,0.867596321,1500.0,0.3
4,Zprime_3000GeV_045,0.844625927933,3000.0,0.45
5,Zprime_2000GeV_045,0.852996109845,2000.0,0.45
6,Zprime_2500GeV_015,0.879231181111,2500.0,0.15
7,Zprime_3500GeV_060,0.814295676204,3500.0,0.6
8,Zprime_2500GeV_045,0.846558784364,2500.0,0.45
9,Zprime_2000GeV_075,0.809378230077,2000.0,0.75
10,Zprime_2500GeV_060,0.82339511818,2500.0,0.6
11,Zprime_4000GeV_075,0.776331927786,4000.0,0.75
12,Zprime_4000GeV_030,0.868633790178,4000.0,0.3
13,Zprime_4000GeV_015,0.882230281166,4000.0,0.15
14,Zprime_3000GeV_030,0.863552230968,3000.0,0.3
15,Zprime_1500GeV_045,0.852971783991,1500.0,0.45
16,Zprime_3000GeV_075,0.789577960642,3000.0,0.75
17,Zprime_1500GeV_060,0.836801634754,1500.0,0.6
18,Zprime_3000GeV_015,0.878994835473,3000.0,0.15
19,Zprime_3500GeV_015,0.879750077719,3500.0,0.15
20,Zprime_3500GeV_030,0.865427217403,3500.0,0.3
21,Zprime_2000GeV_030,0.870957885629,2000.0,0.3
22,Zprime_2000GeV_015,0.881887471942,2000.0,0.15
23,Zprime_3500GeV_075,0.782558119666,3500.0,0.75
24,Zprime_3500GeV_045,0.843288678593,3500.0,0.45
25,Zprime_2500GeV_030,0.864608412143,2500.0,0.3
26,Zprime_2000GeV_060,0.832057439752,2000.0,0.6
27,Zprime_4000GeV_060,0.815290388203,4000.0,0.6
28,Zprime_2500GeV_075,0.797295471871,2500.0,0.75
29,Zprime_4000GeV_045,0.843811152758,4000.0,0.45
