,name,auc,mass,nu
0,Zprime_1500GeV_075,0.72374886832,1500.0,0.75
1,Zprime_1500GeV_015,0.816881321439,1500.0,0.15
2,Zprime_3000GeV_060,0.749568952365,3000.0,0.6
3,Zprime_1500GeV_030,0.803206722519,1500.0,0.3
4,Zprime_3000GeV_045,0.782266656504,3000.0,0.45
5,Zprime_2000GeV_045,0.780285402549,2000.0,0.45
6,Zprime_2500GeV_015,0.825608115736,2500.0,0.15
7,Zprime_3500GeV_060,0.75209823083,3500.0,0.6
8,Zprime_2500GeV_045,0.780569739627,2500.0,0.45
9,Zprime_2000GeV_075,0.724858797704,2000.0,0.75
10,Zprime_2500GeV_060,0.750772536339,2500.0,0.6
11,Zprime_4000GeV_075,0.713789208529,4000.0,0.75
12,Zprime_4000GeV_030,0.817360305704,4000.0,0.3
13,Zprime_4000GeV_015,0.836480775514,4000.0,0.15
14,Zprime_3000GeV_030,0.805754676264,3000.0,0.3
15,Zprime_1500GeV_045,0.776273148884,1500.0,0.45
16,Zprime_3000GeV_075,0.715813222643,3000.0,0.75
17,Zprime_1500GeV_060,0.758338740442,1500.0,0.6
18,Zprime_3000GeV_015,0.828653153686,3000.0,0.15
19,Zprime_3500GeV_015,0.83008733806,3500.0,0.15
20,Zprime_3500GeV_030,0.812920812863,3500.0,0.3
21,Zprime_2000GeV_030,0.805879560692,2000.0,0.3
22,Zprime_2000GeV_015,0.823374860509,2000.0,0.15
23,Zprime_3500GeV_075,0.713834592888,3500.0,0.75
24,Zprime_3500GeV_045,0.782493467497,3500.0,0.45
25,Zprime_2500GeV_030,0.805376194887,2500.0,0.3
26,Zprime_2000GeV_060,0.752226646399,2000.0,0.6
27,Zprime_4000GeV_060,0.755204689031,4000.0,0.6
28,Zprime_2500GeV_075,0.714425833166,2500.0,0.75
29,Zprime_4000GeV_045,0.786677778559,4000.0,0.45
