,name,auc,mass,nu
0,Zprime_1500GeV_075,0.740331483899,1500.0,0.75
1,Zprime_1500GeV_015,0.821987468339,1500.0,0.15
2,Zprime_3000GeV_060,0.766829149923,3000.0,0.6
3,Zprime_1500GeV_030,0.808885621061,1500.0,0.3
4,Zprime_3000GeV_045,0.793853129197,3000.0,0.45
5,Zprime_2000GeV_045,0.804849090992,2000.0,0.45
6,Zprime_2500GeV_015,0.8352263122,2500.0,0.15
7,Zprime_3500GeV_060,0.762292571231,3500.0,0.6
8,Zprime_2500GeV_045,0.797563114312,2500.0,0.45
9,Zprime_2000GeV_075,0.748846489765,2000.0,0.75
10,Zprime_2500GeV_060,0.771136365289,2500.0,0.6
11,Zprime_4000GeV_075,0.722421679703,4000.0,0.75
12,Zprime_4000GeV_030,0.819686299602,4000.0,0.3
13,Zprime_4000GeV_015,0.839124303496,4000.0,0.15
14,Zprime_3000GeV_030,0.816372008446,3000.0,0.3
15,Zprime_1500GeV_045,0.787980570982,1500.0,0.45
16,Zprime_3000GeV_075,0.73568300101,3000.0,0.75
17,Zprime_1500GeV_060,0.766923177599,1500.0,0.6
18,Zprime_3000GeV_015,0.835616549243,3000.0,0.15
19,Zprime_3500GeV_015,0.835247996246,3500.0,0.15
20,Zprime_3500GeV_030,0.818026288183,3500.0,0.3
21,Zprime_2000GeV_030,0.823452732632,2000.0,0.3
22,Zprime_2000GeV_015,0.838487377959,2000.0,0.15
23,Zprime_3500GeV_075,0.728391855593,3500.0,0.75
24,Zprime_3500GeV_045,0.790986032984,3500.0,0.45
25,Zprime_2500GeV_030,0.818323646477,2500.0,0.3
26,Zprime_2000GeV_060,0.776615955276,2000.0,0.6
27,Zprime_4000GeV_060,0.761990190389,4000.0,0.6
28,Zprime_2500GeV_075,0.736872539331,2500.0,0.75
29,Zprime_4000GeV_045,0.792337054385,4000.0,0.45
