,name,auc,mass,nu
0,Zprime_1500GeV_075,0.738651492351,1500.0,0.75
1,Zprime_1500GeV_015,0.830109234732,1500.0,0.15
2,Zprime_3000GeV_060,0.761480946845,3000.0,0.6
3,Zprime_1500GeV_030,0.816687578732,1500.0,0.3
4,Zprime_3000GeV_045,0.792554389591,3000.0,0.45
5,Zprime_2000GeV_045,0.796600529786,2000.0,0.45
6,Zprime_2500GeV_015,0.83459365718,2500.0,0.15
7,Zprime_3500GeV_060,0.763113941296,3500.0,0.6
8,Zprime_2500GeV_045,0.792911456816,2500.0,0.45
9,Zprime_2000GeV_075,0.741401341814,2000.0,0.75
10,Zprime_2500GeV_060,0.763635571489,2500.0,0.6
11,Zprime_4000GeV_075,0.722680147029,4000.0,0.75
12,Zprime_4000GeV_030,0.827590758813,4000.0,0.3
13,Zprime_4000GeV_015,0.846252758219,4000.0,0.15
14,Zprime_3000GeV_030,0.814851430439,3000.0,0.3
15,Zprime_1500GeV_045,0.79092188895,1500.0,0.45
16,Zprime_3000GeV_075,0.726929120301,3000.0,0.75
17,Zprime_1500GeV_060,0.772088543536,1500.0,0.6
18,Zprime_3000GeV_015,0.836486526064,3000.0,0.15
19,Zprime_3500GeV_015,0.839046187358,3500.0,0.15
20,Zprime_3500GeV_030,0.822379408506,3500.0,0.3
21,Zprime_2000GeV_030,0.819942152423,2000.0,0.3
22,Zprime_2000GeV_015,0.836493365303,2000.0,0.15
23,Zprime_3500GeV_075,0.724332173966,3500.0,0.75
24,Zprime_3500GeV_045,0.791719681657,3500.0,0.45
25,Zprime_2500GeV_030,0.816818907276,2500.0,0.3
26,Zprime_2000GeV_060,0.767887613726,2000.0,0.6
27,Zprime_4000GeV_060,0.765623865812,4000.0,0.6
28,Zprime_2500GeV_075,0.72877272504,2500.0,0.75
29,Zprime_4000GeV_045,0.796053023339,4000.0,0.45
