,name,auc,mass,nu
0,Zprime_1500GeV_075,0.740835400168,1500.0,0.75
1,Zprime_1500GeV_015,0.836203487844,1500.0,0.15
2,Zprime_3000GeV_060,0.779466932361,3000.0,0.6
3,Zprime_1500GeV_030,0.821216663491,1500.0,0.3
4,Zprime_3000GeV_045,0.812772188279,3000.0,0.45
5,Zprime_2000GeV_045,0.818465751079,2000.0,0.45
6,Zprime_2500GeV_015,0.858783705802,2500.0,0.15
7,Zprime_3500GeV_060,0.77649320245,3500.0,0.6
8,Zprime_2500GeV_045,0.816555762806,2500.0,0.45
9,Zprime_2000GeV_075,0.752554455072,2000.0,0.75
10,Zprime_2500GeV_060,0.785234227054,2500.0,0.6
11,Zprime_4000GeV_075,0.7305999077,4000.0,0.75
12,Zprime_4000GeV_030,0.833730838965,4000.0,0.3
13,Zprime_4000GeV_015,0.844491433919,4000.0,0.15
14,Zprime_3000GeV_030,0.836093266142,3000.0,0.3
15,Zprime_1500GeV_045,0.797429462491,1500.0,0.45
16,Zprime_3000GeV_075,0.740843604025,3000.0,0.75
17,Zprime_1500GeV_060,0.774113766988,1500.0,0.6
18,Zprime_3000GeV_015,0.855688839251,3000.0,0.15
19,Zprime_3500GeV_015,0.849535294192,3500.0,0.15
20,Zprime_3500GeV_030,0.834728117996,3500.0,0.3
21,Zprime_2000GeV_030,0.842316534567,2000.0,0.3
22,Zprime_2000GeV_015,0.860320316564,2000.0,0.15
23,Zprime_3500GeV_075,0.737278448062,3500.0,0.75
24,Zprime_3500GeV_045,0.808776819826,3500.0,0.45
25,Zprime_2500GeV_030,0.840530411845,2500.0,0.3
26,Zprime_2000GeV_060,0.787544239847,2000.0,0.6
27,Zprime_4000GeV_060,0.773940175311,4000.0,0.6
28,Zprime_2500GeV_075,0.743436257912,2500.0,0.75
29,Zprime_4000GeV_045,0.806055931736,4000.0,0.45
