,name,auc,mass,nu
0,Zprime_1500GeV_075,0.714502956185,1500.0,0.75
1,Zprime_1500GeV_015,0.814705960158,1500.0,0.15
2,Zprime_3000GeV_060,0.751607292296,3000.0,0.6
3,Zprime_1500GeV_030,0.800662587981,1500.0,0.3
4,Zprime_3000GeV_045,0.782677970251,3000.0,0.45
5,Zprime_2000GeV_045,0.785214549001,2000.0,0.45
6,Zprime_2500GeV_015,0.823206233413,2500.0,0.15
7,Zprime_3500GeV_060,0.754029229319,3500.0,0.6
8,Zprime_2500GeV_045,0.78206690646,2500.0,0.45
9,Zprime_2000GeV_075,0.728600822103,2000.0,0.75
10,Zprime_2500GeV_060,0.754056334517,2500.0,0.6
11,Zprime_4000GeV_075,0.71443636976,4000.0,0.75
12,Zprime_4000GeV_030,0.815204632838,4000.0,0.3
13,Zprime_4000GeV_015,0.833980531665,4000.0,0.15
14,Zprime_3000GeV_030,0.804069578141,3000.0,0.3
15,Zprime_1500GeV_045,0.771661687394,1500.0,0.45
16,Zprime_3000GeV_075,0.719637603874,3000.0,0.75
17,Zprime_1500GeV_060,0.750725838358,1500.0,0.6
18,Zprime_3000GeV_015,0.824501242607,3000.0,0.15
19,Zprime_3500GeV_015,0.82732252978,3500.0,0.15
20,Zprime_3500GeV_030,0.809982399704,3500.0,0.3
21,Zprime_2000GeV_030,0.808385348181,2000.0,0.3
22,Zprime_2000GeV_015,0.825851227016,2000.0,0.15
23,Zprime_3500GeV_075,0.717688582323,3500.0,0.75
24,Zprime_3500GeV_045,0.782933499916,3500.0,0.45
25,Zprime_2500GeV_030,0.804234183934,2500.0,0.3
26,Zprime_2000GeV_060,0.754723711064,2000.0,0.6
27,Zprime_4000GeV_060,0.757361759952,4000.0,0.6
28,Zprime_2500GeV_075,0.717721484716,2500.0,0.75
29,Zprime_4000GeV_045,0.78528080579,4000.0,0.45
