,name,auc,mass,nu
0,Zprime_1500GeV_075,0.782352134316,1500.0,0.75
1,Zprime_1500GeV_015,0.85145267355,1500.0,0.15
2,Zprime_3000GeV_060,0.792090819477,3000.0,0.6
3,Zprime_1500GeV_030,0.838514737799,1500.0,0.3
4,Zprime_3000GeV_045,0.815341207402,3000.0,0.45
5,Zprime_2000GeV_045,0.832300693287,2000.0,0.45
6,Zprime_2500GeV_015,0.85151175897,2500.0,0.15
7,Zprime_3500GeV_060,0.787934279812,3500.0,0.6
8,Zprime_2500GeV_045,0.819766467941,2500.0,0.45
9,Zprime_2000GeV_075,0.785970260737,2000.0,0.75
10,Zprime_2500GeV_060,0.797435002195,2500.0,0.6
11,Zprime_4000GeV_075,0.757643313987,4000.0,0.75
12,Zprime_4000GeV_030,0.845236311749,4000.0,0.3
13,Zprime_4000GeV_015,0.860266402151,4000.0,0.15
14,Zprime_3000GeV_030,0.834430784848,3000.0,0.3
15,Zprime_1500GeV_045,0.816977323758,1500.0,0.45
16,Zprime_3000GeV_075,0.764855324132,3000.0,0.75
17,Zprime_1500GeV_060,0.803100222628,1500.0,0.6
18,Zprime_3000GeV_015,0.853085171901,3000.0,0.15
19,Zprime_3500GeV_015,0.855932080299,3500.0,0.15
20,Zprime_3500GeV_030,0.839825432673,3500.0,0.3
21,Zprime_2000GeV_030,0.848957217322,2000.0,0.3
22,Zprime_2000GeV_015,0.86147455126,2000.0,0.15
23,Zprime_3500GeV_075,0.762676769417,3500.0,0.75
24,Zprime_3500GeV_045,0.815201250743,3500.0,0.45
25,Zprime_2500GeV_030,0.836851447908,2500.0,0.3
26,Zprime_2000GeV_060,0.807499592763,2000.0,0.6
27,Zprime_4000GeV_060,0.789697369332,4000.0,0.6
28,Zprime_2500GeV_075,0.773155474505,2500.0,0.75
29,Zprime_4000GeV_045,0.819114606404,4000.0,0.45
