,name,auc,mass,nu
0,Zprime_1500GeV_075,0.79917130073,1500.0,0.75
1,Zprime_1500GeV_015,0.870124299439,1500.0,0.15
2,Zprime_3000GeV_060,0.803442462762,3000.0,0.6
3,Zprime_1500GeV_030,0.85787964991,1500.0,0.3
4,Zprime_3000GeV_045,0.832764678012,3000.0,0.45
5,Zprime_2000GeV_045,0.840464194629,2000.0,0.45
6,Zprime_2500GeV_015,0.870939897643,2500.0,0.15
7,Zprime_3500GeV_060,0.801737290439,3500.0,0.6
8,Zprime_2500GeV_045,0.835158891735,2500.0,0.45
9,Zprime_2000GeV_075,0.796477492959,2000.0,0.75
10,Zprime_2500GeV_060,0.808606496518,2500.0,0.6
11,Zprime_4000GeV_075,0.759882725647,4000.0,0.75
12,Zprime_4000GeV_030,0.858315627064,4000.0,0.3
13,Zprime_4000GeV_015,0.87045480341,4000.0,0.15
14,Zprime_3000GeV_030,0.853721084173,3000.0,0.3
15,Zprime_1500GeV_045,0.839572530422,1500.0,0.45
16,Zprime_3000GeV_075,0.773787778801,3000.0,0.75
17,Zprime_1500GeV_060,0.82642979897,1500.0,0.6
18,Zprime_3000GeV_015,0.87099085023,3000.0,0.15
19,Zprime_3500GeV_015,0.870670938931,3500.0,0.15
20,Zprime_3500GeV_030,0.856537225115,3500.0,0.3
21,Zprime_2000GeV_030,0.860731819171,2000.0,0.3
22,Zprime_2000GeV_015,0.872912191242,2000.0,0.15
23,Zprime_3500GeV_075,0.765314894873,3500.0,0.75
24,Zprime_3500GeV_045,0.830011689215,3500.0,0.45
25,Zprime_2500GeV_030,0.855016827628,2500.0,0.3
26,Zprime_2000GeV_060,0.81855984803,2000.0,0.6
27,Zprime_4000GeV_060,0.801869314269,4000.0,0.6
28,Zprime_2500GeV_075,0.781603513968,2500.0,0.75
29,Zprime_4000GeV_045,0.830531900735,4000.0,0.45
