,name,auc,mass,nu
0,Zprime_1500GeV_075,0.819814720768,1500.0,0.75
1,Zprime_1500GeV_015,0.884734926025,1500.0,0.15
2,Zprime_3000GeV_060,0.830399974339,3000.0,0.6
3,Zprime_1500GeV_030,0.874424067905,1500.0,0.3
4,Zprime_3000GeV_045,0.858183799309,3000.0,0.45
5,Zprime_2000GeV_045,0.867294844886,2000.0,0.45
6,Zprime_2500GeV_015,0.893362944886,2500.0,0.15
7,Zprime_3500GeV_060,0.82563609696,3500.0,0.6
8,Zprime_2500GeV_045,0.861417634249,2500.0,0.45
9,Zprime_2000GeV_075,0.81648040098,2000.0,0.75
10,Zprime_2500GeV_060,0.83657596414,2500.0,0.6
11,Zprime_4000GeV_075,0.783809375284,4000.0,0.75
12,Zprime_4000GeV_030,0.883274605689,4000.0,0.3
13,Zprime_4000GeV_015,0.895777646188,4000.0,0.15
14,Zprime_3000GeV_030,0.878107086999,3000.0,0.3
15,Zprime_1500GeV_045,0.855539073987,1500.0,0.45
16,Zprime_3000GeV_075,0.797253952395,3000.0,0.75
17,Zprime_1500GeV_060,0.838717029454,1500.0,0.6
18,Zprime_3000GeV_015,0.894608183064,3000.0,0.15
19,Zprime_3500GeV_015,0.895611336064,3500.0,0.15
20,Zprime_3500GeV_030,0.881285791356,3500.0,0.3
21,Zprime_2000GeV_030,0.885419778125,2000.0,0.3
22,Zprime_2000GeV_015,0.897527557988,2000.0,0.15
23,Zprime_3500GeV_075,0.790976685398,3500.0,0.75
24,Zprime_3500GeV_045,0.857457757223,3500.0,0.45
25,Zprime_2500GeV_030,0.879120878922,2500.0,0.3
26,Zprime_2000GeV_060,0.842195922371,2000.0,0.6
27,Zprime_4000GeV_060,0.82538290795,4000.0,0.6
28,Zprime_2500GeV_075,0.805060713502,2500.0,0.75
29,Zprime_4000GeV_045,0.855666827645,4000.0,0.45
