,name,auc,mass,nu
0,Zprime_1500GeV_075,0.738941513654,1500.0,0.75
1,Zprime_1500GeV_015,0.834015225666,1500.0,0.15
2,Zprime_3000GeV_060,0.763976961828,3000.0,0.6
3,Zprime_1500GeV_030,0.821941854821,1500.0,0.3
4,Zprime_3000GeV_045,0.794195922442,3000.0,0.45
5,Zprime_2000GeV_045,0.804752082494,2000.0,0.45
6,Zprime_2500GeV_015,0.840451119654,2500.0,0.15
7,Zprime_3500GeV_060,0.761506482936,3500.0,0.6
8,Zprime_2500GeV_045,0.799805845772,2500.0,0.45
9,Zprime_2000GeV_075,0.745057210749,2000.0,0.75
10,Zprime_2500GeV_060,0.770621200297,2500.0,0.6
11,Zprime_4000GeV_075,0.72050008525,4000.0,0.75
12,Zprime_4000GeV_030,0.818019847491,4000.0,0.3
13,Zprime_4000GeV_015,0.836191686908,4000.0,0.15
14,Zprime_3000GeV_030,0.815662281175,3000.0,0.3
15,Zprime_1500GeV_045,0.793961437204,1500.0,0.45
16,Zprime_3000GeV_075,0.730272755504,3000.0,0.75
17,Zprime_1500GeV_060,0.772860522941,1500.0,0.6
18,Zprime_3000GeV_015,0.835419607432,3000.0,0.15
19,Zprime_3500GeV_015,0.833328673633,3500.0,0.15
20,Zprime_3500GeV_030,0.81604173268,3500.0,0.3
21,Zprime_2000GeV_030,0.829036527653,2000.0,0.3
22,Zprime_2000GeV_015,0.845212456768,2000.0,0.15
23,Zprime_3500GeV_075,0.72612341716,3500.0,0.75
24,Zprime_3500GeV_045,0.790911696008,3500.0,0.45
25,Zprime_2500GeV_030,0.821055402687,2500.0,0.3
26,Zprime_2000GeV_060,0.775338161776,2000.0,0.6
27,Zprime_4000GeV_060,0.761844230665,4000.0,0.6
28,Zprime_2500GeV_075,0.731522898932,2500.0,0.75
29,Zprime_4000GeV_045,0.791084444036,4000.0,0.45
