,name,auc,mass,nu
0,Zprime_1500GeV_075,0.728513842631,1500.0,0.75
1,Zprime_1500GeV_015,0.816321389929,1500.0,0.15
2,Zprime_3000GeV_060,0.749527665114,3000.0,0.6
3,Zprime_1500GeV_030,0.805388965486,1500.0,0.3
4,Zprime_3000GeV_045,0.782636316271,3000.0,0.45
5,Zprime_2000GeV_045,0.779939414111,2000.0,0.45
6,Zprime_2500GeV_015,0.823309893067,2500.0,0.15
7,Zprime_3500GeV_060,0.754946427513,3500.0,0.6
8,Zprime_2500GeV_045,0.778494287713,2500.0,0.45
9,Zprime_2000GeV_075,0.726783852245,2000.0,0.75
10,Zprime_2500GeV_060,0.750398320419,2500.0,0.6
11,Zprime_4000GeV_075,0.715397013689,4000.0,0.75
12,Zprime_4000GeV_030,0.81956929659,4000.0,0.3
13,Zprime_4000GeV_015,0.837547741484,4000.0,0.15
14,Zprime_3000GeV_030,0.807383078754,3000.0,0.3
15,Zprime_1500GeV_045,0.776849428657,1500.0,0.45
16,Zprime_3000GeV_075,0.716126429126,3000.0,0.75
17,Zprime_1500GeV_060,0.75969401377,1500.0,0.6
18,Zprime_3000GeV_015,0.829951352305,3000.0,0.15
19,Zprime_3500GeV_015,0.832443155657,3500.0,0.15
20,Zprime_3500GeV_030,0.815555751867,3500.0,0.3
21,Zprime_2000GeV_030,0.804407665987,2000.0,0.3
22,Zprime_2000GeV_015,0.818946395663,2000.0,0.15
23,Zprime_3500GeV_075,0.715853785349,3500.0,0.75
24,Zprime_3500GeV_045,0.784644778207,3500.0,0.45
25,Zprime_2500GeV_030,0.80379700242,2500.0,0.3
26,Zprime_2000GeV_060,0.753974904387,2000.0,0.6
27,Zprime_4000GeV_060,0.757811068057,4000.0,0.6
28,Zprime_2500GeV_075,0.713761084534,2500.0,0.75
29,Zprime_4000GeV_045,0.789693496516,4000.0,0.45
