,name,auc,mass,nu
0,Zprime_1500GeV_075,0.803705093516,1500.0,0.75
1,Zprime_1500GeV_015,0.873952791847,1500.0,0.15
2,Zprime_3000GeV_060,0.813870369487,3000.0,0.6
3,Zprime_1500GeV_030,0.86493775109,1500.0,0.3
4,Zprime_3000GeV_045,0.842099371494,3000.0,0.45
5,Zprime_2000GeV_045,0.850796216956,2000.0,0.45
6,Zprime_2500GeV_015,0.878898191475,2500.0,0.15
7,Zprime_3500GeV_060,0.812401304559,3500.0,0.6
8,Zprime_2500GeV_045,0.844636623614,2500.0,0.45
9,Zprime_2000GeV_075,0.803190896304,2000.0,0.75
10,Zprime_2500GeV_060,0.820052670493,2500.0,0.6
11,Zprime_4000GeV_075,0.772817270008,4000.0,0.75
12,Zprime_4000GeV_030,0.86907287004,4000.0,0.3
13,Zprime_4000GeV_015,0.882782484228,4000.0,0.15
14,Zprime_3000GeV_030,0.863432927276,3000.0,0.3
15,Zprime_1500GeV_045,0.848634342927,1500.0,0.45
16,Zprime_3000GeV_075,0.783662938021,3000.0,0.75
17,Zprime_1500GeV_060,0.828672949467,1500.0,0.6
18,Zprime_3000GeV_015,0.880631337252,3000.0,0.15
19,Zprime_3500GeV_015,0.881423567156,3500.0,0.15
20,Zprime_3500GeV_030,0.865998921499,3500.0,0.3
21,Zprime_2000GeV_030,0.869230727243,2000.0,0.3
22,Zprime_2000GeV_015,0.882232825896,2000.0,0.15
23,Zprime_3500GeV_075,0.777331468651,3500.0,0.75
24,Zprime_3500GeV_045,0.842127700301,3500.0,0.45
25,Zprime_2500GeV_030,0.864361709952,2500.0,0.3
26,Zprime_2000GeV_060,0.827396506415,2000.0,0.6
27,Zprime_4000GeV_060,0.813753603787,4000.0,0.6
28,Zprime_2500GeV_075,0.790081142816,2500.0,0.75
29,Zprime_4000GeV_045,0.843526011603,4000.0,0.45
