,name,auc,mass,nu
0,Zprime_1500GeV_075,0.801188806069,1500.0,0.75
1,Zprime_1500GeV_015,0.873370413775,1500.0,0.15
2,Zprime_3000GeV_060,0.816326557788,3000.0,0.6
3,Zprime_1500GeV_030,0.860301644465,1500.0,0.3
4,Zprime_3000GeV_045,0.84428505318,3000.0,0.45
5,Zprime_2000GeV_045,0.856580973843,2000.0,0.45
6,Zprime_2500GeV_015,0.88401002546,2500.0,0.15
7,Zprime_3500GeV_060,0.81061968533,3500.0,0.6
8,Zprime_2500GeV_045,0.848493877695,2500.0,0.45
9,Zprime_2000GeV_075,0.806258774585,2000.0,0.75
10,Zprime_2500GeV_060,0.821750716156,2500.0,0.6
11,Zprime_4000GeV_075,0.770301413811,4000.0,0.75
12,Zprime_4000GeV_030,0.871805892573,4000.0,0.3
13,Zprime_4000GeV_015,0.887015619967,4000.0,0.15
14,Zprime_3000GeV_030,0.865584058305,3000.0,0.3
15,Zprime_1500GeV_045,0.841131825112,1500.0,0.45
16,Zprime_3000GeV_075,0.785678339282,3000.0,0.75
17,Zprime_1500GeV_060,0.824079956429,1500.0,0.6
18,Zprime_3000GeV_015,0.884980514476,3000.0,0.15
19,Zprime_3500GeV_015,0.885754908024,3500.0,0.15
20,Zprime_3500GeV_030,0.868890922567,3500.0,0.3
21,Zprime_2000GeV_030,0.873863551494,2000.0,0.3
22,Zprime_2000GeV_015,0.887968335558,2000.0,0.15
23,Zprime_3500GeV_075,0.779419496319,3500.0,0.75
24,Zprime_3500GeV_045,0.841835528347,3500.0,0.45
25,Zprime_2500GeV_030,0.867238097283,2500.0,0.3
26,Zprime_2000GeV_060,0.830538664121,2000.0,0.6
27,Zprime_4000GeV_060,0.810451844232,4000.0,0.6
28,Zprime_2500GeV_075,0.792769202037,2500.0,0.75
29,Zprime_4000GeV_045,0.842304884847,4000.0,0.45
