,name,auc,mass,nu
0,Zprime_1500GeV_075,0.806121767459,1500.0,0.75
1,Zprime_1500GeV_015,0.876316357182,1500.0,0.15
2,Zprime_3000GeV_060,0.809033541348,3000.0,0.6
3,Zprime_1500GeV_030,0.863892236366,1500.0,0.3
4,Zprime_3000GeV_045,0.83777203617,3000.0,0.45
5,Zprime_2000GeV_045,0.845811984299,2000.0,0.45
6,Zprime_2500GeV_015,0.875147054798,2500.0,0.15
7,Zprime_3500GeV_060,0.806195606448,3500.0,0.6
8,Zprime_2500GeV_045,0.83958757921,2500.0,0.45
9,Zprime_2000GeV_075,0.801693482368,2000.0,0.75
10,Zprime_2500GeV_060,0.814459357067,2500.0,0.6
11,Zprime_4000GeV_075,0.766505857366,4000.0,0.75
12,Zprime_4000GeV_030,0.860837972415,4000.0,0.3
13,Zprime_4000GeV_015,0.873048845453,4000.0,0.15
14,Zprime_3000GeV_030,0.857594426539,3000.0,0.3
15,Zprime_1500GeV_045,0.845848887796,1500.0,0.45
16,Zprime_3000GeV_075,0.779211023159,3000.0,0.75
17,Zprime_1500GeV_060,0.830309419333,1500.0,0.6
18,Zprime_3000GeV_015,0.875247707539,3000.0,0.15
19,Zprime_3500GeV_015,0.873412195018,3500.0,0.15
20,Zprime_3500GeV_030,0.859697275758,3500.0,0.3
21,Zprime_2000GeV_030,0.865576722354,2000.0,0.3
22,Zprime_2000GeV_015,0.877039505302,2000.0,0.15
23,Zprime_3500GeV_075,0.771241943992,3500.0,0.75
24,Zprime_3500GeV_045,0.833188722998,3500.0,0.45
25,Zprime_2500GeV_030,0.859443949054,2500.0,0.3
26,Zprime_2000GeV_060,0.823641657695,2000.0,0.6
27,Zprime_4000GeV_060,0.805677741663,4000.0,0.6
28,Zprime_2500GeV_075,0.786430284328,2500.0,0.75
29,Zprime_4000GeV_045,0.833421791892,4000.0,0.45
