,name,auc,mass,nu
0,Zprime_1500GeV_075,0.779216901871,1500.0,0.75
1,Zprime_1500GeV_015,0.845167841813,1500.0,0.15
2,Zprime_3000GeV_060,0.788953138959,3000.0,0.6
3,Zprime_1500GeV_030,0.832084290018,1500.0,0.3
4,Zprime_3000GeV_045,0.814355684102,3000.0,0.45
5,Zprime_2000GeV_045,0.825687119431,2000.0,0.45
6,Zprime_2500GeV_015,0.850886327626,2500.0,0.15
7,Zprime_3500GeV_060,0.786646523099,3500.0,0.6
8,Zprime_2500GeV_045,0.816540493001,2500.0,0.45
9,Zprime_2000GeV_075,0.781007195162,2000.0,0.75
10,Zprime_2500GeV_060,0.792629301075,2500.0,0.6
11,Zprime_4000GeV_075,0.755475788317,4000.0,0.75
12,Zprime_4000GeV_030,0.849381079511,4000.0,0.3
13,Zprime_4000GeV_015,0.864759227948,4000.0,0.15
14,Zprime_3000GeV_030,0.836074888897,3000.0,0.3
15,Zprime_1500GeV_045,0.813544320684,1500.0,0.45
16,Zprime_3000GeV_075,0.761167389516,3000.0,0.75
17,Zprime_1500GeV_060,0.800397545358,1500.0,0.6
18,Zprime_3000GeV_015,0.855942383668,3000.0,0.15
19,Zprime_3500GeV_015,0.860640064867,3500.0,0.15
20,Zprime_3500GeV_030,0.84279184567,3500.0,0.3
21,Zprime_2000GeV_030,0.842271278251,2000.0,0.3
22,Zprime_2000GeV_015,0.855659034535,2000.0,0.15
23,Zprime_3500GeV_075,0.75851004958,3500.0,0.75
24,Zprime_3500GeV_045,0.816839486521,3500.0,0.45
25,Zprime_2500GeV_030,0.835002024566,2500.0,0.3
26,Zprime_2000GeV_060,0.801162761485,2000.0,0.6
27,Zprime_4000GeV_060,0.789784819769,4000.0,0.6
28,Zprime_2500GeV_075,0.767757317001,2500.0,0.75
29,Zprime_4000GeV_045,0.820847497684,4000.0,0.45
