,name,auc,mass,nu
0,Zprime_1500GeV_075,0.839743913783,1500.0,0.75
1,Zprime_1500GeV_015,0.900854141812,1500.0,0.15
2,Zprime_3000GeV_060,0.839734026212,3000.0,0.6
3,Zprime_1500GeV_030,0.890642839842,1500.0,0.3
4,Zprime_3000GeV_045,0.866333298448,3000.0,0.45
5,Zprime_2000GeV_045,0.88187825478,2000.0,0.45
6,Zprime_2500GeV_015,0.904560264937,2500.0,0.15
7,Zprime_3500GeV_060,0.831222401196,3500.0,0.6
8,Zprime_2500GeV_045,0.873158850061,2500.0,0.45
9,Zprime_2000GeV_075,0.834898627614,2000.0,0.75
10,Zprime_2500GeV_060,0.84957643269,2500.0,0.6
11,Zprime_4000GeV_075,0.787240644113,4000.0,0.75
12,Zprime_4000GeV_030,0.879829266036,4000.0,0.3
13,Zprime_4000GeV_015,0.890789244465,4000.0,0.15
14,Zprime_3000GeV_030,0.884793769681,3000.0,0.3
15,Zprime_1500GeV_045,0.874115613023,1500.0,0.45
16,Zprime_3000GeV_075,0.809997089844,3000.0,0.75
17,Zprime_1500GeV_060,0.857745952279,1500.0,0.6
18,Zprime_3000GeV_015,0.900594825692,3000.0,0.15
19,Zprime_3500GeV_015,0.895542707856,3500.0,0.15
20,Zprime_3500GeV_030,0.882913513976,3500.0,0.3
21,Zprime_2000GeV_030,0.898841974623,2000.0,0.3
22,Zprime_2000GeV_015,0.910252821471,2000.0,0.15
23,Zprime_3500GeV_075,0.799819447324,3500.0,0.75
24,Zprime_3500GeV_045,0.859338557944,3500.0,0.45
25,Zprime_2500GeV_030,0.890299086316,2500.0,0.3
26,Zprime_2000GeV_060,0.858665567575,2000.0,0.6
27,Zprime_4000GeV_060,0.826463160499,4000.0,0.6
28,Zprime_2500GeV_075,0.820132663202,2500.0,0.75
29,Zprime_4000GeV_045,0.855027347792,4000.0,0.45
