,name,auc,mass,nu
0,Zprime_1500GeV_075,0.740307544635,1500.0,0.75
1,Zprime_1500GeV_015,0.834476584081,1500.0,0.15
2,Zprime_3000GeV_060,0.765864902817,3000.0,0.6
3,Zprime_1500GeV_030,0.819786606592,1500.0,0.3
4,Zprime_3000GeV_045,0.79610092783,3000.0,0.45
5,Zprime_2000GeV_045,0.8022293762,2000.0,0.45
6,Zprime_2500GeV_015,0.839526918211,2500.0,0.15
7,Zprime_3500GeV_060,0.766015800564,3500.0,0.6
8,Zprime_2500GeV_045,0.798091021777,2500.0,0.45
9,Zprime_2000GeV_075,0.745932211111,2000.0,0.75
10,Zprime_2500GeV_060,0.76916004769,2500.0,0.6
11,Zprime_4000GeV_075,0.725349381219,4000.0,0.75
12,Zprime_4000GeV_030,0.822556222387,4000.0,0.3
13,Zprime_4000GeV_015,0.839258979601,4000.0,0.15
14,Zprime_3000GeV_030,0.817529126842,3000.0,0.3
15,Zprime_1500GeV_045,0.795744056233,1500.0,0.45
16,Zprime_3000GeV_075,0.732216009712,3000.0,0.75
17,Zprime_1500GeV_060,0.775422877464,1500.0,0.6
18,Zprime_3000GeV_015,0.837664219926,3000.0,0.15
19,Zprime_3500GeV_015,0.835212908659,3500.0,0.15
20,Zprime_3500GeV_030,0.820443958867,3500.0,0.3
21,Zprime_2000GeV_030,0.82680011988,2000.0,0.3
22,Zprime_2000GeV_015,0.842981712402,2000.0,0.15
23,Zprime_3500GeV_075,0.728768203105,3500.0,0.75
24,Zprime_3500GeV_045,0.793193928347,3500.0,0.45
25,Zprime_2500GeV_030,0.821509573271,2500.0,0.3
26,Zprime_2000GeV_060,0.773598323458,2000.0,0.6
27,Zprime_4000GeV_060,0.766421737085,4000.0,0.6
28,Zprime_2500GeV_075,0.734240397226,2500.0,0.75
29,Zprime_4000GeV_045,0.794657974778,4000.0,0.45
