,name,auc,mass,nu
0,Zprime_1500GeV_075,0.795862509421,1500.0,0.75
1,Zprime_1500GeV_015,0.868920836746,1500.0,0.15
2,Zprime_3000GeV_060,0.805646124841,3000.0,0.6
3,Zprime_1500GeV_030,0.858696014907,1500.0,0.3
4,Zprime_3000GeV_045,0.834269054465,3000.0,0.45
5,Zprime_2000GeV_045,0.843314829669,2000.0,0.45
6,Zprime_2500GeV_015,0.871360035185,2500.0,0.15
7,Zprime_3500GeV_060,0.804798531156,3500.0,0.6
8,Zprime_2500GeV_045,0.836668629203,2500.0,0.45
9,Zprime_2000GeV_075,0.795971476134,2000.0,0.75
10,Zprime_2500GeV_060,0.811998046016,2500.0,0.6
11,Zprime_4000GeV_075,0.765962175887,4000.0,0.75
12,Zprime_4000GeV_030,0.862457601292,4000.0,0.3
13,Zprime_4000GeV_015,0.877192557942,4000.0,0.15
14,Zprime_3000GeV_030,0.855854401544,3000.0,0.3
15,Zprime_1500GeV_045,0.843193183074,1500.0,0.45
16,Zprime_3000GeV_075,0.776587247883,3000.0,0.75
17,Zprime_1500GeV_060,0.823768042763,1500.0,0.6
18,Zprime_3000GeV_015,0.872915900481,3000.0,0.15
19,Zprime_3500GeV_015,0.874457055935,3500.0,0.15
20,Zprime_3500GeV_030,0.859140599707,3500.0,0.3
21,Zprime_2000GeV_030,0.861813952463,2000.0,0.3
22,Zprime_2000GeV_015,0.875098588529,2000.0,0.15
23,Zprime_3500GeV_075,0.770519200095,3500.0,0.75
24,Zprime_3500GeV_045,0.83488433277,3500.0,0.45
25,Zprime_2500GeV_030,0.856399123712,2500.0,0.3
26,Zprime_2000GeV_060,0.819698395404,2000.0,0.6
27,Zprime_4000GeV_060,0.806875456184,4000.0,0.6
28,Zprime_2500GeV_075,0.781014386009,2500.0,0.75
29,Zprime_4000GeV_045,0.836516459821,4000.0,0.45
