,name,auc,mass,nu
0,Zprime_1500GeV_075,0.797839057114,1500.0,0.75
1,Zprime_1500GeV_015,0.873587887427,1500.0,0.15
2,Zprime_3000GeV_060,0.809981927594,3000.0,0.6
3,Zprime_1500GeV_030,0.863626792533,1500.0,0.3
4,Zprime_3000GeV_045,0.839245367161,3000.0,0.45
5,Zprime_2000GeV_045,0.847932146445,2000.0,0.45
6,Zprime_2500GeV_015,0.878278213168,2500.0,0.15
7,Zprime_3500GeV_060,0.80822079619,3500.0,0.6
8,Zprime_2500GeV_045,0.841569194548,2500.0,0.45
9,Zprime_2000GeV_075,0.799394083609,2000.0,0.75
10,Zprime_2500GeV_060,0.815358472713,2500.0,0.6
11,Zprime_4000GeV_075,0.768217983304,4000.0,0.75
12,Zprime_4000GeV_030,0.862771103884,4000.0,0.3
13,Zprime_4000GeV_015,0.87667225984,4000.0,0.15
14,Zprime_3000GeV_030,0.859463113947,3000.0,0.3
15,Zprime_1500GeV_045,0.843729013737,1500.0,0.45
16,Zprime_3000GeV_075,0.780021236225,3000.0,0.75
17,Zprime_1500GeV_060,0.828003642613,1500.0,0.6
18,Zprime_3000GeV_015,0.877106358493,3000.0,0.15
19,Zprime_3500GeV_015,0.875827521217,3500.0,0.15
20,Zprime_3500GeV_030,0.861214624476,3500.0,0.3
21,Zprime_2000GeV_030,0.869038863069,2000.0,0.3
22,Zprime_2000GeV_015,0.881260054673,2000.0,0.15
23,Zprime_3500GeV_075,0.773349616921,3500.0,0.75
24,Zprime_3500GeV_045,0.83674727073,3500.0,0.45
25,Zprime_2500GeV_030,0.862206376237,2500.0,0.3
26,Zprime_2000GeV_060,0.823237395611,2000.0,0.6
27,Zprime_4000GeV_060,0.808409102357,4000.0,0.6
28,Zprime_2500GeV_075,0.785487013991,2500.0,0.75
29,Zprime_4000GeV_045,0.836462415623,4000.0,0.45
