,name,auc,mass,nu
0,Zprime_1500GeV_075,0.782263304979,1500.0,0.75
1,Zprime_1500GeV_015,0.846748107806,1500.0,0.15
2,Zprime_3000GeV_060,0.788596111717,3000.0,0.6
3,Zprime_1500GeV_030,0.835217447401,1500.0,0.3
4,Zprime_3000GeV_045,0.808535812133,3000.0,0.45
5,Zprime_2000GeV_045,0.827326733682,2000.0,0.45
6,Zprime_2500GeV_015,0.844122690212,2500.0,0.15
7,Zprime_3500GeV_060,0.782058804122,3500.0,0.6
8,Zprime_2500GeV_045,0.814789159293,2500.0,0.45
9,Zprime_2000GeV_075,0.785649073908,2000.0,0.75
10,Zprime_2500GeV_060,0.795169658559,2500.0,0.6
11,Zprime_4000GeV_075,0.754069548227,4000.0,0.75
12,Zprime_4000GeV_030,0.832938647807,4000.0,0.3
13,Zprime_4000GeV_015,0.848572407377,4000.0,0.15
14,Zprime_3000GeV_030,0.826226465383,3000.0,0.3
15,Zprime_1500GeV_045,0.815014341485,1500.0,0.45
16,Zprime_3000GeV_075,0.764758129262,3000.0,0.75
17,Zprime_1500GeV_060,0.800430550921,1500.0,0.6
18,Zprime_3000GeV_015,0.843345178729,3000.0,0.15
19,Zprime_3500GeV_015,0.842812415436,3500.0,0.15
20,Zprime_3500GeV_030,0.829186668031,3500.0,0.3
21,Zprime_2000GeV_030,0.842349235256,2000.0,0.3
22,Zprime_2000GeV_015,0.853919800162,2000.0,0.15
23,Zprime_3500GeV_075,0.760108158783,3500.0,0.75
24,Zprime_3500GeV_045,0.805668883513,3500.0,0.45
25,Zprime_2500GeV_030,0.83034029972,2500.0,0.3
26,Zprime_2000GeV_060,0.804997503629,2000.0,0.6
27,Zprime_4000GeV_060,0.782638863508,4000.0,0.6
28,Zprime_2500GeV_075,0.772817015072,2500.0,0.75
29,Zprime_4000GeV_045,0.808242166715,4000.0,0.45
