,name,auc,mass,nu
0,Zprime_1500GeV_075,0.763557611934,1500.0,0.75
1,Zprime_1500GeV_015,0.846645273223,1500.0,0.15
2,Zprime_3000GeV_060,0.777283599934,3000.0,0.6
3,Zprime_1500GeV_030,0.833702102008,1500.0,0.3
4,Zprime_3000GeV_045,0.811496205871,3000.0,0.45
5,Zprime_2000GeV_045,0.812774365009,2000.0,0.45
6,Zprime_2500GeV_015,0.855572744897,2500.0,0.15
7,Zprime_3500GeV_060,0.779677761924,3500.0,0.6
8,Zprime_2500GeV_045,0.811172763596,2500.0,0.45
9,Zprime_2000GeV_075,0.758910916723,2000.0,0.75
10,Zprime_2500GeV_060,0.77897434152,2500.0,0.6
11,Zprime_4000GeV_075,0.734799519364,4000.0,0.75
12,Zprime_4000GeV_030,0.847163474471,4000.0,0.3
13,Zprime_4000GeV_015,0.863380404659,4000.0,0.15
14,Zprime_3000GeV_030,0.837302142844,3000.0,0.3
15,Zprime_1500GeV_045,0.808960717169,1500.0,0.45
16,Zprime_3000GeV_075,0.741072836879,3000.0,0.75
17,Zprime_1500GeV_060,0.792794011363,1500.0,0.6
18,Zprime_3000GeV_015,0.859949921456,3000.0,0.15
19,Zprime_3500GeV_015,0.859957717189,3500.0,0.15
20,Zprime_3500GeV_030,0.842425576925,3500.0,0.3
21,Zprime_2000GeV_030,0.836504316745,2000.0,0.3
22,Zprime_2000GeV_015,0.851876481249,2000.0,0.15
23,Zprime_3500GeV_075,0.739336558799,3500.0,0.75
24,Zprime_3500GeV_045,0.812416113927,3500.0,0.45
25,Zprime_2500GeV_030,0.836428540127,2500.0,0.3
26,Zprime_2000GeV_060,0.785136235572,2000.0,0.6
27,Zprime_4000GeV_060,0.782075496496,4000.0,0.6
28,Zprime_2500GeV_075,0.744620041481,2500.0,0.75
29,Zprime_4000GeV_045,0.815132938046,4000.0,0.45
