,name,auc,mass,nu
0,Zprime_1500GeV_075,0.804282752672,1500.0,0.75
1,Zprime_1500GeV_015,0.872288878924,1500.0,0.15
2,Zprime_3000GeV_060,0.813407166057,3000.0,0.6
3,Zprime_1500GeV_030,0.863367101023,1500.0,0.3
4,Zprime_3000GeV_045,0.841569976465,3000.0,0.45
5,Zprime_2000GeV_045,0.848857314272,2000.0,0.45
6,Zprime_2500GeV_015,0.878219373891,2500.0,0.15
7,Zprime_3500GeV_060,0.812718594544,3500.0,0.6
8,Zprime_2500GeV_045,0.842829582573,2500.0,0.45
9,Zprime_2000GeV_075,0.800737214631,2000.0,0.75
10,Zprime_2500GeV_060,0.819593235466,2500.0,0.6
11,Zprime_4000GeV_075,0.77717559338,4000.0,0.75
12,Zprime_4000GeV_030,0.868582073066,4000.0,0.3
13,Zprime_4000GeV_015,0.883752746282,4000.0,0.15
14,Zprime_3000GeV_030,0.860390643107,3000.0,0.3
15,Zprime_1500GeV_045,0.849417635711,1500.0,0.45
16,Zprime_3000GeV_075,0.785051028756,3000.0,0.75
17,Zprime_1500GeV_060,0.83192675462,1500.0,0.6
18,Zprime_3000GeV_015,0.878777133896,3000.0,0.15
19,Zprime_3500GeV_015,0.87941701386,3500.0,0.15
20,Zprime_3500GeV_030,0.865072017816,3500.0,0.3
21,Zprime_2000GeV_030,0.867148240689,2000.0,0.3
22,Zprime_2000GeV_015,0.879034121008,2000.0,0.15
23,Zprime_3500GeV_075,0.781684528914,3500.0,0.75
24,Zprime_3500GeV_045,0.841241926003,3500.0,0.45
25,Zprime_2500GeV_030,0.862248633933,2500.0,0.3
26,Zprime_2000GeV_060,0.826269677442,2000.0,0.6
27,Zprime_4000GeV_060,0.815190845853,4000.0,0.6
28,Zprime_2500GeV_075,0.79062915258,2500.0,0.75
29,Zprime_4000GeV_045,0.844171474133,4000.0,0.45
