,name,auc,mass,nu
0,Zprime_1500GeV_075,0.827367013067,1500.0,0.75
1,Zprime_1500GeV_015,0.893249063311,1500.0,0.15
2,Zprime_3000GeV_060,0.835906435492,3000.0,0.6
3,Zprime_1500GeV_030,0.880702160249,1500.0,0.3
4,Zprime_3000GeV_045,0.862936550701,3000.0,0.45
5,Zprime_2000GeV_045,0.872504942736,2000.0,0.45
6,Zprime_2500GeV_015,0.895695429075,2500.0,0.15
7,Zprime_3500GeV_060,0.831499363997,3500.0,0.6
8,Zprime_2500GeV_045,0.865968613311,2500.0,0.45
9,Zprime_2000GeV_075,0.824120238501,2000.0,0.75
10,Zprime_2500GeV_060,0.841767195988,2500.0,0.6
11,Zprime_4000GeV_075,0.790329563534,4000.0,0.75
12,Zprime_4000GeV_030,0.887614817478,4000.0,0.3
13,Zprime_4000GeV_015,0.900086496375,4000.0,0.15
14,Zprime_3000GeV_030,0.881101682242,3000.0,0.3
15,Zprime_1500GeV_045,0.863347746692,1500.0,0.45
16,Zprime_3000GeV_075,0.80243220944,3000.0,0.75
17,Zprime_1500GeV_060,0.846217395768,1500.0,0.6
18,Zprime_3000GeV_015,0.896912794727,3000.0,0.15
19,Zprime_3500GeV_015,0.898197359086,3500.0,0.15
20,Zprime_3500GeV_030,0.884491796595,3500.0,0.3
21,Zprime_2000GeV_030,0.890887174602,2000.0,0.3
22,Zprime_2000GeV_015,0.901160032665,2000.0,0.15
23,Zprime_3500GeV_075,0.797140928659,3500.0,0.75
24,Zprime_3500GeV_045,0.86103803535,3500.0,0.45
25,Zprime_2500GeV_030,0.882873786906,2500.0,0.3
26,Zprime_2000GeV_060,0.848969818767,2000.0,0.6
27,Zprime_4000GeV_060,0.830870737509,4000.0,0.6
28,Zprime_2500GeV_075,0.810790229113,2500.0,0.75
29,Zprime_4000GeV_045,0.860869147964,4000.0,0.45
