,name,auc,mass,nu
0,Zprime_1500GeV_075,0.793331534658,1500.0,0.75
1,Zprime_1500GeV_015,0.865790413246,1500.0,0.15
2,Zprime_3000GeV_060,0.801599573052,3000.0,0.6
3,Zprime_1500GeV_030,0.85411801547,1500.0,0.3
4,Zprime_3000GeV_045,0.831644826031,3000.0,0.45
5,Zprime_2000GeV_045,0.83655786392,2000.0,0.45
6,Zprime_2500GeV_015,0.86932551566,2500.0,0.15
7,Zprime_3500GeV_060,0.799752526539,3500.0,0.6
8,Zprime_2500GeV_045,0.832073742924,2500.0,0.45
9,Zprime_2000GeV_075,0.790141552014,2000.0,0.75
10,Zprime_2500GeV_060,0.805765643352,2500.0,0.6
11,Zprime_4000GeV_075,0.757453017453,4000.0,0.75
12,Zprime_4000GeV_030,0.85668139821,4000.0,0.3
13,Zprime_4000GeV_015,0.870605212019,4000.0,0.15
14,Zprime_3000GeV_030,0.852386057813,3000.0,0.3
15,Zprime_1500GeV_045,0.836291282158,1500.0,0.45
16,Zprime_3000GeV_075,0.770088343092,3000.0,0.75
17,Zprime_1500GeV_060,0.821311555341,1500.0,0.6
18,Zprime_3000GeV_015,0.87103330253,3000.0,0.15
19,Zprime_3500GeV_015,0.870609889832,3500.0,0.15
20,Zprime_3500GeV_030,0.855516557454,3500.0,0.3
21,Zprime_2000GeV_030,0.856238204388,2000.0,0.3
22,Zprime_2000GeV_015,0.867631058225,2000.0,0.15
23,Zprime_3500GeV_075,0.763414491094,3500.0,0.75
24,Zprime_3500GeV_045,0.827990020255,3500.0,0.45
25,Zprime_2500GeV_030,0.852894939913,2500.0,0.3
26,Zprime_2000GeV_060,0.813529569319,2000.0,0.6
27,Zprime_4000GeV_060,0.799643104255,4000.0,0.6
28,Zprime_2500GeV_075,0.77652317021,2500.0,0.75
29,Zprime_4000GeV_045,0.828629605794,4000.0,0.45
