,name,auc,mass,nu
0,Zprime_1500GeV_075,0.799649352642,1500.0,0.75
1,Zprime_1500GeV_015,0.870097379879,1500.0,0.15
2,Zprime_3000GeV_060,0.804249433984,3000.0,0.6
3,Zprime_1500GeV_030,0.857219129046,1500.0,0.3
4,Zprime_3000GeV_045,0.831430365918,3000.0,0.45
5,Zprime_2000GeV_045,0.839302359502,2000.0,0.45
6,Zprime_2500GeV_015,0.868627813186,2500.0,0.15
7,Zprime_3500GeV_060,0.802155861103,3500.0,0.6
8,Zprime_2500GeV_045,0.833455009337,2500.0,0.45
9,Zprime_2000GeV_075,0.794815616836,2000.0,0.75
10,Zprime_2500GeV_060,0.808498419343,2500.0,0.6
11,Zprime_4000GeV_075,0.764513884081,4000.0,0.75
12,Zprime_4000GeV_030,0.856220538024,4000.0,0.3
13,Zprime_4000GeV_015,0.868436861602,4000.0,0.15
14,Zprime_3000GeV_030,0.850976983718,3000.0,0.3
15,Zprime_1500GeV_045,0.839767516168,1500.0,0.45
16,Zprime_3000GeV_075,0.775371153192,3000.0,0.75
17,Zprime_1500GeV_060,0.826818737905,1500.0,0.6
18,Zprime_3000GeV_015,0.867808525404,3000.0,0.15
19,Zprime_3500GeV_015,0.867787615486,3500.0,0.15
20,Zprime_3500GeV_030,0.85481399906,3500.0,0.3
21,Zprime_2000GeV_030,0.858553889419,2000.0,0.3
22,Zprime_2000GeV_015,0.869226854039,2000.0,0.15
23,Zprime_3500GeV_075,0.769019510168,3500.0,0.75
24,Zprime_3500GeV_045,0.829313061233,3500.0,0.45
25,Zprime_2500GeV_030,0.852886728141,2500.0,0.3
26,Zprime_2000GeV_060,0.817465237293,2000.0,0.6
27,Zprime_4000GeV_060,0.80240025684,4000.0,0.6
28,Zprime_2500GeV_075,0.780647509215,2500.0,0.75
29,Zprime_4000GeV_045,0.830324803419,4000.0,0.45
