,name,auc,mass,nu
0,Zprime_1500GeV_075,0.783226231755,1500.0,0.75
1,Zprime_1500GeV_015,0.849175199577,1500.0,0.15
2,Zprime_3000GeV_060,0.78433222055,3000.0,0.6
3,Zprime_1500GeV_030,0.836263453662,1500.0,0.3
4,Zprime_3000GeV_045,0.808624147792,3000.0,0.45
5,Zprime_2000GeV_045,0.826188385592,2000.0,0.45
6,Zprime_2500GeV_015,0.847131148422,2500.0,0.15
7,Zprime_3500GeV_060,0.780264872483,3500.0,0.6
8,Zprime_2500GeV_045,0.812981489667,2500.0,0.45
9,Zprime_2000GeV_075,0.782766023424,2000.0,0.75
10,Zprime_2500GeV_060,0.789233158495,2500.0,0.6
11,Zprime_4000GeV_075,0.748028877931,4000.0,0.75
12,Zprime_4000GeV_030,0.844039295981,4000.0,0.3
13,Zprime_4000GeV_015,0.860541709042,4000.0,0.15
14,Zprime_3000GeV_030,0.830013262119,3000.0,0.3
15,Zprime_1500GeV_045,0.816856045025,1500.0,0.45
16,Zprime_3000GeV_075,0.757254133282,3000.0,0.75
17,Zprime_1500GeV_060,0.80361415234,1500.0,0.6
18,Zprime_3000GeV_015,0.849737443516,3000.0,0.15
19,Zprime_3500GeV_015,0.855873429058,3500.0,0.15
20,Zprime_3500GeV_030,0.837022384983,3500.0,0.3
21,Zprime_2000GeV_030,0.843498754646,2000.0,0.3
22,Zprime_2000GeV_015,0.855805201995,2000.0,0.15
23,Zprime_3500GeV_075,0.753010822231,3500.0,0.75
24,Zprime_3500GeV_045,0.809960837941,3500.0,0.45
25,Zprime_2500GeV_030,0.830850907649,2500.0,0.3
26,Zprime_2000GeV_060,0.803113335762,2000.0,0.6
27,Zprime_4000GeV_060,0.781923867687,4000.0,0.6
28,Zprime_2500GeV_075,0.767918711007,2500.0,0.75
29,Zprime_4000GeV_045,0.814611895466,4000.0,0.45
