,name,auc,mass,nu
0,Zprime_1500GeV_075,0.788117607475,1500.0,0.75
1,Zprime_1500GeV_015,0.865469148321,1500.0,0.15
2,Zprime_3000GeV_060,0.813384652611,3000.0,0.6
3,Zprime_1500GeV_030,0.853594195324,1500.0,0.3
4,Zprime_3000GeV_045,0.84820938046,3000.0,0.45
5,Zprime_2000GeV_045,0.846528936979,2000.0,0.45
6,Zprime_2500GeV_015,0.889522932648,2500.0,0.15
7,Zprime_3500GeV_060,0.811544955643,3500.0,0.6
8,Zprime_2500GeV_045,0.84721828679,2500.0,0.45
9,Zprime_2000GeV_075,0.784854743231,2000.0,0.75
10,Zprime_2500GeV_060,0.815481892834,2500.0,0.6
11,Zprime_4000GeV_075,0.762209716355,4000.0,0.75
12,Zprime_4000GeV_030,0.877180511626,4000.0,0.3
13,Zprime_4000GeV_015,0.892605589899,4000.0,0.15
14,Zprime_3000GeV_030,0.871913420784,3000.0,0.3
15,Zprime_1500GeV_045,0.83329705337,1500.0,0.45
16,Zprime_3000GeV_075,0.773372975456,3000.0,0.75
17,Zprime_1500GeV_060,0.812139495812,1500.0,0.6
18,Zprime_3000GeV_015,0.892131819513,3000.0,0.15
19,Zprime_3500GeV_015,0.892801513664,3500.0,0.15
20,Zprime_3500GeV_030,0.875884867895,3500.0,0.3
21,Zprime_2000GeV_030,0.869353163991,2000.0,0.3
22,Zprime_2000GeV_015,0.886276126297,2000.0,0.15
23,Zprime_3500GeV_075,0.769088954017,3500.0,0.75
24,Zprime_3500GeV_045,0.848147501454,3500.0,0.45
25,Zprime_2500GeV_030,0.870697727961,2500.0,0.3
26,Zprime_2000GeV_060,0.816754120834,2000.0,0.6
27,Zprime_4000GeV_060,0.81215008545,4000.0,0.6
28,Zprime_2500GeV_075,0.775592771977,2500.0,0.75
29,Zprime_4000GeV_045,0.847468987063,4000.0,0.45
