,name,auc,mass,nu
0,Zprime_1500GeV_075,0.804441016351,1500.0,0.75
1,Zprime_1500GeV_015,0.870155433914,1500.0,0.15
2,Zprime_3000GeV_060,0.808214306248,3000.0,0.6
3,Zprime_1500GeV_030,0.861749675133,1500.0,0.3
4,Zprime_3000GeV_045,0.836595416597,3000.0,0.45
5,Zprime_2000GeV_045,0.842573267118,2000.0,0.45
6,Zprime_2500GeV_015,0.873167386892,2500.0,0.15
7,Zprime_3500GeV_060,0.807587943415,3500.0,0.6
8,Zprime_2500GeV_045,0.838224372718,2500.0,0.45
9,Zprime_2000GeV_075,0.799255169217,2000.0,0.75
10,Zprime_2500GeV_060,0.813955637914,2500.0,0.6
11,Zprime_4000GeV_075,0.76947390555,4000.0,0.75
12,Zprime_4000GeV_030,0.860333749083,4000.0,0.3
13,Zprime_4000GeV_015,0.875036986562,4000.0,0.15
14,Zprime_3000GeV_030,0.856850575863,3000.0,0.3
15,Zprime_1500GeV_045,0.844800309215,1500.0,0.45
16,Zprime_3000GeV_075,0.781751773229,3000.0,0.75
17,Zprime_1500GeV_060,0.832102781843,1500.0,0.6
18,Zprime_3000GeV_015,0.8739658695,3000.0,0.15
19,Zprime_3500GeV_015,0.873289003341,3500.0,0.15
20,Zprime_3500GeV_030,0.858621518589,3500.0,0.3
21,Zprime_2000GeV_030,0.86041219879,2000.0,0.3
22,Zprime_2000GeV_015,0.871150789449,2000.0,0.15
23,Zprime_3500GeV_075,0.775573652102,3500.0,0.75
24,Zprime_3500GeV_045,0.835049829131,3500.0,0.45
25,Zprime_2500GeV_030,0.857374592603,2500.0,0.3
26,Zprime_2000GeV_060,0.821926164604,2000.0,0.6
27,Zprime_4000GeV_060,0.8075570449,4000.0,0.6
28,Zprime_2500GeV_075,0.788580724964,2500.0,0.75
29,Zprime_4000GeV_045,0.836268110048,4000.0,0.45
