,name,auc,mass,nu
0,Zprime_1500GeV_075,0.795316254179,1500.0,0.75
1,Zprime_1500GeV_015,0.871605457424,1500.0,0.15
2,Zprime_3000GeV_060,0.813371391333,3000.0,0.6
3,Zprime_1500GeV_030,0.862011492213,1500.0,0.3
4,Zprime_3000GeV_045,0.837994296271,3000.0,0.45
5,Zprime_2000GeV_045,0.858770708788,2000.0,0.45
6,Zprime_2500GeV_015,0.880070383344,2500.0,0.15
7,Zprime_3500GeV_060,0.804256647293,3500.0,0.6
8,Zprime_2500GeV_045,0.84664114267,2500.0,0.45
9,Zprime_2000GeV_075,0.804960986841,2000.0,0.75
10,Zprime_2500GeV_060,0.823947344423,2500.0,0.6
11,Zprime_4000GeV_075,0.76429150767,4000.0,0.75
12,Zprime_4000GeV_030,0.849102289829,4000.0,0.3
13,Zprime_4000GeV_015,0.863126491655,4000.0,0.15
14,Zprime_3000GeV_030,0.856177394539,3000.0,0.3
15,Zprime_1500GeV_045,0.84183921257,1500.0,0.45
16,Zprime_3000GeV_075,0.785557964352,3000.0,0.75
17,Zprime_1500GeV_060,0.82147864219,1500.0,0.6
18,Zprime_3000GeV_015,0.872068837832,3000.0,0.15
19,Zprime_3500GeV_015,0.865326285257,3500.0,0.15
20,Zprime_3500GeV_030,0.853138478089,3500.0,0.3
21,Zprime_2000GeV_030,0.876311056989,2000.0,0.3
22,Zprime_2000GeV_015,0.889534446413,2000.0,0.15
23,Zprime_3500GeV_075,0.775702572355,3500.0,0.75
24,Zprime_3500GeV_045,0.831160586649,3500.0,0.45
25,Zprime_2500GeV_030,0.865069121188,2500.0,0.3
26,Zprime_2000GeV_060,0.8324883409,2000.0,0.6
27,Zprime_4000GeV_060,0.799938074678,4000.0,0.6
28,Zprime_2500GeV_075,0.791927132836,2500.0,0.75
29,Zprime_4000GeV_045,0.825656634882,4000.0,0.45
