,name,auc,mass,nu
0,Zprime_1500GeV_075,0.766432327289,1500.0,0.75
1,Zprime_1500GeV_015,0.849017198525,1500.0,0.15
2,Zprime_3000GeV_060,0.779522496581,3000.0,0.6
3,Zprime_1500GeV_030,0.839311494413,1500.0,0.3
4,Zprime_3000GeV_045,0.812999205238,3000.0,0.45
5,Zprime_2000GeV_045,0.818853865962,2000.0,0.45
6,Zprime_2500GeV_015,0.859122590887,2500.0,0.15
7,Zprime_3500GeV_060,0.778597919645,3500.0,0.6
8,Zprime_2500GeV_045,0.814379270421,2500.0,0.45
9,Zprime_2000GeV_075,0.76441191647,2000.0,0.75
10,Zprime_2500GeV_060,0.785001236378,2500.0,0.6
11,Zprime_4000GeV_075,0.735990263627,4000.0,0.75
12,Zprime_4000GeV_030,0.841745145529,4000.0,0.3
13,Zprime_4000GeV_015,0.858974652013,4000.0,0.15
14,Zprime_3000GeV_030,0.835759244999,3000.0,0.3
15,Zprime_1500GeV_045,0.816731233568,1500.0,0.45
16,Zprime_3000GeV_075,0.745855614162,3000.0,0.75
17,Zprime_1500GeV_060,0.798681345131,1500.0,0.6
18,Zprime_3000GeV_015,0.856065671594,3000.0,0.15
19,Zprime_3500GeV_015,0.85530602386,3500.0,0.15
20,Zprime_3500GeV_030,0.838703254008,3500.0,0.3
21,Zprime_2000GeV_030,0.843114621464,2000.0,0.3
22,Zprime_2000GeV_015,0.857316038457,2000.0,0.15
23,Zprime_3500GeV_075,0.74094870074,3500.0,0.75
24,Zprime_3500GeV_045,0.810116027276,3500.0,0.45
25,Zprime_2500GeV_030,0.83912128612,2500.0,0.3
26,Zprime_2000GeV_060,0.79268824574,2000.0,0.6
27,Zprime_4000GeV_060,0.781013452521,4000.0,0.6
28,Zprime_2500GeV_075,0.750880021392,2500.0,0.75
29,Zprime_4000GeV_045,0.812137407622,4000.0,0.45
