,name,auc,mass,nu
0,Zprime_1500GeV_075,0.731719503905,1500.0,0.75
1,Zprime_1500GeV_015,0.824843270408,1500.0,0.15
2,Zprime_3000GeV_060,0.753308987678,3000.0,0.6
3,Zprime_1500GeV_030,0.810503618198,1500.0,0.3
4,Zprime_3000GeV_045,0.784694030351,3000.0,0.45
5,Zprime_2000GeV_045,0.788908801095,2000.0,0.45
6,Zprime_2500GeV_015,0.826677189615,2500.0,0.15
7,Zprime_3500GeV_060,0.755482179342,3500.0,0.6
8,Zprime_2500GeV_045,0.786418375232,2500.0,0.45
9,Zprime_2000GeV_075,0.734403896482,2000.0,0.75
10,Zprime_2500GeV_060,0.756083728053,2500.0,0.6
11,Zprime_4000GeV_075,0.713819991709,4000.0,0.75
12,Zprime_4000GeV_030,0.818797032273,4000.0,0.3
13,Zprime_4000GeV_015,0.838695532214,4000.0,0.15
14,Zprime_3000GeV_030,0.807201007866,3000.0,0.3
15,Zprime_1500GeV_045,0.783216813677,1500.0,0.45
16,Zprime_3000GeV_075,0.719273505207,3000.0,0.75
17,Zprime_1500GeV_060,0.765681196241,1500.0,0.6
18,Zprime_3000GeV_015,0.827880058998,3000.0,0.15
19,Zprime_3500GeV_015,0.829905683119,3500.0,0.15
20,Zprime_3500GeV_030,0.812850634646,3500.0,0.3
21,Zprime_2000GeV_030,0.81245010413,2000.0,0.3
22,Zprime_2000GeV_015,0.82876358099,2000.0,0.15
23,Zprime_3500GeV_075,0.716697462681,3500.0,0.75
24,Zprime_3500GeV_045,0.784468966821,3500.0,0.45
25,Zprime_2500GeV_030,0.809218310761,2500.0,0.3
26,Zprime_2000GeV_060,0.760233852029,2000.0,0.6
27,Zprime_4000GeV_060,0.757915872812,4000.0,0.6
28,Zprime_2500GeV_075,0.722277907309,2500.0,0.75
29,Zprime_4000GeV_045,0.788989353236,4000.0,0.45
