,name,auc,mass,nu
0,Zprime_1500GeV_075,0.725833745111,1500.0,0.75
1,Zprime_1500GeV_015,0.823012274574,1500.0,0.15
2,Zprime_3000GeV_060,0.751379980134,3000.0,0.6
3,Zprime_1500GeV_030,0.808315583053,1500.0,0.3
4,Zprime_3000GeV_045,0.782421906702,3000.0,0.45
5,Zprime_2000GeV_045,0.788077521718,2000.0,0.45
6,Zprime_2500GeV_015,0.826796464727,2500.0,0.15
7,Zprime_3500GeV_060,0.754019070403,3500.0,0.6
8,Zprime_2500GeV_045,0.783879264587,2500.0,0.45
9,Zprime_2000GeV_075,0.732038357942,2000.0,0.75
10,Zprime_2500GeV_060,0.755785170393,2500.0,0.6
11,Zprime_4000GeV_075,0.717323108607,4000.0,0.75
12,Zprime_4000GeV_030,0.820523631426,4000.0,0.3
13,Zprime_4000GeV_015,0.839907794496,4000.0,0.15
14,Zprime_3000GeV_030,0.806013744512,3000.0,0.3
15,Zprime_1500GeV_045,0.780781806983,1500.0,0.45
16,Zprime_3000GeV_075,0.719082521072,3000.0,0.75
17,Zprime_1500GeV_060,0.763396701971,1500.0,0.6
18,Zprime_3000GeV_015,0.828729468094,3000.0,0.15
19,Zprime_3500GeV_015,0.831277748502,3500.0,0.15
20,Zprime_3500GeV_030,0.812612320168,3500.0,0.3
21,Zprime_2000GeV_030,0.813379661077,2000.0,0.3
22,Zprime_2000GeV_015,0.829369612797,2000.0,0.15
23,Zprime_3500GeV_075,0.7174392188,3500.0,0.75
24,Zprime_3500GeV_045,0.783866351765,3500.0,0.45
25,Zprime_2500GeV_030,0.807583038073,2500.0,0.3
26,Zprime_2000GeV_060,0.7586669278,2000.0,0.6
27,Zprime_4000GeV_060,0.758651387646,4000.0,0.6
28,Zprime_2500GeV_075,0.71869576497,2500.0,0.75
29,Zprime_4000GeV_045,0.789801923765,4000.0,0.45
