,name,auc,mass,nu
0,Zprime_1500GeV_075,0.699508608627,1500.0,0.75
1,Zprime_1500GeV_015,0.796627961804,1500.0,0.15
2,Zprime_3000GeV_060,0.735323220419,3000.0,0.6
3,Zprime_1500GeV_030,0.780636703322,1500.0,0.3
4,Zprime_3000GeV_045,0.768570733653,3000.0,0.45
5,Zprime_2000GeV_045,0.767583103748,2000.0,0.45
6,Zprime_2500GeV_015,0.809633920255,2500.0,0.15
7,Zprime_3500GeV_060,0.739364222691,3500.0,0.6
8,Zprime_2500GeV_045,0.765353860398,2500.0,0.45
9,Zprime_2000GeV_075,0.708925295582,2000.0,0.75
10,Zprime_2500GeV_060,0.737165488118,2500.0,0.6
11,Zprime_4000GeV_075,0.700261483201,4000.0,0.75
12,Zprime_4000GeV_030,0.813450924598,4000.0,0.3
13,Zprime_4000GeV_015,0.836995265584,4000.0,0.15
14,Zprime_3000GeV_030,0.79284066313,3000.0,0.3
15,Zprime_1500GeV_045,0.754595810039,1500.0,0.45
16,Zprime_3000GeV_075,0.700191005503,3000.0,0.75
17,Zprime_1500GeV_060,0.735728199053,1500.0,0.6
18,Zprime_3000GeV_015,0.816678363077,3000.0,0.15
19,Zprime_3500GeV_015,0.825058351165,3500.0,0.15
20,Zprime_3500GeV_030,0.805224703701,3500.0,0.3
21,Zprime_2000GeV_030,0.790747517629,2000.0,0.3
22,Zprime_2000GeV_015,0.80926541987,2000.0,0.15
23,Zprime_3500GeV_075,0.699775675742,3500.0,0.75
24,Zprime_3500GeV_045,0.772384366767,3500.0,0.45
25,Zprime_2500GeV_030,0.790003746397,2500.0,0.3
26,Zprime_2000GeV_060,0.737801304548,2000.0,0.6
27,Zprime_4000GeV_060,0.745517459471,4000.0,0.6
28,Zprime_2500GeV_075,0.698695903732,2500.0,0.75
29,Zprime_4000GeV_045,0.780246691506,4000.0,0.45
