,name,auc,mass,nu
0,Zprime_1500GeV_075,0.768954383759,1500.0,0.75
1,Zprime_1500GeV_015,0.854919498406,1500.0,0.15
2,Zprime_3000GeV_060,0.787388792793,3000.0,0.6
3,Zprime_1500GeV_030,0.841337335286,1500.0,0.3
4,Zprime_3000GeV_045,0.820320387755,3000.0,0.45
5,Zprime_2000GeV_045,0.822724165879,2000.0,0.45
6,Zprime_2500GeV_015,0.862906472744,2500.0,0.15
7,Zprime_3500GeV_060,0.787708110199,3500.0,0.6
8,Zprime_2500GeV_045,0.820952541429,2500.0,0.45
9,Zprime_2000GeV_075,0.769369008593,2000.0,0.75
10,Zprime_2500GeV_060,0.790010731704,2500.0,0.6
11,Zprime_4000GeV_075,0.745120505912,4000.0,0.75
12,Zprime_4000GeV_030,0.851373110324,4000.0,0.3
13,Zprime_4000GeV_015,0.865477203386,4000.0,0.15
14,Zprime_3000GeV_030,0.844143923353,3000.0,0.3
15,Zprime_1500GeV_045,0.817691505499,1500.0,0.45
16,Zprime_3000GeV_075,0.753027326177,3000.0,0.75
17,Zprime_1500GeV_060,0.801579694136,1500.0,0.6
18,Zprime_3000GeV_015,0.86464914864,3000.0,0.15
19,Zprime_3500GeV_015,0.864420901279,3500.0,0.15
20,Zprime_3500GeV_030,0.847874389326,3500.0,0.3
21,Zprime_2000GeV_030,0.846003814805,2000.0,0.3
22,Zprime_2000GeV_015,0.861498488266,2000.0,0.15
23,Zprime_3500GeV_075,0.748922240784,3500.0,0.75
24,Zprime_3500GeV_045,0.819410444991,3500.0,0.45
25,Zprime_2500GeV_030,0.84486530284,2500.0,0.3
26,Zprime_2000GeV_060,0.795896895815,2000.0,0.6
27,Zprime_4000GeV_060,0.789565983762,4000.0,0.6
28,Zprime_2500GeV_075,0.756130758493,2500.0,0.75
29,Zprime_4000GeV_045,0.821711229959,4000.0,0.45
