,name,auc,mass,nu
0,Zprime_1500GeV_075,0.804120363791,1500.0,0.75
1,Zprime_1500GeV_015,0.873987489204,1500.0,0.15
2,Zprime_3000GeV_060,0.807494762405,3000.0,0.6
3,Zprime_1500GeV_030,0.86276591013,1500.0,0.3
4,Zprime_3000GeV_045,0.834780470133,3000.0,0.45
5,Zprime_2000GeV_045,0.844575743698,2000.0,0.45
6,Zprime_2500GeV_015,0.872266991692,2500.0,0.15
7,Zprime_3500GeV_060,0.8046571748,3500.0,0.6
8,Zprime_2500GeV_045,0.837810915176,2500.0,0.45
9,Zprime_2000GeV_075,0.799135251189,2000.0,0.75
10,Zprime_2500GeV_060,0.81238059827,2500.0,0.6
11,Zprime_4000GeV_075,0.765171053221,4000.0,0.75
12,Zprime_4000GeV_030,0.856635809366,4000.0,0.3
13,Zprime_4000GeV_015,0.869508714778,4000.0,0.15
14,Zprime_3000GeV_030,0.854273212303,3000.0,0.3
15,Zprime_1500GeV_045,0.844600338785,1500.0,0.45
16,Zprime_3000GeV_075,0.778153626962,3000.0,0.75
17,Zprime_1500GeV_060,0.828990300001,1500.0,0.6
18,Zprime_3000GeV_015,0.870994282757,3000.0,0.15
19,Zprime_3500GeV_015,0.868907857632,3500.0,0.15
20,Zprime_3500GeV_030,0.855154163707,3500.0,0.3
21,Zprime_2000GeV_030,0.864613737387,2000.0,0.3
22,Zprime_2000GeV_015,0.876439234457,2000.0,0.15
23,Zprime_3500GeV_075,0.77025542215,3500.0,0.75
24,Zprime_3500GeV_045,0.830688025304,3500.0,0.45
25,Zprime_2500GeV_030,0.857465939842,2500.0,0.3
26,Zprime_2000GeV_060,0.82181803267,2000.0,0.6
27,Zprime_4000GeV_060,0.804675111368,4000.0,0.6
28,Zprime_2500GeV_075,0.785348752213,2500.0,0.75
29,Zprime_4000GeV_045,0.831577493942,4000.0,0.45
