,name,auc,mass,nu
0,Zprime_1500GeV_075,0.733001014092,1500.0,0.75
1,Zprime_1500GeV_015,0.822601564986,1500.0,0.15
2,Zprime_3000GeV_060,0.753834589593,3000.0,0.6
3,Zprime_1500GeV_030,0.808475452483,1500.0,0.3
4,Zprime_3000GeV_045,0.786040876404,3000.0,0.45
5,Zprime_2000GeV_045,0.78817823383,2000.0,0.45
6,Zprime_2500GeV_015,0.824905008602,2500.0,0.15
7,Zprime_3500GeV_060,0.758052147354,3500.0,0.6
8,Zprime_2500GeV_045,0.783490300713,2500.0,0.45
9,Zprime_2000GeV_075,0.734951890641,2000.0,0.75
10,Zprime_2500GeV_060,0.754963221,2500.0,0.6
11,Zprime_4000GeV_075,0.717301720147,4000.0,0.75
12,Zprime_4000GeV_030,0.823178988868,4000.0,0.3
13,Zprime_4000GeV_015,0.84297777123,4000.0,0.15
14,Zprime_3000GeV_030,0.808384868509,3000.0,0.3
15,Zprime_1500GeV_045,0.783490765507,1500.0,0.45
16,Zprime_3000GeV_075,0.720112227664,3000.0,0.75
17,Zprime_1500GeV_060,0.763321472002,1500.0,0.6
18,Zprime_3000GeV_015,0.830784450848,3000.0,0.15
19,Zprime_3500GeV_015,0.834568467114,3500.0,0.15
20,Zprime_3500GeV_030,0.81748937746,3500.0,0.3
21,Zprime_2000GeV_030,0.811149053075,2000.0,0.3
22,Zprime_2000GeV_015,0.827772642861,2000.0,0.15
23,Zprime_3500GeV_075,0.718188804264,3500.0,0.75
24,Zprime_3500GeV_045,0.788069730563,3500.0,0.45
25,Zprime_2500GeV_030,0.80712466094,2500.0,0.3
26,Zprime_2000GeV_060,0.759958417333,2000.0,0.6
27,Zprime_4000GeV_060,0.760968727145,4000.0,0.6
28,Zprime_2500GeV_075,0.721064967568,2500.0,0.75
29,Zprime_4000GeV_045,0.791305487315,4000.0,0.45
