,name,auc,mass,nu
0,Zprime_1500GeV_075,0.803599147867,1500.0,0.75
1,Zprime_1500GeV_015,0.871130732376,1500.0,0.15
2,Zprime_3000GeV_060,0.810413708038,3000.0,0.6
3,Zprime_1500GeV_030,0.862473205862,1500.0,0.3
4,Zprime_3000GeV_045,0.838160044363,3000.0,0.45
5,Zprime_2000GeV_045,0.847047173328,2000.0,0.45
6,Zprime_2500GeV_015,0.874536166555,2500.0,0.15
7,Zprime_3500GeV_060,0.809477097344,3500.0,0.6
8,Zprime_2500GeV_045,0.840502657763,2500.0,0.45
9,Zprime_2000GeV_075,0.802279024462,2000.0,0.75
10,Zprime_2500GeV_060,0.816632992261,2500.0,0.6
11,Zprime_4000GeV_075,0.771524230177,4000.0,0.75
12,Zprime_4000GeV_030,0.865544499327,4000.0,0.3
13,Zprime_4000GeV_015,0.880841329183,4000.0,0.15
14,Zprime_3000GeV_030,0.858634715481,3000.0,0.3
15,Zprime_1500GeV_045,0.847974158118,1500.0,0.45
16,Zprime_3000GeV_075,0.781789487778,3000.0,0.75
17,Zprime_1500GeV_060,0.829308555475,1500.0,0.6
18,Zprime_3000GeV_015,0.875458311677,3000.0,0.15
19,Zprime_3500GeV_015,0.876650440427,3500.0,0.15
20,Zprime_3500GeV_030,0.861408724788,3500.0,0.3
21,Zprime_2000GeV_030,0.865472290455,2000.0,0.3
22,Zprime_2000GeV_015,0.877843079653,2000.0,0.15
23,Zprime_3500GeV_075,0.776519929338,3500.0,0.75
24,Zprime_3500GeV_045,0.838522878942,3500.0,0.45
25,Zprime_2500GeV_030,0.859406179151,2500.0,0.3
26,Zprime_2000GeV_060,0.824391238809,2000.0,0.6
27,Zprime_4000GeV_060,0.810089580959,4000.0,0.6
28,Zprime_2500GeV_075,0.790387702401,2500.0,0.75
29,Zprime_4000GeV_045,0.840376341911,4000.0,0.45
