,name,auc,mass,nu
0,Zprime_1500GeV_075,0.713732355466,1500.0,0.75
1,Zprime_1500GeV_015,0.811879941928,1500.0,0.15
2,Zprime_3000GeV_060,0.746373115972,3000.0,0.6
3,Zprime_1500GeV_030,0.79765173142,1500.0,0.3
4,Zprime_3000GeV_045,0.780325170744,3000.0,0.45
5,Zprime_2000GeV_045,0.777835876821,2000.0,0.45
6,Zprime_2500GeV_015,0.824117161118,2500.0,0.15
7,Zprime_3500GeV_060,0.75083899775,3500.0,0.6
8,Zprime_2500GeV_045,0.77769258151,2500.0,0.45
9,Zprime_2000GeV_075,0.718290290289,2000.0,0.75
10,Zprime_2500GeV_060,0.746642134845,2500.0,0.6
11,Zprime_4000GeV_075,0.708162614759,4000.0,0.75
12,Zprime_4000GeV_030,0.819877624242,4000.0,0.3
13,Zprime_4000GeV_015,0.837417178408,4000.0,0.15
14,Zprime_3000GeV_030,0.805320112459,3000.0,0.3
15,Zprime_1500GeV_045,0.765192939511,1500.0,0.45
16,Zprime_3000GeV_075,0.709615598183,3000.0,0.75
17,Zprime_1500GeV_060,0.749497769093,1500.0,0.6
18,Zprime_3000GeV_015,0.829826443522,3000.0,0.15
19,Zprime_3500GeV_015,0.831488931941,3500.0,0.15
20,Zprime_3500GeV_030,0.8118846608,3500.0,0.3
21,Zprime_2000GeV_030,0.802981301456,2000.0,0.3
22,Zprime_2000GeV_015,0.819243384485,2000.0,0.15
23,Zprime_3500GeV_075,0.710068252191,3500.0,0.75
24,Zprime_3500GeV_045,0.782230050389,3500.0,0.45
25,Zprime_2500GeV_030,0.802804248038,2500.0,0.3
26,Zprime_2000GeV_060,0.747126842435,2000.0,0.6
27,Zprime_4000GeV_060,0.755718481226,4000.0,0.6
28,Zprime_2500GeV_075,0.708314908392,2500.0,0.75
29,Zprime_4000GeV_045,0.788002908215,4000.0,0.45
