,name,auc,mass,nu
0,Zprime_1500GeV_075,0.797592893904,1500.0,0.75
1,Zprime_1500GeV_015,0.870766316979,1500.0,0.15
2,Zprime_3000GeV_060,0.805974380498,3000.0,0.6
3,Zprime_1500GeV_030,0.860173737712,1500.0,0.3
4,Zprime_3000GeV_045,0.836371822325,3000.0,0.45
5,Zprime_2000GeV_045,0.8425917563,2000.0,0.45
6,Zprime_2500GeV_015,0.875433697824,2500.0,0.15
7,Zprime_3500GeV_060,0.80330774678,3500.0,0.6
8,Zprime_2500GeV_045,0.837887763067,2500.0,0.45
9,Zprime_2000GeV_075,0.793853094198,2000.0,0.75
10,Zprime_2500GeV_060,0.810682268555,2500.0,0.6
11,Zprime_4000GeV_075,0.762946605606,4000.0,0.75
12,Zprime_4000GeV_030,0.860181556482,4000.0,0.3
13,Zprime_4000GeV_015,0.875051208228,4000.0,0.15
14,Zprime_3000GeV_030,0.856331989321,3000.0,0.3
15,Zprime_1500GeV_045,0.841728532006,1500.0,0.45
16,Zprime_3000GeV_075,0.774562566617,3000.0,0.75
17,Zprime_1500GeV_060,0.825495061163,1500.0,0.6
18,Zprime_3000GeV_015,0.87467477901,3000.0,0.15
19,Zprime_3500GeV_015,0.873586184149,3500.0,0.15
20,Zprime_3500GeV_030,0.85952243754,3500.0,0.3
21,Zprime_2000GeV_030,0.863305131706,2000.0,0.3
22,Zprime_2000GeV_015,0.876273989396,2000.0,0.15
23,Zprime_3500GeV_075,0.767391206064,3500.0,0.75
24,Zprime_3500GeV_045,0.832136006476,3500.0,0.45
25,Zprime_2500GeV_030,0.858864929588,2500.0,0.3
26,Zprime_2000GeV_060,0.818179714117,2000.0,0.6
27,Zprime_4000GeV_060,0.803938013449,4000.0,0.6
28,Zprime_2500GeV_075,0.781867618782,2500.0,0.75
29,Zprime_4000GeV_045,0.833118912332,4000.0,0.45
