,name,auc,mass,nu
0,Zprime_1500GeV_075,0.779391191926,1500.0,0.75
1,Zprime_1500GeV_015,0.852106356822,1500.0,0.15
2,Zprime_3000GeV_060,0.788846456177,3000.0,0.6
3,Zprime_1500GeV_030,0.834821264867,1500.0,0.3
4,Zprime_3000GeV_045,0.813540032914,3000.0,0.45
5,Zprime_2000GeV_045,0.828112371309,2000.0,0.45
6,Zprime_2500GeV_015,0.851859267316,2500.0,0.15
7,Zprime_3500GeV_060,0.785990266387,3500.0,0.6
8,Zprime_2500GeV_045,0.815618678041,2500.0,0.45
9,Zprime_2000GeV_075,0.783006815809,2000.0,0.75
10,Zprime_2500GeV_060,0.792096962545,2500.0,0.6
11,Zprime_4000GeV_075,0.754341972764,4000.0,0.75
12,Zprime_4000GeV_030,0.848541362557,4000.0,0.3
13,Zprime_4000GeV_015,0.864755984255,4000.0,0.15
14,Zprime_3000GeV_030,0.834834514611,3000.0,0.3
15,Zprime_1500GeV_045,0.815096766263,1500.0,0.45
16,Zprime_3000GeV_075,0.763084270844,3000.0,0.75
17,Zprime_1500GeV_060,0.801190604983,1500.0,0.6
18,Zprime_3000GeV_015,0.855738840484,3000.0,0.15
19,Zprime_3500GeV_015,0.860702838026,3500.0,0.15
20,Zprime_3500GeV_030,0.842088372671,3500.0,0.3
21,Zprime_2000GeV_030,0.84426125853,2000.0,0.3
22,Zprime_2000GeV_015,0.856456555551,2000.0,0.15
23,Zprime_3500GeV_075,0.758610060034,3500.0,0.75
24,Zprime_3500GeV_045,0.815846418834,3500.0,0.45
25,Zprime_2500GeV_030,0.834566620328,2500.0,0.3
26,Zprime_2000GeV_060,0.80411255688,2000.0,0.6
27,Zprime_4000GeV_060,0.78856895459,4000.0,0.6
28,Zprime_2500GeV_075,0.768685078155,2500.0,0.75
29,Zprime_4000GeV_045,0.820583120228,4000.0,0.45
