,name,auc,mass,nu
0,Zprime_1500GeV_075,0.804401912061,1500.0,0.75
1,Zprime_1500GeV_015,0.872839658716,1500.0,0.15
2,Zprime_3000GeV_060,0.808129786936,3000.0,0.6
3,Zprime_1500GeV_030,0.861360456704,1500.0,0.3
4,Zprime_3000GeV_045,0.836881746468,3000.0,0.45
5,Zprime_2000GeV_045,0.844206129552,2000.0,0.45
6,Zprime_2500GeV_015,0.872712547,2500.0,0.15
7,Zprime_3500GeV_060,0.805569405394,3500.0,0.6
8,Zprime_2500GeV_045,0.837740391162,2500.0,0.45
9,Zprime_2000GeV_075,0.798970863135,2000.0,0.75
10,Zprime_2500GeV_060,0.814278424278,2500.0,0.6
11,Zprime_4000GeV_075,0.767411530929,4000.0,0.75
12,Zprime_4000GeV_030,0.863110019703,4000.0,0.3
13,Zprime_4000GeV_015,0.878512529731,4000.0,0.15
14,Zprime_3000GeV_030,0.856810336296,3000.0,0.3
15,Zprime_1500GeV_045,0.846671943724,1500.0,0.45
16,Zprime_3000GeV_075,0.779009918146,3000.0,0.75
17,Zprime_1500GeV_060,0.831332710444,1500.0,0.6
18,Zprime_3000GeV_015,0.873965309516,3000.0,0.15
19,Zprime_3500GeV_015,0.874838739461,3500.0,0.15
20,Zprime_3500GeV_030,0.859775900013,3500.0,0.3
21,Zprime_2000GeV_030,0.862258193297,2000.0,0.3
22,Zprime_2000GeV_015,0.87394882646,2000.0,0.15
23,Zprime_3500GeV_075,0.77263610411,3500.0,0.75
24,Zprime_3500GeV_045,0.83509619875,3500.0,0.45
25,Zprime_2500GeV_030,0.85759860493,2500.0,0.3
26,Zprime_2000GeV_060,0.822329210096,2000.0,0.6
27,Zprime_4000GeV_060,0.806104799309,4000.0,0.6
28,Zprime_2500GeV_075,0.785494301355,2500.0,0.75
29,Zprime_4000GeV_045,0.837234565704,4000.0,0.45
