,name,auc,mass,nu
0,Zprime_1500GeV_075,0.799795515731,1500.0,0.75
1,Zprime_1500GeV_015,0.870950399266,1500.0,0.15
2,Zprime_3000GeV_060,0.79920926543,3000.0,0.6
3,Zprime_1500GeV_030,0.857441742644,1500.0,0.3
4,Zprime_3000GeV_045,0.825903681478,3000.0,0.45
5,Zprime_2000GeV_045,0.843108370994,2000.0,0.45
6,Zprime_2500GeV_015,0.864313044631,2500.0,0.15
7,Zprime_3500GeV_060,0.795934473714,3500.0,0.6
8,Zprime_2500GeV_045,0.832684085815,2500.0,0.45
9,Zprime_2000GeV_075,0.795809191579,2000.0,0.75
10,Zprime_2500GeV_060,0.80889435503,2500.0,0.6
11,Zprime_4000GeV_075,0.757210304566,4000.0,0.75
12,Zprime_4000GeV_030,0.841949892729,4000.0,0.3
13,Zprime_4000GeV_015,0.849541874791,4000.0,0.15
14,Zprime_3000GeV_030,0.843465814838,3000.0,0.3
15,Zprime_1500GeV_045,0.840513012243,1500.0,0.45
16,Zprime_3000GeV_075,0.771795727662,3000.0,0.75
17,Zprime_1500GeV_060,0.82152215564,1500.0,0.6
18,Zprime_3000GeV_015,0.858235680295,3000.0,0.15
19,Zprime_3500GeV_015,0.853190702715,3500.0,0.15
20,Zprime_3500GeV_030,0.842351172931,3500.0,0.3
21,Zprime_2000GeV_030,0.862225955766,2000.0,0.3
22,Zprime_2000GeV_015,0.875322272413,2000.0,0.15
23,Zprime_3500GeV_075,0.764901693993,3500.0,0.75
24,Zprime_3500GeV_045,0.821299152515,3500.0,0.45
25,Zprime_2500GeV_030,0.850924112587,2500.0,0.3
26,Zprime_2000GeV_060,0.819887827267,2000.0,0.6
27,Zprime_4000GeV_060,0.792217568849,4000.0,0.6
28,Zprime_2500GeV_075,0.779355432731,2500.0,0.75
29,Zprime_4000GeV_045,0.818171921965,4000.0,0.45
