,name,auc,mass,nu
0,Zprime_1500GeV_075,0.73294933776,1500.0,0.75
1,Zprime_1500GeV_015,0.828336479227,1500.0,0.15
2,Zprime_3000GeV_060,0.756098178604,3000.0,0.6
3,Zprime_1500GeV_030,0.812644731387,1500.0,0.3
4,Zprime_3000GeV_045,0.786875868105,3000.0,0.45
5,Zprime_2000GeV_045,0.791483365692,2000.0,0.45
6,Zprime_2500GeV_015,0.828182145177,2500.0,0.15
7,Zprime_3500GeV_060,0.758391675513,3500.0,0.6
8,Zprime_2500GeV_045,0.786881684281,2500.0,0.45
9,Zprime_2000GeV_075,0.735747912457,2000.0,0.75
10,Zprime_2500GeV_060,0.757595868924,2500.0,0.6
11,Zprime_4000GeV_075,0.719401324865,4000.0,0.75
12,Zprime_4000GeV_030,0.822312386826,4000.0,0.3
13,Zprime_4000GeV_015,0.841783785664,4000.0,0.15
14,Zprime_3000GeV_030,0.809700734473,3000.0,0.3
15,Zprime_1500GeV_045,0.787125800573,1500.0,0.45
16,Zprime_3000GeV_075,0.723192927187,3000.0,0.75
17,Zprime_1500GeV_060,0.766117508251,1500.0,0.6
18,Zprime_3000GeV_015,0.831450908058,3000.0,0.15
19,Zprime_3500GeV_015,0.833861213608,3500.0,0.15
20,Zprime_3500GeV_030,0.817026105541,3500.0,0.3
21,Zprime_2000GeV_030,0.81552196195,2000.0,0.3
22,Zprime_2000GeV_015,0.83146493799,2000.0,0.15
23,Zprime_3500GeV_075,0.721754440926,3500.0,0.75
24,Zprime_3500GeV_045,0.788268829749,3500.0,0.45
25,Zprime_2500GeV_030,0.809843880464,2500.0,0.3
26,Zprime_2000GeV_060,0.763466552562,2000.0,0.6
27,Zprime_4000GeV_060,0.761318937978,4000.0,0.6
28,Zprime_2500GeV_075,0.724093864659,2500.0,0.75
29,Zprime_4000GeV_045,0.790711178133,4000.0,0.45
