,name,auc,mass,nu
0,Zprime_1500GeV_075,0.79946929193,1500.0,0.75
1,Zprime_1500GeV_015,0.868870021454,1500.0,0.15
2,Zprime_3000GeV_060,0.802275710723,3000.0,0.6
3,Zprime_1500GeV_030,0.857512197832,1500.0,0.3
4,Zprime_3000GeV_045,0.830904932426,3000.0,0.45
5,Zprime_2000GeV_045,0.838059920504,2000.0,0.45
6,Zprime_2500GeV_015,0.867849336762,2500.0,0.15
7,Zprime_3500GeV_060,0.800295480583,3500.0,0.6
8,Zprime_2500GeV_045,0.832431147922,2500.0,0.45
9,Zprime_2000GeV_075,0.794596649611,2000.0,0.75
10,Zprime_2500GeV_060,0.807108368379,2500.0,0.6
11,Zprime_4000GeV_075,0.760042141541,4000.0,0.75
12,Zprime_4000GeV_030,0.855513836606,4000.0,0.3
13,Zprime_4000GeV_015,0.867692151962,4000.0,0.15
14,Zprime_3000GeV_030,0.851026653142,3000.0,0.3
15,Zprime_1500GeV_045,0.838717758929,1500.0,0.45
16,Zprime_3000GeV_075,0.773708843231,3000.0,0.75
17,Zprime_1500GeV_060,0.825546580174,1500.0,0.6
18,Zprime_3000GeV_015,0.868150945089,3000.0,0.15
19,Zprime_3500GeV_015,0.86766078855,3500.0,0.15
20,Zprime_3500GeV_030,0.854445933797,3500.0,0.3
21,Zprime_2000GeV_030,0.857060821808,2000.0,0.3
22,Zprime_2000GeV_015,0.868420260054,2000.0,0.15
23,Zprime_3500GeV_075,0.766247440798,3500.0,0.75
24,Zprime_3500GeV_045,0.82754792701,3500.0,0.45
25,Zprime_2500GeV_030,0.852640388896,2500.0,0.3
26,Zprime_2000GeV_060,0.816175585268,2000.0,0.6
27,Zprime_4000GeV_060,0.80163069382,4000.0,0.6
28,Zprime_2500GeV_075,0.779913043821,2500.0,0.75
29,Zprime_4000GeV_045,0.828884207969,4000.0,0.45
