,name,auc,mass,nu
0,Zprime_1500GeV_075,0.793747551398,1500.0,0.75
1,Zprime_1500GeV_015,0.863539765686,1500.0,0.15
2,Zprime_3000GeV_060,0.80016095968,3000.0,0.6
3,Zprime_1500GeV_030,0.852798541349,1500.0,0.3
4,Zprime_3000GeV_045,0.828613762239,3000.0,0.45
5,Zprime_2000GeV_045,0.834473913606,2000.0,0.45
6,Zprime_2500GeV_015,0.865593132198,2500.0,0.15
7,Zprime_3500GeV_060,0.798216344554,3500.0,0.6
8,Zprime_2500GeV_045,0.830090472138,2500.0,0.45
9,Zprime_2000GeV_075,0.79104251253,2000.0,0.75
10,Zprime_2500GeV_060,0.804522996218,2500.0,0.6
11,Zprime_4000GeV_075,0.759415785534,4000.0,0.75
12,Zprime_4000GeV_030,0.854006924825,4000.0,0.3
13,Zprime_4000GeV_015,0.867480732542,4000.0,0.15
14,Zprime_3000GeV_030,0.848762286108,3000.0,0.3
15,Zprime_1500GeV_045,0.834746384538,1500.0,0.45
16,Zprime_3000GeV_075,0.770254238703,3000.0,0.75
17,Zprime_1500GeV_060,0.818922491414,1500.0,0.6
18,Zprime_3000GeV_015,0.86723951031,3000.0,0.15
19,Zprime_3500GeV_015,0.86618145176,3500.0,0.15
20,Zprime_3500GeV_030,0.852462167763,3500.0,0.3
21,Zprime_2000GeV_030,0.854315220967,2000.0,0.3
22,Zprime_2000GeV_015,0.865436268479,2000.0,0.15
23,Zprime_3500GeV_075,0.764043690956,3500.0,0.75
24,Zprime_3500GeV_045,0.826519021259,3500.0,0.45
25,Zprime_2500GeV_030,0.849481961718,2500.0,0.3
26,Zprime_2000GeV_060,0.81270006029,2000.0,0.6
27,Zprime_4000GeV_060,0.799509407765,4000.0,0.6
28,Zprime_2500GeV_075,0.775699143983,2500.0,0.75
29,Zprime_4000GeV_045,0.827129032934,4000.0,0.45
