,name,auc,mass,nu
0,Zprime_1500GeV_075,0.755201725945,1500.0,0.75
1,Zprime_1500GeV_015,0.841923869072,1500.0,0.15
2,Zprime_3000GeV_060,0.772455047232,3000.0,0.6
3,Zprime_1500GeV_030,0.828251611672,1500.0,0.3
4,Zprime_3000GeV_045,0.800856440544,3000.0,0.45
5,Zprime_2000GeV_045,0.808382342577,2000.0,0.45
6,Zprime_2500GeV_015,0.843671840615,2500.0,0.15
7,Zprime_3500GeV_060,0.772476211286,3500.0,0.6
8,Zprime_2500GeV_045,0.803477669965,2500.0,0.45
9,Zprime_2000GeV_075,0.754494378861,2000.0,0.75
10,Zprime_2500GeV_060,0.775708776322,2500.0,0.6
11,Zprime_4000GeV_075,0.733096157548,4000.0,0.75
12,Zprime_4000GeV_030,0.830120570271,4000.0,0.3
13,Zprime_4000GeV_015,0.844002824878,4000.0,0.15
14,Zprime_3000GeV_030,0.8240583888,3000.0,0.3
15,Zprime_1500GeV_045,0.802614321249,1500.0,0.45
16,Zprime_3000GeV_075,0.738766984261,3000.0,0.75
17,Zprime_1500GeV_060,0.785317943646,1500.0,0.6
18,Zprime_3000GeV_015,0.843682334608,3000.0,0.15
19,Zprime_3500GeV_015,0.840937753687,3500.0,0.15
20,Zprime_3500GeV_030,0.827070839851,3500.0,0.3
21,Zprime_2000GeV_030,0.830412142142,2000.0,0.3
22,Zprime_2000GeV_015,0.84609354247,2000.0,0.15
23,Zprime_3500GeV_075,0.735846015758,3500.0,0.75
24,Zprime_3500GeV_045,0.799878311568,3500.0,0.45
25,Zprime_2500GeV_030,0.82636579177,2500.0,0.3
26,Zprime_2000GeV_060,0.78058767833,2000.0,0.6
27,Zprime_4000GeV_060,0.773797349793,4000.0,0.6
28,Zprime_2500GeV_075,0.742176409827,2500.0,0.75
29,Zprime_4000GeV_045,0.801148969235,4000.0,0.45
