,name,auc,mass,nu
0,Zprime_1500GeV_075,0.791652355055,1500.0,0.75
1,Zprime_1500GeV_015,0.865934232627,1500.0,0.15
2,Zprime_3000GeV_060,0.8018149347,3000.0,0.6
3,Zprime_1500GeV_030,0.857481876062,1500.0,0.3
4,Zprime_3000GeV_045,0.833412117129,3000.0,0.45
5,Zprime_2000GeV_045,0.83950759712,2000.0,0.45
6,Zprime_2500GeV_015,0.873696917936,2500.0,0.15
7,Zprime_3500GeV_060,0.801539898167,3500.0,0.6
8,Zprime_2500GeV_045,0.834539932483,2500.0,0.45
9,Zprime_2000GeV_075,0.789355797501,2000.0,0.75
10,Zprime_2500GeV_060,0.806259994541,2500.0,0.6
11,Zprime_4000GeV_075,0.759109031031,4000.0,0.75
12,Zprime_4000GeV_030,0.862036459955,4000.0,0.3
13,Zprime_4000GeV_015,0.877052957117,4000.0,0.15
14,Zprime_3000GeV_030,0.855469341762,3000.0,0.3
15,Zprime_1500GeV_045,0.836852447821,1500.0,0.45
16,Zprime_3000GeV_075,0.769410606247,3000.0,0.75
17,Zprime_1500GeV_060,0.820909478418,1500.0,0.6
18,Zprime_3000GeV_015,0.875022881089,3000.0,0.15
19,Zprime_3500GeV_015,0.874809130728,3500.0,0.15
20,Zprime_3500GeV_030,0.858713925906,3500.0,0.3
21,Zprime_2000GeV_030,0.860699617663,2000.0,0.3
22,Zprime_2000GeV_015,0.873848249462,2000.0,0.15
23,Zprime_3500GeV_075,0.763481446409,3500.0,0.75
24,Zprime_3500GeV_045,0.831131065439,3500.0,0.45
25,Zprime_2500GeV_030,0.856349385686,2500.0,0.3
26,Zprime_2000GeV_060,0.814865346533,2000.0,0.6
27,Zprime_4000GeV_060,0.802268120745,4000.0,0.6
28,Zprime_2500GeV_075,0.775441842947,2500.0,0.75
29,Zprime_4000GeV_045,0.832829479529,4000.0,0.45
