,name,auc,mass,nu
0,Zprime_1500GeV_075,0.798802822025,1500.0,0.75
1,Zprime_1500GeV_015,0.870772720854,1500.0,0.15
2,Zprime_3000GeV_060,0.807418344227,3000.0,0.6
3,Zprime_1500GeV_030,0.858496051913,1500.0,0.3
4,Zprime_3000GeV_045,0.836286362906,3000.0,0.45
5,Zprime_2000GeV_045,0.844414666334,2000.0,0.45
6,Zprime_2500GeV_015,0.871880785901,2500.0,0.15
7,Zprime_3500GeV_060,0.806765445045,3500.0,0.6
8,Zprime_2500GeV_045,0.838477971181,2500.0,0.45
9,Zprime_2000GeV_075,0.798355445781,2000.0,0.75
10,Zprime_2500GeV_060,0.814234010102,2500.0,0.6
11,Zprime_4000GeV_075,0.767757979532,4000.0,0.75
12,Zprime_4000GeV_030,0.86447623226,4000.0,0.3
13,Zprime_4000GeV_015,0.878904484974,4000.0,0.15
14,Zprime_3000GeV_030,0.857156527935,3000.0,0.3
15,Zprime_1500GeV_045,0.843432482204,1500.0,0.45
16,Zprime_3000GeV_075,0.777891160043,3000.0,0.75
17,Zprime_1500GeV_060,0.823816277166,1500.0,0.6
18,Zprime_3000GeV_015,0.874579362197,3000.0,0.15
19,Zprime_3500GeV_015,0.876156234088,3500.0,0.15
20,Zprime_3500GeV_030,0.860653462071,3500.0,0.3
21,Zprime_2000GeV_030,0.862845134913,2000.0,0.3
22,Zprime_2000GeV_015,0.875360751167,2000.0,0.15
23,Zprime_3500GeV_075,0.772437311944,3500.0,0.75
24,Zprime_3500GeV_045,0.83733628707,3500.0,0.45
25,Zprime_2500GeV_030,0.857887171275,2500.0,0.3
26,Zprime_2000GeV_060,0.821542989213,2000.0,0.6
27,Zprime_4000GeV_060,0.808859478652,4000.0,0.6
28,Zprime_2500GeV_075,0.783808985955,2500.0,0.75
29,Zprime_4000GeV_045,0.838786170894,4000.0,0.45
