,name,auc,mass,nu
0,Zprime_1500GeV_075,0.751198888296,1500.0,0.75
1,Zprime_1500GeV_015,0.831896311629,1500.0,0.15
2,Zprime_3000GeV_060,0.762531559306,3000.0,0.6
3,Zprime_1500GeV_030,0.820801327121,1500.0,0.3
4,Zprime_3000GeV_045,0.79472522878,3000.0,0.45
5,Zprime_2000GeV_045,0.795300436026,2000.0,0.45
6,Zprime_2500GeV_015,0.835523154054,2500.0,0.15
7,Zprime_3500GeV_060,0.767167276328,3500.0,0.6
8,Zprime_2500GeV_045,0.792173051714,2500.0,0.45
9,Zprime_2000GeV_075,0.742749648187,2000.0,0.75
10,Zprime_2500GeV_060,0.761415293739,2500.0,0.6
11,Zprime_4000GeV_075,0.725376848119,4000.0,0.75
12,Zprime_4000GeV_030,0.829025046989,4000.0,0.3
13,Zprime_4000GeV_015,0.847066708138,4000.0,0.15
14,Zprime_3000GeV_030,0.818110265694,3000.0,0.3
15,Zprime_1500GeV_045,0.796541377016,1500.0,0.45
16,Zprime_3000GeV_075,0.726830706652,3000.0,0.75
17,Zprime_1500GeV_060,0.779281815037,1500.0,0.6
18,Zprime_3000GeV_015,0.840420698449,3000.0,0.15
19,Zprime_3500GeV_015,0.841043096497,3500.0,0.15
20,Zprime_3500GeV_030,0.824496352823,3500.0,0.3
21,Zprime_2000GeV_030,0.819208597197,2000.0,0.3
22,Zprime_2000GeV_015,0.834682154711,2000.0,0.15
23,Zprime_3500GeV_075,0.725952360393,3500.0,0.75
24,Zprime_3500GeV_045,0.797215404333,3500.0,0.45
25,Zprime_2500GeV_030,0.816833986303,2500.0,0.3
26,Zprime_2000GeV_060,0.768912340127,2000.0,0.6
27,Zprime_4000GeV_060,0.768650175984,4000.0,0.6
28,Zprime_2500GeV_075,0.727489158317,2500.0,0.75
29,Zprime_4000GeV_045,0.8004307531,4000.0,0.45
