,name,auc,mass,nu
0,Zprime_1500GeV_075,0.743571024208,1500.0,0.75
1,Zprime_1500GeV_015,0.831377621071,1500.0,0.15
2,Zprime_3000GeV_060,0.767035791025,3000.0,0.6
3,Zprime_1500GeV_030,0.81851883696,1500.0,0.3
4,Zprime_3000GeV_045,0.79783071051,3000.0,0.45
5,Zprime_2000GeV_045,0.802888946935,2000.0,0.45
6,Zprime_2500GeV_015,0.842188222744,2500.0,0.15
7,Zprime_3500GeV_060,0.767036736139,3500.0,0.6
8,Zprime_2500GeV_045,0.799827024316,2500.0,0.45
9,Zprime_2000GeV_075,0.746001390312,2000.0,0.75
10,Zprime_2500GeV_060,0.771828779301,2500.0,0.6
11,Zprime_4000GeV_075,0.727435425473,4000.0,0.75
12,Zprime_4000GeV_030,0.829010448912,4000.0,0.3
13,Zprime_4000GeV_015,0.845662276026,4000.0,0.15
14,Zprime_3000GeV_030,0.821700219094,3000.0,0.3
15,Zprime_1500GeV_045,0.792390724409,1500.0,0.45
16,Zprime_3000GeV_075,0.733386420917,3000.0,0.75
17,Zprime_1500GeV_060,0.776279790413,1500.0,0.6
18,Zprime_3000GeV_015,0.842177203096,3000.0,0.15
19,Zprime_3500GeV_015,0.839752496393,3500.0,0.15
20,Zprime_3500GeV_030,0.824697470819,3500.0,0.3
21,Zprime_2000GeV_030,0.824918165422,2000.0,0.3
22,Zprime_2000GeV_015,0.840705414856,2000.0,0.15
23,Zprime_3500GeV_075,0.731603741165,3500.0,0.75
24,Zprime_3500GeV_045,0.795871279348,3500.0,0.45
25,Zprime_2500GeV_030,0.823435317291,2500.0,0.3
26,Zprime_2000GeV_060,0.773562471526,2000.0,0.6
27,Zprime_4000GeV_060,0.770261723197,4000.0,0.6
28,Zprime_2500GeV_075,0.734713981848,2500.0,0.75
29,Zprime_4000GeV_045,0.799323387099,4000.0,0.45
