,name,auc,mass,nu
0,Zprime_1500GeV_075,0.766044100001,1500.0,0.75
1,Zprime_1500GeV_015,0.850004652706,1500.0,0.15
2,Zprime_3000GeV_060,0.78580476748,3000.0,0.6
3,Zprime_1500GeV_030,0.841558979093,1500.0,0.3
4,Zprime_3000GeV_045,0.81725217889,3000.0,0.45
5,Zprime_2000GeV_045,0.82101848496,2000.0,0.45
6,Zprime_2500GeV_015,0.857619068787,2500.0,0.15
7,Zprime_3500GeV_060,0.786423839026,3500.0,0.6
8,Zprime_2500GeV_045,0.817521827486,2500.0,0.45
9,Zprime_2000GeV_075,0.770566145602,2000.0,0.75
10,Zprime_2500GeV_060,0.788692042006,2500.0,0.6
11,Zprime_4000GeV_075,0.743086652987,4000.0,0.75
12,Zprime_4000GeV_030,0.849182804293,4000.0,0.3
13,Zprime_4000GeV_015,0.863065041782,4000.0,0.15
14,Zprime_3000GeV_030,0.83922184051,3000.0,0.3
15,Zprime_1500GeV_045,0.816714518871,1500.0,0.45
16,Zprime_3000GeV_075,0.753213382871,3000.0,0.75
17,Zprime_1500GeV_060,0.800805654084,1500.0,0.6
18,Zprime_3000GeV_015,0.859796195266,3000.0,0.15
19,Zprime_3500GeV_015,0.861713057029,3500.0,0.15
20,Zprime_3500GeV_030,0.844396749195,3500.0,0.3
21,Zprime_2000GeV_030,0.842773229213,2000.0,0.3
22,Zprime_2000GeV_015,0.857160844243,2000.0,0.15
23,Zprime_3500GeV_075,0.748313811975,3500.0,0.75
24,Zprime_3500GeV_045,0.816226905822,3500.0,0.45
25,Zprime_2500GeV_030,0.840584218832,2500.0,0.3
26,Zprime_2000GeV_060,0.793607286789,2000.0,0.6
27,Zprime_4000GeV_060,0.788875128676,4000.0,0.6
28,Zprime_2500GeV_075,0.756416698533,2500.0,0.75
29,Zprime_4000GeV_045,0.819046790209,4000.0,0.45
