,name,auc,mass,nu
0,Zprime_1500GeV_075,0.716983524915,1500.0,0.75
1,Zprime_1500GeV_015,0.817243361581,1500.0,0.15
2,Zprime_3000GeV_060,0.75377199236,3000.0,0.6
3,Zprime_1500GeV_030,0.800149169843,1500.0,0.3
4,Zprime_3000GeV_045,0.790768396258,3000.0,0.45
5,Zprime_2000GeV_045,0.794459530718,2000.0,0.45
6,Zprime_2500GeV_015,0.840277328096,2500.0,0.15
7,Zprime_3500GeV_060,0.751080284151,3500.0,0.6
8,Zprime_2500GeV_045,0.793188664701,2500.0,0.45
9,Zprime_2000GeV_075,0.722761450768,2000.0,0.75
10,Zprime_2500GeV_060,0.759965874833,2500.0,0.6
11,Zprime_4000GeV_075,0.701651977787,4000.0,0.75
12,Zprime_4000GeV_030,0.814203408301,4000.0,0.3
13,Zprime_4000GeV_015,0.828151353991,4000.0,0.15
14,Zprime_3000GeV_030,0.815453938357,3000.0,0.3
15,Zprime_1500GeV_045,0.773544125863,1500.0,0.45
16,Zprime_3000GeV_075,0.713758074092,3000.0,0.75
17,Zprime_1500GeV_060,0.748455975772,1500.0,0.6
18,Zprime_3000GeV_015,0.838202527867,3000.0,0.15
19,Zprime_3500GeV_015,0.831190306917,3500.0,0.15
20,Zprime_3500GeV_030,0.816050389662,3500.0,0.3
21,Zprime_2000GeV_030,0.820767255171,2000.0,0.3
22,Zprime_2000GeV_015,0.840304397484,2000.0,0.15
23,Zprime_3500GeV_075,0.708491901224,3500.0,0.75
24,Zprime_3500GeV_045,0.786291426605,3500.0,0.45
25,Zprime_2500GeV_030,0.820654897454,2500.0,0.3
26,Zprime_2000GeV_060,0.760362215825,2000.0,0.6
27,Zprime_4000GeV_060,0.749512003187,4000.0,0.6
28,Zprime_2500GeV_075,0.714212310046,2500.0,0.75
29,Zprime_4000GeV_045,0.784301278536,4000.0,0.45
