,name,auc,mass,nu
0,Zprime_1500GeV_075,0.724594613184,1500.0,0.75
1,Zprime_1500GeV_015,0.812830509791,1500.0,0.15
2,Zprime_3000GeV_060,0.754142660696,3000.0,0.6
3,Zprime_1500GeV_030,0.800755860648,1500.0,0.3
4,Zprime_3000GeV_045,0.7846698007,3000.0,0.45
5,Zprime_2000GeV_045,0.787281560528,2000.0,0.45
6,Zprime_2500GeV_015,0.828295049014,2500.0,0.15
7,Zprime_3500GeV_060,0.755311405068,3500.0,0.6
8,Zprime_2500GeV_045,0.785308362584,2500.0,0.45
9,Zprime_2000GeV_075,0.728911069806,2000.0,0.75
10,Zprime_2500GeV_060,0.757005491349,2500.0,0.6
11,Zprime_4000GeV_075,0.716810508464,4000.0,0.75
12,Zprime_4000GeV_030,0.817130112993,4000.0,0.3
13,Zprime_4000GeV_015,0.837143737044,4000.0,0.15
14,Zprime_3000GeV_030,0.807650676586,3000.0,0.3
15,Zprime_1500GeV_045,0.772567756604,1500.0,0.45
16,Zprime_3000GeV_075,0.721769701179,3000.0,0.75
17,Zprime_1500GeV_060,0.753671309671,1500.0,0.6
18,Zprime_3000GeV_015,0.829195696206,3000.0,0.15
19,Zprime_3500GeV_015,0.82993990876,3500.0,0.15
20,Zprime_3500GeV_030,0.812478133504,3500.0,0.3
21,Zprime_2000GeV_030,0.808615150164,2000.0,0.3
22,Zprime_2000GeV_015,0.826396944605,2000.0,0.15
23,Zprime_3500GeV_075,0.721361565291,3500.0,0.75
24,Zprime_3500GeV_045,0.783628068282,3500.0,0.45
25,Zprime_2500GeV_030,0.807981098085,2500.0,0.3
26,Zprime_2000GeV_060,0.756666508456,2000.0,0.6
27,Zprime_4000GeV_060,0.757249751899,4000.0,0.6
28,Zprime_2500GeV_075,0.718932950194,2500.0,0.75
29,Zprime_4000GeV_045,0.789047123315,4000.0,0.45
