,name,auc,mass,nu
0,Zprime_1500GeV_075,0.802514377047,1500.0,0.75
1,Zprime_1500GeV_015,0.872913454638,1500.0,0.15
2,Zprime_3000GeV_060,0.80545439719,3000.0,0.6
3,Zprime_1500GeV_030,0.861071937152,1500.0,0.3
4,Zprime_3000GeV_045,0.834435671341,3000.0,0.45
5,Zprime_2000GeV_045,0.843178371805,2000.0,0.45
6,Zprime_2500GeV_015,0.872445569936,2500.0,0.15
7,Zprime_3500GeV_060,0.803361127289,3500.0,0.6
8,Zprime_2500GeV_045,0.836683722626,2500.0,0.45
9,Zprime_2000GeV_075,0.799519992441,2000.0,0.75
10,Zprime_2500GeV_060,0.811196267483,2500.0,0.6
11,Zprime_4000GeV_075,0.76288572838,4000.0,0.75
12,Zprime_4000GeV_030,0.858848936405,4000.0,0.3
13,Zprime_4000GeV_015,0.871793222438,4000.0,0.15
14,Zprime_3000GeV_030,0.855255387563,3000.0,0.3
15,Zprime_1500GeV_045,0.842584868704,1500.0,0.45
16,Zprime_3000GeV_075,0.77561831888,3000.0,0.75
17,Zprime_1500GeV_060,0.828361573718,1500.0,0.6
18,Zprime_3000GeV_015,0.873249555932,3000.0,0.15
19,Zprime_3500GeV_015,0.871640551578,3500.0,0.15
20,Zprime_3500GeV_030,0.857313689786,3500.0,0.3
21,Zprime_2000GeV_030,0.862629719998,2000.0,0.3
22,Zprime_2000GeV_015,0.873919909716,2000.0,0.15
23,Zprime_3500GeV_075,0.768086214563,3500.0,0.75
24,Zprime_3500GeV_045,0.830260177734,3500.0,0.45
25,Zprime_2500GeV_030,0.856771552919,2500.0,0.3
26,Zprime_2000GeV_060,0.821348286346,2000.0,0.6
27,Zprime_4000GeV_060,0.803219078242,4000.0,0.6
28,Zprime_2500GeV_075,0.78393967492,2500.0,0.75
29,Zprime_4000GeV_045,0.831258372078,4000.0,0.45
