,name,auc,mass,nu
0,Zprime_1500GeV_075,0.729817222933,1500.0,0.75
1,Zprime_1500GeV_015,0.827081506094,1500.0,0.15
2,Zprime_3000GeV_060,0.757641227591,3000.0,0.6
3,Zprime_1500GeV_030,0.811094805628,1500.0,0.3
4,Zprime_3000GeV_045,0.789900505179,3000.0,0.45
5,Zprime_2000GeV_045,0.791033028935,2000.0,0.45
6,Zprime_2500GeV_015,0.832517570249,2500.0,0.15
7,Zprime_3500GeV_060,0.759642721433,3500.0,0.6
8,Zprime_2500GeV_045,0.789666897914,2500.0,0.45
9,Zprime_2000GeV_075,0.734824508432,2000.0,0.75
10,Zprime_2500GeV_060,0.758434051154,2500.0,0.6
11,Zprime_4000GeV_075,0.71931086552,4000.0,0.75
12,Zprime_4000GeV_030,0.823321152532,4000.0,0.3
13,Zprime_4000GeV_015,0.841176257935,4000.0,0.15
14,Zprime_3000GeV_030,0.812045482138,3000.0,0.3
15,Zprime_1500GeV_045,0.785212402186,1500.0,0.45
16,Zprime_3000GeV_075,0.722433325048,3000.0,0.75
17,Zprime_1500GeV_060,0.764933475775,1500.0,0.6
18,Zprime_3000GeV_015,0.834042631766,3000.0,0.15
19,Zprime_3500GeV_015,0.835378587813,3500.0,0.15
20,Zprime_3500GeV_030,0.819356241304,3500.0,0.3
21,Zprime_2000GeV_030,0.816208019437,2000.0,0.3
22,Zprime_2000GeV_015,0.833067940719,2000.0,0.15
23,Zprime_3500GeV_075,0.721218044307,3500.0,0.75
24,Zprime_3500GeV_045,0.788301808632,3500.0,0.45
25,Zprime_2500GeV_030,0.814021513544,2500.0,0.3
26,Zprime_2000GeV_060,0.762480990223,2000.0,0.6
27,Zprime_4000GeV_060,0.762495726805,4000.0,0.6
28,Zprime_2500GeV_075,0.722526386269,2500.0,0.75
29,Zprime_4000GeV_045,0.793433111131,4000.0,0.45
