,name,auc,mass,nu
0,Zprime_1500GeV_075,0.799877770937,1500.0,0.75
1,Zprime_1500GeV_015,0.871889975752,1500.0,0.15
2,Zprime_3000GeV_060,0.802874795672,3000.0,0.6
3,Zprime_1500GeV_030,0.859583280947,1500.0,0.3
4,Zprime_3000GeV_045,0.832752451131,3000.0,0.45
5,Zprime_2000GeV_045,0.839682990118,2000.0,0.45
6,Zprime_2500GeV_015,0.870388957439,2500.0,0.15
7,Zprime_3500GeV_060,0.800880384318,3500.0,0.6
8,Zprime_2500GeV_045,0.833873259968,2500.0,0.45
9,Zprime_2000GeV_075,0.795243220373,2000.0,0.75
10,Zprime_2500GeV_060,0.806755017897,2500.0,0.6
11,Zprime_4000GeV_075,0.759343643081,4000.0,0.75
12,Zprime_4000GeV_030,0.859172737602,4000.0,0.3
13,Zprime_4000GeV_015,0.872654898494,4000.0,0.15
14,Zprime_3000GeV_030,0.853468217231,3000.0,0.3
15,Zprime_1500GeV_045,0.841345465902,1500.0,0.45
16,Zprime_3000GeV_075,0.772299246754,3000.0,0.75
17,Zprime_1500GeV_060,0.826833227851,1500.0,0.6
18,Zprime_3000GeV_015,0.871604927119,3000.0,0.15
19,Zprime_3500GeV_015,0.872317118919,3500.0,0.15
20,Zprime_3500GeV_030,0.857533282627,3500.0,0.3
21,Zprime_2000GeV_030,0.859536786761,2000.0,0.3
22,Zprime_2000GeV_015,0.871766611695,2000.0,0.15
23,Zprime_3500GeV_075,0.764931412234,3500.0,0.75
24,Zprime_3500GeV_045,0.829524687235,3500.0,0.45
25,Zprime_2500GeV_030,0.854493727527,2500.0,0.3
26,Zprime_2000GeV_060,0.816056121589,2000.0,0.6
27,Zprime_4000GeV_060,0.801994082998,4000.0,0.6
28,Zprime_2500GeV_075,0.778084926173,2500.0,0.75
29,Zprime_4000GeV_045,0.830568291241,4000.0,0.45
