,name,auc,mass,nu
0,Zprime_1500GeV_075,0.786913755842,1500.0,0.75
1,Zprime_1500GeV_015,0.860713421441,1500.0,0.15
2,Zprime_3000GeV_060,0.799575836866,3000.0,0.6
3,Zprime_1500GeV_030,0.850026054174,1500.0,0.3
4,Zprime_3000GeV_045,0.830294108116,3000.0,0.45
5,Zprime_2000GeV_045,0.83460266957,2000.0,0.45
6,Zprime_2500GeV_015,0.870559213225,2500.0,0.15
7,Zprime_3500GeV_060,0.799389984845,3500.0,0.6
8,Zprime_2500GeV_045,0.831096157716,2500.0,0.45
9,Zprime_2000GeV_075,0.783992410202,2000.0,0.75
10,Zprime_2500GeV_060,0.802187468101,2500.0,0.6
11,Zprime_4000GeV_075,0.757375187537,4000.0,0.75
12,Zprime_4000GeV_030,0.85997541727,4000.0,0.3
13,Zprime_4000GeV_015,0.873466481546,4000.0,0.15
14,Zprime_3000GeV_030,0.85308504379,3000.0,0.3
15,Zprime_1500GeV_045,0.830157251231,1500.0,0.45
16,Zprime_3000GeV_075,0.766257865788,3000.0,0.75
17,Zprime_1500GeV_060,0.815064807674,1500.0,0.6
18,Zprime_3000GeV_015,0.87334680278,3000.0,0.15
19,Zprime_3500GeV_015,0.872315106186,3500.0,0.15
20,Zprime_3500GeV_030,0.856784177273,3500.0,0.3
21,Zprime_2000GeV_030,0.855584080807,2000.0,0.3
22,Zprime_2000GeV_015,0.869566204897,2000.0,0.15
23,Zprime_3500GeV_075,0.76075148917,3500.0,0.75
24,Zprime_3500GeV_045,0.829335543109,3500.0,0.45
25,Zprime_2500GeV_030,0.85362328879,2500.0,0.3
26,Zprime_2000GeV_060,0.809007648973,2000.0,0.6
27,Zprime_4000GeV_060,0.802476093062,4000.0,0.6
28,Zprime_2500GeV_075,0.771235858602,2500.0,0.75
29,Zprime_4000GeV_045,0.831395034644,4000.0,0.45
