,name,auc,mass,nu
0,Zprime_1500GeV_075,0.802179109488,1500.0,0.75
1,Zprime_1500GeV_015,0.869387807284,1500.0,0.15
2,Zprime_3000GeV_060,0.810383756765,3000.0,0.6
3,Zprime_1500GeV_030,0.860232961405,1500.0,0.3
4,Zprime_3000GeV_045,0.839993885701,3000.0,0.45
5,Zprime_2000GeV_045,0.845170685113,2000.0,0.45
6,Zprime_2500GeV_015,0.876617408263,2500.0,0.15
7,Zprime_3500GeV_060,0.809424254587,3500.0,0.6
8,Zprime_2500GeV_045,0.840232419242,2500.0,0.45
9,Zprime_2000GeV_075,0.798498613506,2000.0,0.75
10,Zprime_2500GeV_060,0.816113268222,2500.0,0.6
11,Zprime_4000GeV_075,0.77077327416,4000.0,0.75
12,Zprime_4000GeV_030,0.867504984863,4000.0,0.3
13,Zprime_4000GeV_015,0.882755589251,4000.0,0.15
14,Zprime_3000GeV_030,0.859932035302,3000.0,0.3
15,Zprime_1500GeV_045,0.846209065512,1500.0,0.45
16,Zprime_3000GeV_075,0.780484533442,3000.0,0.75
17,Zprime_1500GeV_060,0.830136510338,1500.0,0.6
18,Zprime_3000GeV_015,0.877826519331,3000.0,0.15
19,Zprime_3500GeV_015,0.878992448563,3500.0,0.15
20,Zprime_3500GeV_030,0.863928779206,3500.0,0.3
21,Zprime_2000GeV_030,0.86344232948,2000.0,0.3
22,Zprime_2000GeV_015,0.876648207555,2000.0,0.15
23,Zprime_3500GeV_075,0.776005599051,3500.0,0.75
24,Zprime_3500GeV_045,0.839734608438,3500.0,0.45
25,Zprime_2500GeV_030,0.860818236713,2500.0,0.3
26,Zprime_2000GeV_060,0.823003223196,2000.0,0.6
27,Zprime_4000GeV_060,0.811062368272,4000.0,0.6
28,Zprime_2500GeV_075,0.785677684341,2500.0,0.75
29,Zprime_4000GeV_045,0.84226594949,4000.0,0.45
