,name,auc,mass,nu
0,Zprime_1500GeV_075,0.807941780129,1500.0,0.75
1,Zprime_1500GeV_015,0.879267355758,1500.0,0.15
2,Zprime_3000GeV_060,0.814720544726,3000.0,0.6
3,Zprime_1500GeV_030,0.868251009832,1500.0,0.3
4,Zprime_3000GeV_045,0.843892741391,3000.0,0.45
5,Zprime_2000GeV_045,0.851970722951,2000.0,0.45
6,Zprime_2500GeV_015,0.88281257374,2500.0,0.15
7,Zprime_3500GeV_060,0.81194421728,3500.0,0.6
8,Zprime_2500GeV_045,0.846550106729,2500.0,0.45
9,Zprime_2000GeV_075,0.805484313525,2000.0,0.75
10,Zprime_2500GeV_060,0.82005335435,2500.0,0.6
11,Zprime_4000GeV_075,0.770014636412,4000.0,0.75
12,Zprime_4000GeV_030,0.865680314432,4000.0,0.3
13,Zprime_4000GeV_015,0.877951459443,4000.0,0.15
14,Zprime_3000GeV_030,0.863860330893,3000.0,0.3
15,Zprime_1500GeV_045,0.849198481107,1500.0,0.45
16,Zprime_3000GeV_075,0.784421277776,3000.0,0.75
17,Zprime_1500GeV_060,0.835192531151,1500.0,0.6
18,Zprime_3000GeV_015,0.881352585782,3000.0,0.15
19,Zprime_3500GeV_015,0.879638265553,3500.0,0.15
20,Zprime_3500GeV_030,0.865420709845,3500.0,0.3
21,Zprime_2000GeV_030,0.872496132045,2000.0,0.3
22,Zprime_2000GeV_015,0.884355955387,2000.0,0.15
23,Zprime_3500GeV_075,0.776711896888,3500.0,0.75
24,Zprime_3500GeV_045,0.839817958562,3500.0,0.45
25,Zprime_2500GeV_030,0.866526255986,2500.0,0.3
26,Zprime_2000GeV_060,0.828748785325,2000.0,0.6
27,Zprime_4000GeV_060,0.811236113143,4000.0,0.6
28,Zprime_2500GeV_075,0.790590915748,2500.0,0.75
29,Zprime_4000GeV_045,0.839185555789,4000.0,0.45
