,name,auc,mass,nu
0,Zprime_1500GeV_075,0.795115730103,1500.0,0.75
1,Zprime_1500GeV_015,0.863193374286,1500.0,0.15
2,Zprime_3000GeV_060,0.805940083584,3000.0,0.6
3,Zprime_1500GeV_030,0.85096060086,1500.0,0.3
4,Zprime_3000GeV_045,0.82871671942,3000.0,0.45
5,Zprime_2000GeV_045,0.841605716695,2000.0,0.45
6,Zprime_2500GeV_015,0.862283163657,2500.0,0.15
7,Zprime_3500GeV_060,0.802332289408,3500.0,0.6
8,Zprime_2500GeV_045,0.831843753885,2500.0,0.45
9,Zprime_2000GeV_075,0.796455985367,2000.0,0.75
10,Zprime_2500GeV_060,0.81069723012,2500.0,0.6
11,Zprime_4000GeV_075,0.772819773391,4000.0,0.75
12,Zprime_4000GeV_030,0.856471439988,4000.0,0.3
13,Zprime_4000GeV_015,0.868232823331,4000.0,0.15
14,Zprime_3000GeV_030,0.84638856928,3000.0,0.3
15,Zprime_1500GeV_045,0.830779970881,1500.0,0.45
16,Zprime_3000GeV_075,0.77940842605,3000.0,0.75
17,Zprime_1500GeV_060,0.814764629198,1500.0,0.6
18,Zprime_3000GeV_015,0.864057379139,3000.0,0.15
19,Zprime_3500GeV_015,0.866284506931,3500.0,0.15
20,Zprime_3500GeV_030,0.851966753749,3500.0,0.3
21,Zprime_2000GeV_030,0.859103153967,2000.0,0.3
22,Zprime_2000GeV_015,0.871082708666,2000.0,0.15
23,Zprime_3500GeV_075,0.775873629123,3500.0,0.75
24,Zprime_3500GeV_045,0.829836553765,3500.0,0.45
25,Zprime_2500GeV_030,0.848454082965,2500.0,0.3
26,Zprime_2000GeV_060,0.81712684265,2000.0,0.6
27,Zprime_4000GeV_060,0.804667855708,4000.0,0.6
28,Zprime_2500GeV_075,0.785409845174,2500.0,0.75
29,Zprime_4000GeV_045,0.831089010094,4000.0,0.45
