,name,auc,mass,nu
0,Zprime_1500GeV_075,0.772496406933,1500.0,0.75
1,Zprime_1500GeV_015,0.847227676557,1500.0,0.15
2,Zprime_3000GeV_060,0.79136740986,3000.0,0.6
3,Zprime_1500GeV_030,0.832763280374,1500.0,0.3
4,Zprime_3000GeV_045,0.815184715621,3000.0,0.45
5,Zprime_2000GeV_045,0.831411189592,2000.0,0.45
6,Zprime_2500GeV_015,0.852619648828,2500.0,0.15
7,Zprime_3500GeV_060,0.787389611019,3500.0,0.6
8,Zprime_2500GeV_045,0.818940700269,2500.0,0.45
9,Zprime_2000GeV_075,0.777904347162,2000.0,0.75
10,Zprime_2500GeV_060,0.795674150551,2500.0,0.6
11,Zprime_4000GeV_075,0.75457083193,4000.0,0.75
12,Zprime_4000GeV_030,0.846178442809,4000.0,0.3
13,Zprime_4000GeV_015,0.861273006684,4000.0,0.15
14,Zprime_3000GeV_030,0.835416957493,3000.0,0.3
15,Zprime_1500GeV_045,0.810185762409,1500.0,0.45
16,Zprime_3000GeV_075,0.762169942796,3000.0,0.75
17,Zprime_1500GeV_060,0.790854663491,1500.0,0.6
18,Zprime_3000GeV_015,0.854408116793,3000.0,0.15
19,Zprime_3500GeV_015,0.857553901674,3500.0,0.15
20,Zprime_3500GeV_030,0.84006259257,3500.0,0.3
21,Zprime_2000GeV_030,0.847592676578,2000.0,0.3
22,Zprime_2000GeV_015,0.860865803458,2000.0,0.15
23,Zprime_3500GeV_075,0.759440668621,3500.0,0.75
24,Zprime_3500GeV_045,0.816113767946,3500.0,0.45
25,Zprime_2500GeV_030,0.837131813889,2500.0,0.3
26,Zprime_2000GeV_060,0.80412492679,2000.0,0.6
27,Zprime_4000GeV_060,0.788924868857,4000.0,0.6
28,Zprime_2500GeV_075,0.76870616264,2500.0,0.75
29,Zprime_4000GeV_045,0.818334270664,4000.0,0.45
