,name,auc,mass,nu
0,Zprime_1500GeV_075,0.733312722168,1500.0,0.75
1,Zprime_1500GeV_015,0.825693541951,1500.0,0.15
2,Zprime_3000GeV_060,0.756395631906,3000.0,0.6
3,Zprime_1500GeV_030,0.812501773522,1500.0,0.3
4,Zprime_3000GeV_045,0.787323439068,3000.0,0.45
5,Zprime_2000GeV_045,0.7904537051,2000.0,0.45
6,Zprime_2500GeV_015,0.827722407872,2500.0,0.15
7,Zprime_3500GeV_060,0.761070673659,3500.0,0.6
8,Zprime_2500GeV_045,0.786287231373,2500.0,0.45
9,Zprime_2000GeV_075,0.736893907545,2000.0,0.75
10,Zprime_2500GeV_060,0.756705004861,2500.0,0.6
11,Zprime_4000GeV_075,0.721944863882,4000.0,0.75
12,Zprime_4000GeV_030,0.825955891876,4000.0,0.3
13,Zprime_4000GeV_015,0.845851437821,4000.0,0.15
14,Zprime_3000GeV_030,0.811047548181,3000.0,0.3
15,Zprime_1500GeV_045,0.786084813346,1500.0,0.45
16,Zprime_3000GeV_075,0.722421813149,3000.0,0.75
17,Zprime_1500GeV_060,0.767652766553,1500.0,0.6
18,Zprime_3000GeV_015,0.833764866624,3000.0,0.15
19,Zprime_3500GeV_015,0.837128038459,3500.0,0.15
20,Zprime_3500GeV_030,0.819986907732,3500.0,0.3
21,Zprime_2000GeV_030,0.813870708345,2000.0,0.3
22,Zprime_2000GeV_015,0.830081034588,2000.0,0.15
23,Zprime_3500GeV_075,0.721549862143,3500.0,0.75
24,Zprime_3500GeV_045,0.790764595909,3500.0,0.45
25,Zprime_2500GeV_030,0.809670378072,2500.0,0.3
26,Zprime_2000GeV_060,0.763225029683,2000.0,0.6
27,Zprime_4000GeV_060,0.76332641349,4000.0,0.6
28,Zprime_2500GeV_075,0.723522065177,2500.0,0.75
29,Zprime_4000GeV_045,0.794513494364,4000.0,0.45
