,name,auc,mass,nu
0,Zprime_1500GeV_075,0.798560718538,1500.0,0.75
1,Zprime_1500GeV_015,0.871002771317,1500.0,0.15
2,Zprime_3000GeV_060,0.803349652103,3000.0,0.6
3,Zprime_1500GeV_030,0.857056204108,1500.0,0.3
4,Zprime_3000GeV_045,0.832284143776,3000.0,0.45
5,Zprime_2000GeV_045,0.840147159093,2000.0,0.45
6,Zprime_2500GeV_015,0.871533198295,2500.0,0.15
7,Zprime_3500GeV_060,0.800688591886,3500.0,0.6
8,Zprime_2500GeV_045,0.834621417109,2500.0,0.45
9,Zprime_2000GeV_075,0.792683196123,2000.0,0.75
10,Zprime_2500GeV_060,0.808525799927,2500.0,0.6
11,Zprime_4000GeV_075,0.760695613687,4000.0,0.75
12,Zprime_4000GeV_030,0.85327109968,4000.0,0.3
13,Zprime_4000GeV_015,0.866567889184,4000.0,0.15
14,Zprime_3000GeV_030,0.852012888768,3000.0,0.3
15,Zprime_1500GeV_045,0.838481421968,1500.0,0.45
16,Zprime_3000GeV_075,0.773013365994,3000.0,0.75
17,Zprime_1500GeV_060,0.825650067607,1500.0,0.6
18,Zprime_3000GeV_015,0.870544549168,3000.0,0.15
19,Zprime_3500GeV_015,0.867494175887,3500.0,0.15
20,Zprime_3500GeV_030,0.853831127624,3500.0,0.3
21,Zprime_2000GeV_030,0.859686518971,2000.0,0.3
22,Zprime_2000GeV_015,0.872355456554,2000.0,0.15
23,Zprime_3500GeV_075,0.766042833197,3500.0,0.75
24,Zprime_3500GeV_045,0.828881829983,3500.0,0.45
25,Zprime_2500GeV_030,0.855180152561,2500.0,0.3
26,Zprime_2000GeV_060,0.817195392486,2000.0,0.6
27,Zprime_4000GeV_060,0.800807387236,4000.0,0.6
28,Zprime_2500GeV_075,0.779354811458,2500.0,0.75
29,Zprime_4000GeV_045,0.828338213992,4000.0,0.45
