,name,auc,mass,nu
0,Zprime_1500GeV_075,0.800652824254,1500.0,0.75
1,Zprime_1500GeV_015,0.875823747859,1500.0,0.15
2,Zprime_3000GeV_060,0.808908645614,3000.0,0.6
3,Zprime_1500GeV_030,0.864620350356,1500.0,0.3
4,Zprime_3000GeV_045,0.838802504419,3000.0,0.45
5,Zprime_2000GeV_045,0.848343894739,2000.0,0.45
6,Zprime_2500GeV_015,0.878147450907,2500.0,0.15
7,Zprime_3500GeV_060,0.806568259814,3500.0,0.6
8,Zprime_2500GeV_045,0.84187056649,2500.0,0.45
9,Zprime_2000GeV_075,0.799783509087,2000.0,0.75
10,Zprime_2500GeV_060,0.814718084439,2500.0,0.6
11,Zprime_4000GeV_075,0.765809101011,4000.0,0.75
12,Zprime_4000GeV_030,0.862414864836,4000.0,0.3
13,Zprime_4000GeV_015,0.875766360202,4000.0,0.15
14,Zprime_3000GeV_030,0.858916796881,3000.0,0.3
15,Zprime_1500GeV_045,0.845684095972,1500.0,0.45
16,Zprime_3000GeV_075,0.77795176321,3000.0,0.75
17,Zprime_1500GeV_060,0.829032614132,1500.0,0.6
18,Zprime_3000GeV_015,0.87696355926,3000.0,0.15
19,Zprime_3500GeV_015,0.874902516525,3500.0,0.15
20,Zprime_3500GeV_030,0.860353037644,3500.0,0.3
21,Zprime_2000GeV_030,0.867926039538,2000.0,0.3
22,Zprime_2000GeV_015,0.880730651437,2000.0,0.15
23,Zprime_3500GeV_075,0.771119868316,3500.0,0.75
24,Zprime_3500GeV_045,0.835204358529,3500.0,0.45
25,Zprime_2500GeV_030,0.862271529167,2500.0,0.3
26,Zprime_2000GeV_060,0.82364075463,2000.0,0.6
27,Zprime_4000GeV_060,0.807327239277,4000.0,0.6
28,Zprime_2500GeV_075,0.785106805016,2500.0,0.75
29,Zprime_4000GeV_045,0.836195012873,4000.0,0.45
