,name,auc,mass,nu
0,Zprime_1500GeV_075,0.75917979105,1500.0,0.75
1,Zprime_1500GeV_015,0.844161221898,1500.0,0.15
2,Zprime_3000GeV_060,0.787621702834,3000.0,0.6
3,Zprime_1500GeV_030,0.831106196557,1500.0,0.3
4,Zprime_3000GeV_045,0.822940593649,3000.0,0.45
5,Zprime_2000GeV_045,0.8239997634,2000.0,0.45
6,Zprime_2500GeV_015,0.867315246781,2500.0,0.15
7,Zprime_3500GeV_060,0.787060293485,3500.0,0.6
8,Zprime_2500GeV_045,0.822795458272,2500.0,0.45
9,Zprime_2000GeV_075,0.763268868135,2000.0,0.75
10,Zprime_2500GeV_060,0.791656462877,2500.0,0.6
11,Zprime_4000GeV_075,0.738923663856,4000.0,0.75
12,Zprime_4000GeV_030,0.854926090961,4000.0,0.3
13,Zprime_4000GeV_015,0.872778541723,4000.0,0.15
14,Zprime_3000GeV_030,0.846280791423,3000.0,0.3
15,Zprime_1500GeV_045,0.80998689897,1500.0,0.45
16,Zprime_3000GeV_075,0.748554593965,3000.0,0.75
17,Zprime_1500GeV_060,0.787262995072,1500.0,0.6
18,Zprime_3000GeV_015,0.868027172661,3000.0,0.15
19,Zprime_3500GeV_015,0.86930162673,3500.0,0.15
20,Zprime_3500GeV_030,0.851487636203,3500.0,0.3
21,Zprime_2000GeV_030,0.845834008973,2000.0,0.3
22,Zprime_2000GeV_015,0.863584811098,2000.0,0.15
23,Zprime_3500GeV_075,0.745439235869,3500.0,0.75
24,Zprime_3500GeV_045,0.820979210749,3500.0,0.45
25,Zprime_2500GeV_030,0.846288155993,2500.0,0.3
26,Zprime_2000GeV_060,0.793874711811,2000.0,0.6
27,Zprime_4000GeV_060,0.788808872997,4000.0,0.6
28,Zprime_2500GeV_075,0.752016772919,2500.0,0.75
29,Zprime_4000GeV_045,0.823167726075,4000.0,0.45
