,name,auc,mass,nu
0,Zprime_1500GeV_075,0.792686575788,1500.0,0.75
1,Zprime_1500GeV_015,0.868967945976,1500.0,0.15
2,Zprime_3000GeV_060,0.801054879091,3000.0,0.6
3,Zprime_1500GeV_030,0.857788290256,1500.0,0.3
4,Zprime_3000GeV_045,0.831911238703,3000.0,0.45
5,Zprime_2000GeV_045,0.837469440272,2000.0,0.45
6,Zprime_2500GeV_015,0.872248916304,2500.0,0.15
7,Zprime_3500GeV_060,0.799502643063,3500.0,0.6
8,Zprime_2500GeV_045,0.833681885034,2500.0,0.45
9,Zprime_2000GeV_075,0.789643078136,2000.0,0.75
10,Zprime_2500GeV_060,0.805654059219,2500.0,0.6
11,Zprime_4000GeV_075,0.755752007663,4000.0,0.75
12,Zprime_4000GeV_030,0.85753017757,4000.0,0.3
13,Zprime_4000GeV_015,0.871854177793,4000.0,0.15
14,Zprime_3000GeV_030,0.853659131924,3000.0,0.3
15,Zprime_1500GeV_045,0.836597691597,1500.0,0.45
16,Zprime_3000GeV_075,0.768775007746,3000.0,0.75
17,Zprime_1500GeV_060,0.822978149903,1500.0,0.6
18,Zprime_3000GeV_015,0.872509774664,3000.0,0.15
19,Zprime_3500GeV_015,0.871521853019,3500.0,0.15
20,Zprime_3500GeV_030,0.856040869436,3500.0,0.3
21,Zprime_2000GeV_030,0.858471112743,2000.0,0.3
22,Zprime_2000GeV_015,0.87205369358,2000.0,0.15
23,Zprime_3500GeV_075,0.760903189934,3500.0,0.75
24,Zprime_3500GeV_045,0.828386692771,3500.0,0.45
25,Zprime_2500GeV_030,0.855378258908,2500.0,0.3
26,Zprime_2000GeV_060,0.813688913322,2000.0,0.6
27,Zprime_4000GeV_060,0.800125014832,4000.0,0.6
28,Zprime_2500GeV_075,0.776108606519,2500.0,0.75
29,Zprime_4000GeV_045,0.829530325275,4000.0,0.45
