,name,auc,mass,nu
0,Zprime_1500GeV_075,0.769720702126,1500.0,0.75
1,Zprime_1500GeV_015,0.856424176075,1500.0,0.15
2,Zprime_3000GeV_060,0.789585755951,3000.0,0.6
3,Zprime_1500GeV_030,0.842421296255,1500.0,0.3
4,Zprime_3000GeV_045,0.820897382837,3000.0,0.45
5,Zprime_2000GeV_045,0.830235224451,2000.0,0.45
6,Zprime_2500GeV_015,0.865709229155,2500.0,0.15
7,Zprime_3500GeV_060,0.786835834393,3500.0,0.6
8,Zprime_2500GeV_045,0.824173917711,2500.0,0.45
9,Zprime_2000GeV_075,0.774302559124,2000.0,0.75
10,Zprime_2500GeV_060,0.796060573765,2500.0,0.6
11,Zprime_4000GeV_075,0.743238861524,4000.0,0.75
12,Zprime_4000GeV_030,0.849096150166,4000.0,0.3
13,Zprime_4000GeV_015,0.865561980884,4000.0,0.15
14,Zprime_3000GeV_030,0.843725180076,3000.0,0.3
15,Zprime_1500GeV_045,0.82130345782,1500.0,0.45
16,Zprime_3000GeV_075,0.755896913184,3000.0,0.75
17,Zprime_1500GeV_060,0.803104889067,1500.0,0.6
18,Zprime_3000GeV_015,0.86227577041,3000.0,0.15
19,Zprime_3500GeV_015,0.861641151088,3500.0,0.15
20,Zprime_3500GeV_030,0.845795243992,3500.0,0.3
21,Zprime_2000GeV_030,0.851647542507,2000.0,0.3
22,Zprime_2000GeV_015,0.866118903731,2000.0,0.15
23,Zprime_3500GeV_075,0.751516852383,3500.0,0.75
24,Zprime_3500GeV_045,0.818718702358,3500.0,0.45
25,Zprime_2500GeV_030,0.84761780953,2500.0,0.3
26,Zprime_2000GeV_060,0.802345135975,2000.0,0.6
27,Zprime_4000GeV_060,0.78836871432,4000.0,0.6
28,Zprime_2500GeV_075,0.760536094219,2500.0,0.75
29,Zprime_4000GeV_045,0.819849730628,4000.0,0.45
