,name,auc,mass,nu
0,Zprime_1500GeV_075,0.582688012597,1500.0,0.75
1,Zprime_1500GeV_015,0.685843252724,1500.0,0.15
2,Zprime_3000GeV_060,0.678366288934,3000.0,0.6
3,Zprime_1500GeV_030,0.674062123197,1500.0,0.3
4,Zprime_3000GeV_045,0.721364112839,3000.0,0.45
5,Zprime_2000GeV_045,0.685701744819,2000.0,0.45
6,Zprime_2500GeV_015,0.761156042016,2500.0,0.15
7,Zprime_3500GeV_060,0.688414530943,3500.0,0.6
8,Zprime_2500GeV_045,0.706130821284,2500.0,0.45
9,Zprime_2000GeV_075,0.600705751923,2000.0,0.75
10,Zprime_2500GeV_060,0.665127197884,2500.0,0.6
11,Zprime_4000GeV_075,0.640029933215,4000.0,0.75
12,Zprime_4000GeV_030,0.78092854769,4000.0,0.3
13,Zprime_4000GeV_015,0.809543426703,4000.0,0.15
14,Zprime_3000GeV_030,0.753910981784,3000.0,0.3
15,Zprime_1500GeV_045,0.632611166099,1500.0,0.45
16,Zprime_3000GeV_075,0.626003024925,3000.0,0.75
17,Zprime_1500GeV_060,0.616010754952,1500.0,0.6
18,Zprime_3000GeV_015,0.784073551608,3000.0,0.15
19,Zprime_3500GeV_015,0.795290780379,3500.0,0.15
20,Zprime_3500GeV_030,0.770739909985,3500.0,0.3
21,Zprime_2000GeV_030,0.714197099623,2000.0,0.3
22,Zprime_2000GeV_015,0.740863373036,2000.0,0.15
23,Zprime_3500GeV_075,0.635000047939,3500.0,0.75
24,Zprime_3500GeV_045,0.732738908254,3500.0,0.45
25,Zprime_2500GeV_030,0.736549240478,2500.0,0.3
26,Zprime_2000GeV_060,0.645057720108,2000.0,0.6
27,Zprime_4000GeV_060,0.699652184911,4000.0,0.6
28,Zprime_2500GeV_075,0.612402156948,2500.0,0.75
29,Zprime_4000GeV_045,0.742571061214,4000.0,0.45
