,name,auc,mass,nu
0,Zprime_1500GeV_075,0.719780712675,1500.0,0.75
1,Zprime_1500GeV_015,0.806512074494,1500.0,0.15
2,Zprime_3000GeV_060,0.744082224042,3000.0,0.6
3,Zprime_1500GeV_030,0.794806363765,1500.0,0.3
4,Zprime_3000GeV_045,0.776647128453,3000.0,0.45
5,Zprime_2000GeV_045,0.774000912426,2000.0,0.45
6,Zprime_2500GeV_015,0.816284402946,2500.0,0.15
7,Zprime_3500GeV_060,0.747807131876,3500.0,0.6
8,Zprime_2500GeV_045,0.77268707213,2500.0,0.45
9,Zprime_2000GeV_075,0.719117906303,2000.0,0.75
10,Zprime_2500GeV_060,0.743908436816,2500.0,0.6
11,Zprime_4000GeV_075,0.710253381689,4000.0,0.75
12,Zprime_4000GeV_030,0.819286123891,4000.0,0.3
13,Zprime_4000GeV_015,0.840566325824,4000.0,0.15
14,Zprime_3000GeV_030,0.800925903927,3000.0,0.3
15,Zprime_1500GeV_045,0.765441350551,1500.0,0.45
16,Zprime_3000GeV_075,0.710936736764,3000.0,0.75
17,Zprime_1500GeV_060,0.74850762278,1500.0,0.6
18,Zprime_3000GeV_015,0.82461728524,3000.0,0.15
19,Zprime_3500GeV_015,0.832052178712,3500.0,0.15
20,Zprime_3500GeV_030,0.812793740394,3500.0,0.3
21,Zprime_2000GeV_030,0.795414646942,2000.0,0.3
22,Zprime_2000GeV_015,0.812961481783,2000.0,0.15
23,Zprime_3500GeV_075,0.710063767507,3500.0,0.75
24,Zprime_3500GeV_045,0.780788048653,3500.0,0.45
25,Zprime_2500GeV_030,0.796818035131,2500.0,0.3
26,Zprime_2000GeV_060,0.746435504966,2000.0,0.6
27,Zprime_4000GeV_060,0.754629025622,4000.0,0.6
28,Zprime_2500GeV_075,0.708833473177,2500.0,0.75
29,Zprime_4000GeV_045,0.787664898262,4000.0,0.45
