,name,auc,mass,nu
0,Zprime_1500GeV_075,0.724675663569,1500.0,0.75
1,Zprime_1500GeV_015,0.818884336989,1500.0,0.15
2,Zprime_3000GeV_060,0.74678259391,3000.0,0.6
3,Zprime_1500GeV_030,0.80482793458,1500.0,0.3
4,Zprime_3000GeV_045,0.777595514195,3000.0,0.45
5,Zprime_2000GeV_045,0.781346926164,2000.0,0.45
6,Zprime_2500GeV_015,0.819421762011,2500.0,0.15
7,Zprime_3500GeV_060,0.75034575607,3500.0,0.6
8,Zprime_2500GeV_045,0.777829944658,2500.0,0.45
9,Zprime_2000GeV_075,0.727475755449,2000.0,0.75
10,Zprime_2500GeV_060,0.74808336354,2500.0,0.6
11,Zprime_4000GeV_075,0.713063182275,4000.0,0.75
12,Zprime_4000GeV_030,0.810695355636,4000.0,0.3
13,Zprime_4000GeV_015,0.829775362482,4000.0,0.15
14,Zprime_3000GeV_030,0.799696620082,3000.0,0.3
15,Zprime_1500GeV_045,0.776552931422,1500.0,0.45
16,Zprime_3000GeV_075,0.713498903762,3000.0,0.75
17,Zprime_1500GeV_060,0.759718643408,1500.0,0.6
18,Zprime_3000GeV_015,0.821010219556,3000.0,0.15
19,Zprime_3500GeV_015,0.821226136143,3500.0,0.15
20,Zprime_3500GeV_030,0.805125583397,3500.0,0.3
21,Zprime_2000GeV_030,0.804644027664,2000.0,0.3
22,Zprime_2000GeV_015,0.821729196503,2000.0,0.15
23,Zprime_3500GeV_075,0.713082902594,3500.0,0.75
24,Zprime_3500GeV_045,0.778114239317,3500.0,0.45
25,Zprime_2500GeV_030,0.801572914209,2500.0,0.3
26,Zprime_2000GeV_060,0.753423458857,2000.0,0.6
27,Zprime_4000GeV_060,0.752905847364,4000.0,0.6
28,Zprime_2500GeV_075,0.714960373061,2500.0,0.75
29,Zprime_4000GeV_045,0.782805484426,4000.0,0.45
