,name,auc,mass,nu
0,Zprime_1500GeV_075,0.802047705453,1500.0,0.75
1,Zprime_1500GeV_015,0.872125498617,1500.0,0.15
2,Zprime_3000GeV_060,0.808361700796,3000.0,0.6
3,Zprime_1500GeV_030,0.861747111164,1500.0,0.3
4,Zprime_3000GeV_045,0.838492837524,3000.0,0.45
5,Zprime_2000GeV_045,0.844461480556,2000.0,0.45
6,Zprime_2500GeV_015,0.87700396419,2500.0,0.15
7,Zprime_3500GeV_060,0.807196078291,3500.0,0.6
8,Zprime_2500GeV_045,0.83954575457,2500.0,0.45
9,Zprime_2000GeV_075,0.796740884506,2000.0,0.75
10,Zprime_2500GeV_060,0.813638212813,2500.0,0.6
11,Zprime_4000GeV_075,0.768528850107,4000.0,0.75
12,Zprime_4000GeV_030,0.867338676545,4000.0,0.3
13,Zprime_4000GeV_015,0.882654018593,4000.0,0.15
14,Zprime_3000GeV_030,0.859744864909,3000.0,0.3
15,Zprime_1500GeV_045,0.845640056975,1500.0,0.45
16,Zprime_3000GeV_075,0.779184079212,3000.0,0.75
17,Zprime_1500GeV_060,0.830833554153,1500.0,0.6
18,Zprime_3000GeV_015,0.878169744544,3000.0,0.15
19,Zprime_3500GeV_015,0.879922475919,3500.0,0.15
20,Zprime_3500GeV_030,0.863500984505,3500.0,0.3
21,Zprime_2000GeV_030,0.864093998322,2000.0,0.3
22,Zprime_2000GeV_015,0.876201657562,2000.0,0.15
23,Zprime_3500GeV_075,0.773734379315,3500.0,0.75
24,Zprime_3500GeV_045,0.838012847138,3500.0,0.45
25,Zprime_2500GeV_030,0.860495732693,2500.0,0.3
26,Zprime_2000GeV_060,0.821428511709,2000.0,0.6
27,Zprime_4000GeV_060,0.808110665555,4000.0,0.6
28,Zprime_2500GeV_075,0.785313131444,2500.0,0.75
29,Zprime_4000GeV_045,0.839502972794,4000.0,0.45
