,name,auc,mass,nu
0,Zprime_1500GeV_075,0.771380277514,1500.0,0.75
1,Zprime_1500GeV_015,0.84314485527,1500.0,0.15
2,Zprime_3000GeV_060,0.795036498907,3000.0,0.6
3,Zprime_1500GeV_030,0.827886630939,1500.0,0.3
4,Zprime_3000GeV_045,0.823866801638,3000.0,0.45
5,Zprime_2000GeV_045,0.819863598417,2000.0,0.45
6,Zprime_2500GeV_015,0.854911317603,2500.0,0.15
7,Zprime_3500GeV_060,0.79989929371,3500.0,0.6
8,Zprime_2500GeV_045,0.817423040305,2500.0,0.45
9,Zprime_2000GeV_075,0.766904234779,2000.0,0.75
10,Zprime_2500GeV_060,0.789536638266,2500.0,0.6
11,Zprime_4000GeV_075,0.763801836137,4000.0,0.75
12,Zprime_4000GeV_030,0.865588394555,4000.0,0.3
13,Zprime_4000GeV_015,0.879750615278,4000.0,0.15
14,Zprime_3000GeV_030,0.847407150309,3000.0,0.3
15,Zprime_1500GeV_045,0.807971307102,1500.0,0.45
16,Zprime_3000GeV_075,0.760593352955,3000.0,0.75
17,Zprime_1500GeV_060,0.792001955422,1500.0,0.6
18,Zprime_3000GeV_015,0.867215642509,3000.0,0.15
19,Zprime_3500GeV_015,0.875966716972,3500.0,0.15
20,Zprime_3500GeV_030,0.857884766738,3500.0,0.3
21,Zprime_2000GeV_030,0.838154121208,2000.0,0.3
22,Zprime_2000GeV_015,0.852698282479,2000.0,0.15
23,Zprime_3500GeV_075,0.763288512956,3500.0,0.75
24,Zprime_3500GeV_045,0.833158184619,3500.0,0.45
25,Zprime_2500GeV_030,0.83838647924,2500.0,0.3
26,Zprime_2000GeV_060,0.79271271466,2000.0,0.6
27,Zprime_4000GeV_060,0.806114801039,4000.0,0.6
28,Zprime_2500GeV_075,0.759446591705,2500.0,0.75
29,Zprime_4000GeV_045,0.838291766221,4000.0,0.45
