,name,auc,mass,nu
0,Zprime_1500GeV_075,0.797281604897,1500.0,0.75
1,Zprime_1500GeV_015,0.866745964488,1500.0,0.15
2,Zprime_3000GeV_060,0.800604343133,3000.0,0.6
3,Zprime_1500GeV_030,0.855208645416,1500.0,0.3
4,Zprime_3000GeV_045,0.82951491318,3000.0,0.45
5,Zprime_2000GeV_045,0.836217173787,2000.0,0.45
6,Zprime_2500GeV_015,0.867260844055,2500.0,0.15
7,Zprime_3500GeV_060,0.798911138784,3500.0,0.6
8,Zprime_2500GeV_045,0.831250816975,2500.0,0.45
9,Zprime_2000GeV_075,0.790920069376,2000.0,0.75
10,Zprime_2500GeV_060,0.804572380048,2500.0,0.6
11,Zprime_4000GeV_075,0.758174186017,4000.0,0.75
12,Zprime_4000GeV_030,0.853726217107,4000.0,0.3
13,Zprime_4000GeV_015,0.866053262696,4000.0,0.15
14,Zprime_3000GeV_030,0.850014751366,3000.0,0.3
15,Zprime_1500GeV_045,0.837597372258,1500.0,0.45
16,Zprime_3000GeV_075,0.769873314787,3000.0,0.75
17,Zprime_1500GeV_060,0.823983876452,1500.0,0.6
18,Zprime_3000GeV_015,0.866688300137,3000.0,0.15
19,Zprime_3500GeV_015,0.865436554634,3500.0,0.15
20,Zprime_3500GeV_030,0.851223334235,3500.0,0.3
21,Zprime_2000GeV_030,0.856558305081,2000.0,0.3
22,Zprime_2000GeV_015,0.868987445149,2000.0,0.15
23,Zprime_3500GeV_075,0.763593182027,3500.0,0.75
24,Zprime_3500GeV_045,0.826378888501,3500.0,0.45
25,Zprime_2500GeV_030,0.851936766631,2500.0,0.3
26,Zprime_2000GeV_060,0.812988199524,2000.0,0.6
27,Zprime_4000GeV_060,0.800210749261,4000.0,0.6
28,Zprime_2500GeV_075,0.777750174228,2500.0,0.75
29,Zprime_4000GeV_045,0.827019732834,4000.0,0.45
