,name,auc,mass,nu
0,Zprime_1500GeV_075,0.773907964897,1500.0,0.75
1,Zprime_1500GeV_015,0.862294223714,1500.0,0.15
2,Zprime_3000GeV_060,0.798963205069,3000.0,0.6
3,Zprime_1500GeV_030,0.850896793907,1500.0,0.3
4,Zprime_3000GeV_045,0.832515700159,3000.0,0.45
5,Zprime_2000GeV_045,0.838583538644,2000.0,0.45
6,Zprime_2500GeV_015,0.875391871557,2500.0,0.15
7,Zprime_3500GeV_060,0.795371734269,3500.0,0.6
8,Zprime_2500GeV_045,0.834529522278,2500.0,0.45
9,Zprime_2000GeV_075,0.775182493907,2000.0,0.75
10,Zprime_2500GeV_060,0.803770695033,2500.0,0.6
11,Zprime_4000GeV_075,0.744441723288,4000.0,0.75
12,Zprime_4000GeV_030,0.858622800088,4000.0,0.3
13,Zprime_4000GeV_015,0.872041320589,4000.0,0.15
14,Zprime_3000GeV_030,0.856185005786,3000.0,0.3
15,Zprime_1500GeV_045,0.825578052994,1500.0,0.45
16,Zprime_3000GeV_075,0.76032342338,3000.0,0.75
17,Zprime_1500GeV_060,0.801526673363,1500.0,0.6
18,Zprime_3000GeV_015,0.875155316578,3000.0,0.15
19,Zprime_3500GeV_015,0.87409858074,3500.0,0.15
20,Zprime_3500GeV_030,0.858944185903,3500.0,0.3
21,Zprime_2000GeV_030,0.861184407147,2000.0,0.3
22,Zprime_2000GeV_015,0.87724320399,2000.0,0.15
23,Zprime_3500GeV_075,0.753938324565,3500.0,0.75
24,Zprime_3500GeV_045,0.832048702726,3500.0,0.45
25,Zprime_2500GeV_030,0.858185204882,2500.0,0.3
26,Zprime_2000GeV_060,0.809305234208,2000.0,0.6
27,Zprime_4000GeV_060,0.794090517056,4000.0,0.6
28,Zprime_2500GeV_075,0.763219452724,2500.0,0.75
29,Zprime_4000GeV_045,0.828534015668,4000.0,0.45
