,name,auc,mass,nu
0,Zprime_1500GeV_075,0.78287827429,1500.0,0.75
1,Zprime_1500GeV_015,0.860440546521,1500.0,0.15
2,Zprime_3000GeV_060,0.792249902386,3000.0,0.6
3,Zprime_1500GeV_030,0.849943794616,1500.0,0.3
4,Zprime_3000GeV_045,0.820457820715,3000.0,0.45
5,Zprime_2000GeV_045,0.830835225354,2000.0,0.45
6,Zprime_2500GeV_015,0.861074159646,2500.0,0.15
7,Zprime_3500GeV_060,0.79066237313,3500.0,0.6
8,Zprime_2500GeV_045,0.824144024556,2500.0,0.45
9,Zprime_2000GeV_075,0.782697664311,2000.0,0.75
10,Zprime_2500GeV_060,0.798472031931,2500.0,0.6
11,Zprime_4000GeV_075,0.750370706109,4000.0,0.75
12,Zprime_4000GeV_030,0.846689134754,4000.0,0.3
13,Zprime_4000GeV_015,0.861271665872,4000.0,0.15
14,Zprime_3000GeV_030,0.841230292475,3000.0,0.3
15,Zprime_1500GeV_045,0.827323869964,1500.0,0.45
16,Zprime_3000GeV_075,0.763430787773,3000.0,0.75
17,Zprime_1500GeV_060,0.811874686324,1500.0,0.6
18,Zprime_3000GeV_015,0.858279706038,3000.0,0.15
19,Zprime_3500GeV_015,0.857798691298,3500.0,0.15
20,Zprime_3500GeV_030,0.841892981595,3500.0,0.3
21,Zprime_2000GeV_030,0.852070603285,2000.0,0.3
22,Zprime_2000GeV_015,0.865241802865,2000.0,0.15
23,Zprime_3500GeV_075,0.755471889161,3500.0,0.75
24,Zprime_3500GeV_045,0.818209858441,3500.0,0.45
25,Zprime_2500GeV_030,0.845005538298,2500.0,0.3
26,Zprime_2000GeV_060,0.806186172427,2000.0,0.6
27,Zprime_4000GeV_060,0.790173970378,4000.0,0.6
28,Zprime_2500GeV_075,0.767158773283,2500.0,0.75
29,Zprime_4000GeV_045,0.820278983088,4000.0,0.45
