,name,auc,mass,nu
0,Zprime_1500GeV_075,0.744469335924,1500.0,0.75
1,Zprime_1500GeV_015,0.833409186258,1500.0,0.15
2,Zprime_3000GeV_060,0.764061554299,3000.0,0.6
3,Zprime_1500GeV_030,0.819605481462,1500.0,0.3
4,Zprime_3000GeV_045,0.794497419328,3000.0,0.45
5,Zprime_2000GeV_045,0.800543619299,2000.0,0.45
6,Zprime_2500GeV_015,0.833898082455,2500.0,0.15
7,Zprime_3500GeV_060,0.766454034585,3500.0,0.6
8,Zprime_2500GeV_045,0.794546163224,2500.0,0.45
9,Zprime_2000GeV_075,0.746868889425,2000.0,0.75
10,Zprime_2500GeV_060,0.767119674022,2500.0,0.6
11,Zprime_4000GeV_075,0.727469080512,4000.0,0.75
12,Zprime_4000GeV_030,0.828654792875,4000.0,0.3
13,Zprime_4000GeV_015,0.849038424417,4000.0,0.15
14,Zprime_3000GeV_030,0.816171372156,3000.0,0.3
15,Zprime_1500GeV_045,0.793891320078,1500.0,0.45
16,Zprime_3000GeV_075,0.731186165761,3000.0,0.75
17,Zprime_1500GeV_060,0.776301083765,1500.0,0.6
18,Zprime_3000GeV_015,0.836929768998,3000.0,0.15
19,Zprime_3500GeV_015,0.840360465738,3500.0,0.15
20,Zprime_3500GeV_030,0.823680812475,3500.0,0.3
21,Zprime_2000GeV_030,0.823122595128,2000.0,0.3
22,Zprime_2000GeV_015,0.838337732269,2000.0,0.15
23,Zprime_3500GeV_075,0.729464770818,3500.0,0.75
24,Zprime_3500GeV_045,0.795183458344,3500.0,0.45
25,Zprime_2500GeV_030,0.816892098982,2500.0,0.3
26,Zprime_2000GeV_060,0.773375628269,2000.0,0.6
27,Zprime_4000GeV_060,0.769986414793,4000.0,0.6
28,Zprime_2500GeV_075,0.733666330937,2500.0,0.75
29,Zprime_4000GeV_045,0.799377033446,4000.0,0.45
