,name,auc,mass,nu
0,Zprime_1500GeV_075,0.785867578573,1500.0,0.75
1,Zprime_1500GeV_015,0.848477456685,1500.0,0.15
2,Zprime_3000GeV_060,0.797600018571,3000.0,0.6
3,Zprime_1500GeV_030,0.841388561522,1500.0,0.3
4,Zprime_3000GeV_045,0.830725388651,3000.0,0.45
5,Zprime_2000GeV_045,0.82625397789,2000.0,0.45
6,Zprime_2500GeV_015,0.8686428391,2500.0,0.15
7,Zprime_3500GeV_060,0.797299578506,3500.0,0.6
8,Zprime_2500GeV_045,0.828091343063,2500.0,0.45
9,Zprime_2000GeV_075,0.775968327185,2000.0,0.75
10,Zprime_2500GeV_060,0.799119727831,2500.0,0.6
11,Zprime_4000GeV_075,0.751136991835,4000.0,0.75
12,Zprime_4000GeV_030,0.860292981953,4000.0,0.3
13,Zprime_4000GeV_015,0.878816092377,4000.0,0.15
14,Zprime_3000GeV_030,0.853582887681,3000.0,0.3
15,Zprime_1500GeV_045,0.821221759307,1500.0,0.45
16,Zprime_3000GeV_075,0.762888073721,3000.0,0.75
17,Zprime_1500GeV_060,0.807246920281,1500.0,0.6
18,Zprime_3000GeV_015,0.873928306977,3000.0,0.15
19,Zprime_3500GeV_015,0.877928223682,3500.0,0.15
20,Zprime_3500GeV_030,0.859587794374,3500.0,0.3
21,Zprime_2000GeV_030,0.846539160588,2000.0,0.3
22,Zprime_2000GeV_015,0.861405131888,2000.0,0.15
23,Zprime_3500GeV_075,0.757011927938,3500.0,0.75
24,Zprime_3500GeV_045,0.83105814433,3500.0,0.45
25,Zprime_2500GeV_030,0.850355807779,2500.0,0.3
26,Zprime_2000GeV_060,0.801857052349,2000.0,0.6
27,Zprime_4000GeV_060,0.799132528847,4000.0,0.6
28,Zprime_2500GeV_075,0.767172887933,2500.0,0.75
29,Zprime_4000GeV_045,0.832981641643,4000.0,0.45
