,name,auc,mass,nu
0,Zprime_1500GeV_075,0.807638820099,1500.0,0.75
1,Zprime_1500GeV_015,0.87226799065,1500.0,0.15
2,Zprime_3000GeV_060,0.815059013371,3000.0,0.6
3,Zprime_1500GeV_030,0.860068854119,1500.0,0.3
4,Zprime_3000GeV_045,0.84189293548,3000.0,0.45
5,Zprime_2000GeV_045,0.851183289897,2000.0,0.45
6,Zprime_2500GeV_015,0.877429567742,2500.0,0.15
7,Zprime_3500GeV_060,0.810891341774,3500.0,0.6
8,Zprime_2500GeV_045,0.844486313737,2500.0,0.45
9,Zprime_2000GeV_075,0.802703718313,2000.0,0.75
10,Zprime_2500GeV_060,0.819464220284,2500.0,0.6
11,Zprime_4000GeV_075,0.771533962432,4000.0,0.75
12,Zprime_4000GeV_030,0.869147015056,4000.0,0.3
13,Zprime_4000GeV_015,0.882343113201,4000.0,0.15
14,Zprime_3000GeV_030,0.861862405337,3000.0,0.3
15,Zprime_1500GeV_045,0.841591453197,1500.0,0.45
16,Zprime_3000GeV_075,0.78231283655,3000.0,0.75
17,Zprime_1500GeV_060,0.825387558629,1500.0,0.6
18,Zprime_3000GeV_015,0.879445187142,3000.0,0.15
19,Zprime_3500GeV_015,0.880943695239,3500.0,0.15
20,Zprime_3500GeV_030,0.866187931578,3500.0,0.3
21,Zprime_2000GeV_030,0.869377306545,2000.0,0.3
22,Zprime_2000GeV_015,0.881915840457,2000.0,0.15
23,Zprime_3500GeV_075,0.777398202171,3500.0,0.75
24,Zprime_3500GeV_045,0.841865047121,3500.0,0.45
25,Zprime_2500GeV_030,0.863124099687,2500.0,0.3
26,Zprime_2000GeV_060,0.82596060962,2000.0,0.6
27,Zprime_4000GeV_060,0.81155171254,4000.0,0.6
28,Zprime_2500GeV_075,0.789207384527,2500.0,0.75
29,Zprime_4000GeV_045,0.842413652043,4000.0,0.45
