,name,auc,mass,nu
0,Zprime_1500GeV_075,0.744998055786,1500.0,0.75
1,Zprime_1500GeV_015,0.837232718574,1500.0,0.15
2,Zprime_3000GeV_060,0.76611814129,3000.0,0.6
3,Zprime_1500GeV_030,0.820717978209,1500.0,0.3
4,Zprime_3000GeV_045,0.798237993134,3000.0,0.45
5,Zprime_2000GeV_045,0.805564483647,2000.0,0.45
6,Zprime_2500GeV_015,0.844346175619,2500.0,0.15
7,Zprime_3500GeV_060,0.765531442203,3500.0,0.6
8,Zprime_2500GeV_045,0.800340562021,2500.0,0.45
9,Zprime_2000GeV_075,0.748789894497,2000.0,0.75
10,Zprime_2500GeV_060,0.77076215083,2500.0,0.6
11,Zprime_4000GeV_075,0.723368206236,4000.0,0.75
12,Zprime_4000GeV_030,0.828217788686,4000.0,0.3
13,Zprime_4000GeV_015,0.846771108942,4000.0,0.15
14,Zprime_3000GeV_030,0.821611732389,3000.0,0.3
15,Zprime_1500GeV_045,0.794678076989,1500.0,0.45
16,Zprime_3000GeV_075,0.73217503782,3000.0,0.75
17,Zprime_1500GeV_060,0.778451178062,1500.0,0.6
18,Zprime_3000GeV_015,0.84320799709,3000.0,0.15
19,Zprime_3500GeV_015,0.841127328711,3500.0,0.15
20,Zprime_3500GeV_030,0.824221594644,3500.0,0.3
21,Zprime_2000GeV_030,0.828118222022,2000.0,0.3
22,Zprime_2000GeV_015,0.844769038527,2000.0,0.15
23,Zprime_3500GeV_075,0.728439681135,3500.0,0.75
24,Zprime_3500GeV_045,0.795447671377,3500.0,0.45
25,Zprime_2500GeV_030,0.824099075729,2500.0,0.3
26,Zprime_2000GeV_060,0.776471963371,2000.0,0.6
27,Zprime_4000GeV_060,0.767745901163,4000.0,0.6
28,Zprime_2500GeV_075,0.735480568872,2500.0,0.75
29,Zprime_4000GeV_045,0.797341971248,4000.0,0.45
