,name,auc,mass,nu
0,Zprime_1500GeV_075,0.746773778198,1500.0,0.75
1,Zprime_1500GeV_015,0.819064553664,1500.0,0.15
2,Zprime_3000GeV_060,0.756830761809,3000.0,0.6
3,Zprime_1500GeV_030,0.807970921884,1500.0,0.3
4,Zprime_3000GeV_045,0.780703911265,3000.0,0.45
5,Zprime_2000GeV_045,0.787556205764,2000.0,0.45
6,Zprime_2500GeV_015,0.81241665159,2500.0,0.15
7,Zprime_3500GeV_060,0.762084054314,3500.0,0.6
8,Zprime_2500GeV_045,0.779329440952,2500.0,0.45
9,Zprime_2000GeV_075,0.745087498368,2000.0,0.75
10,Zprime_2500GeV_060,0.756583358677,2500.0,0.6
11,Zprime_4000GeV_075,0.736815300109,4000.0,0.75
12,Zprime_4000GeV_030,0.824019689626,4000.0,0.3
13,Zprime_4000GeV_015,0.841498295105,4000.0,0.15
14,Zprime_3000GeV_030,0.800509727127,3000.0,0.3
15,Zprime_1500GeV_045,0.784267255798,1500.0,0.45
16,Zprime_3000GeV_075,0.73199670151,3000.0,0.75
17,Zprime_1500GeV_060,0.769624805689,1500.0,0.6
18,Zprime_3000GeV_015,0.818995936528,3000.0,0.15
19,Zprime_3500GeV_015,0.829581995206,3500.0,0.15
20,Zprime_3500GeV_030,0.813431337646,3500.0,0.3
21,Zprime_2000GeV_030,0.805813130072,2000.0,0.3
22,Zprime_2000GeV_015,0.819128667772,2000.0,0.15
23,Zprime_3500GeV_075,0.734112203356,3500.0,0.75
24,Zprime_3500GeV_045,0.790378182423,3500.0,0.45
25,Zprime_2500GeV_030,0.795864692601,2500.0,0.3
26,Zprime_2000GeV_060,0.763703318944,2000.0,0.6
27,Zprime_4000GeV_060,0.769403617902,4000.0,0.6
28,Zprime_2500GeV_075,0.730020113527,2500.0,0.75
29,Zprime_4000GeV_045,0.799227278103,4000.0,0.45
