,name,auc,mass,nu
0,Zprime_1500GeV_075,0.76592208571,1500.0,0.75
1,Zprime_1500GeV_015,0.846531470549,1500.0,0.15
2,Zprime_3000GeV_060,0.81019939744,3000.0,0.6
3,Zprime_1500GeV_030,0.829564361249,1500.0,0.3
4,Zprime_3000GeV_045,0.835044540615,3000.0,0.45
5,Zprime_2000GeV_045,0.836035914326,2000.0,0.45
6,Zprime_2500GeV_015,0.865047839057,2500.0,0.15
7,Zprime_3500GeV_060,0.809503604179,3500.0,0.6
8,Zprime_2500GeV_045,0.833528141712,2500.0,0.45
9,Zprime_2000GeV_075,0.774901815667,2000.0,0.75
10,Zprime_2500GeV_060,0.806086167728,2500.0,0.6
11,Zprime_4000GeV_075,0.772886900638,4000.0,0.75
12,Zprime_4000GeV_030,0.863788265336,4000.0,0.3
13,Zprime_4000GeV_015,0.875153999835,4000.0,0.15
14,Zprime_3000GeV_030,0.853559685996,3000.0,0.3
15,Zprime_1500GeV_045,0.806318857521,1500.0,0.45
16,Zprime_3000GeV_075,0.774883576336,3000.0,0.75
17,Zprime_1500GeV_060,0.788778824417,1500.0,0.6
18,Zprime_3000GeV_015,0.869076546192,3000.0,0.15
19,Zprime_3500GeV_015,0.871708661292,3500.0,0.15
20,Zprime_3500GeV_030,0.859508050599,3500.0,0.3
21,Zprime_2000GeV_030,0.85372018609,2000.0,0.3
22,Zprime_2000GeV_015,0.867954585851,2000.0,0.15
23,Zprime_3500GeV_075,0.776432835085,3500.0,0.75
24,Zprime_3500GeV_045,0.83909466691,3500.0,0.45
25,Zprime_2500GeV_030,0.851282138566,2500.0,0.3
26,Zprime_2000GeV_060,0.80710356813,2000.0,0.6
27,Zprime_4000GeV_060,0.81318454151,4000.0,0.6
28,Zprime_2500GeV_075,0.771699996517,2500.0,0.75
29,Zprime_4000GeV_045,0.840467800741,4000.0,0.45
