,name,auc,mass,nu
0,Zprime_1500GeV_075,0.778240041882,1500.0,0.75
1,Zprime_1500GeV_015,0.85719725182,1500.0,0.15
2,Zprime_3000GeV_060,0.810041800876,3000.0,0.6
3,Zprime_1500GeV_030,0.842259726369,1500.0,0.3
4,Zprime_3000GeV_045,0.838571618459,3000.0,0.45
5,Zprime_2000GeV_045,0.841775160413,2000.0,0.45
6,Zprime_2500GeV_015,0.875225803935,2500.0,0.15
7,Zprime_3500GeV_060,0.80898287465,3500.0,0.6
8,Zprime_2500GeV_045,0.837656143934,2500.0,0.45
9,Zprime_2000GeV_075,0.785002859277,2000.0,0.75
10,Zprime_2500GeV_060,0.809514600207,2500.0,0.6
11,Zprime_4000GeV_075,0.770864613909,4000.0,0.75
12,Zprime_4000GeV_030,0.871438795482,4000.0,0.3
13,Zprime_4000GeV_015,0.885851188856,4000.0,0.15
14,Zprime_3000GeV_030,0.860238601626,3000.0,0.3
15,Zprime_1500GeV_045,0.817866872627,1500.0,0.45
16,Zprime_3000GeV_075,0.776890165607,3000.0,0.75
17,Zprime_1500GeV_060,0.800833685424,1500.0,0.6
18,Zprime_3000GeV_015,0.879428513487,3000.0,0.15
19,Zprime_3500GeV_015,0.882944714664,3500.0,0.15
20,Zprime_3500GeV_030,0.86649912105,3500.0,0.3
21,Zprime_2000GeV_030,0.859848780469,2000.0,0.3
22,Zprime_2000GeV_015,0.875644865767,2000.0,0.15
23,Zprime_3500GeV_075,0.77424157891,3500.0,0.75
24,Zprime_3500GeV_045,0.840915160881,3500.0,0.45
25,Zprime_2500GeV_030,0.857732913991,2500.0,0.3
26,Zprime_2000GeV_060,0.813527162934,2000.0,0.6
27,Zprime_4000GeV_060,0.811737078336,4000.0,0.6
28,Zprime_2500GeV_075,0.776580679937,2500.0,0.75
29,Zprime_4000GeV_045,0.844064719976,4000.0,0.45
