,name,auc,mass,nu
0,Zprime_1500GeV_075,0.805499660895,1500.0,0.75
1,Zprime_1500GeV_015,0.87707755665,1500.0,0.15
2,Zprime_3000GeV_060,0.817084271264,3000.0,0.6
3,Zprime_1500GeV_030,0.868422941872,1500.0,0.3
4,Zprime_3000GeV_045,0.845530266007,3000.0,0.45
5,Zprime_2000GeV_045,0.854766335342,2000.0,0.45
6,Zprime_2500GeV_015,0.882991367452,2500.0,0.15
7,Zprime_3500GeV_060,0.815595494923,3500.0,0.6
8,Zprime_2500GeV_045,0.847784776667,2500.0,0.45
9,Zprime_2000GeV_075,0.806536105177,2000.0,0.75
10,Zprime_2500GeV_060,0.823433726877,2500.0,0.6
11,Zprime_4000GeV_075,0.774492880298,4000.0,0.75
12,Zprime_4000GeV_030,0.87340099397,4000.0,0.3
13,Zprime_4000GeV_015,0.887777944891,4000.0,0.15
14,Zprime_3000GeV_030,0.865871012815,3000.0,0.3
15,Zprime_1500GeV_045,0.85137331245,1500.0,0.45
16,Zprime_3000GeV_075,0.785941256057,3000.0,0.75
17,Zprime_1500GeV_060,0.833554752938,1500.0,0.6
18,Zprime_3000GeV_015,0.882927542539,3000.0,0.15
19,Zprime_3500GeV_015,0.884572990951,3500.0,0.15
20,Zprime_3500GeV_030,0.86912816189,3500.0,0.3
21,Zprime_2000GeV_030,0.873076812447,2000.0,0.3
22,Zprime_2000GeV_015,0.886123632106,2000.0,0.15
23,Zprime_3500GeV_075,0.780952879969,3500.0,0.75
24,Zprime_3500GeV_045,0.845368322075,3500.0,0.45
25,Zprime_2500GeV_030,0.868133297863,2500.0,0.3
26,Zprime_2000GeV_060,0.830337835976,2000.0,0.6
27,Zprime_4000GeV_060,0.815809078012,4000.0,0.6
28,Zprime_2500GeV_075,0.793596923129,2500.0,0.75
29,Zprime_4000GeV_045,0.847617630541,4000.0,0.45
