,name,auc,mass,nu
0,Zprime_1500GeV_075,0.739970142447,1500.0,0.75
1,Zprime_1500GeV_015,0.826194255086,1500.0,0.15
2,Zprime_3000GeV_060,0.758440907305,3000.0,0.6
3,Zprime_1500GeV_030,0.814380750796,1500.0,0.3
4,Zprime_3000GeV_045,0.788316952022,3000.0,0.45
5,Zprime_2000GeV_045,0.793399505498,2000.0,0.45
6,Zprime_2500GeV_015,0.827229244567,2500.0,0.15
7,Zprime_3500GeV_060,0.761372306326,3500.0,0.6
8,Zprime_2500GeV_045,0.788893613239,2500.0,0.45
9,Zprime_2000GeV_075,0.743119312813,2000.0,0.75
10,Zprime_2500GeV_060,0.761336528898,2500.0,0.6
11,Zprime_4000GeV_075,0.725336433944,4000.0,0.75
12,Zprime_4000GeV_030,0.82259953046,4000.0,0.3
13,Zprime_4000GeV_015,0.842187316048,4000.0,0.15
14,Zprime_3000GeV_030,0.809488139534,3000.0,0.3
15,Zprime_1500GeV_045,0.787819952117,1500.0,0.45
16,Zprime_3000GeV_075,0.728002988541,3000.0,0.75
17,Zprime_1500GeV_060,0.7690653782,1500.0,0.6
18,Zprime_3000GeV_015,0.830232404732,3000.0,0.15
19,Zprime_3500GeV_015,0.833579556983,3500.0,0.15
20,Zprime_3500GeV_030,0.816854374958,3500.0,0.3
21,Zprime_2000GeV_030,0.816239358098,2000.0,0.3
22,Zprime_2000GeV_015,0.832253913487,2000.0,0.15
23,Zprime_3500GeV_075,0.725522602555,3500.0,0.75
24,Zprime_3500GeV_045,0.789719538662,3500.0,0.45
25,Zprime_2500GeV_030,0.810084704819,2500.0,0.3
26,Zprime_2000GeV_060,0.767672625403,2000.0,0.6
27,Zprime_4000GeV_060,0.763751458681,4000.0,0.6
28,Zprime_2500GeV_075,0.729626451473,2500.0,0.75
29,Zprime_4000GeV_045,0.792600655616,4000.0,0.45
