,name,auc,mass,nu
0,Zprime_1500GeV_075,0.732652506601,1500.0,0.75
1,Zprime_1500GeV_015,0.824137796292,1500.0,0.15
2,Zprime_3000GeV_060,0.756601638963,3000.0,0.6
3,Zprime_1500GeV_030,0.812163117089,1500.0,0.3
4,Zprime_3000GeV_045,0.790022213231,3000.0,0.45
5,Zprime_2000GeV_045,0.789066875893,2000.0,0.45
6,Zprime_2500GeV_015,0.832473412736,2500.0,0.15
7,Zprime_3500GeV_060,0.76029618801,3500.0,0.6
8,Zprime_2500GeV_045,0.787852436406,2500.0,0.45
9,Zprime_2000GeV_075,0.732919316675,2000.0,0.75
10,Zprime_2500GeV_060,0.758590132754,2500.0,0.6
11,Zprime_4000GeV_075,0.720270375894,4000.0,0.75
12,Zprime_4000GeV_030,0.827782970315,4000.0,0.3
13,Zprime_4000GeV_015,0.847637450523,4000.0,0.15
14,Zprime_3000GeV_030,0.815106116823,3000.0,0.3
15,Zprime_1500GeV_045,0.784868699079,1500.0,0.45
16,Zprime_3000GeV_075,0.722143327685,3000.0,0.75
17,Zprime_1500GeV_060,0.764810567451,1500.0,0.6
18,Zprime_3000GeV_015,0.838931759805,3000.0,0.15
19,Zprime_3500GeV_015,0.842065913624,3500.0,0.15
20,Zprime_3500GeV_030,0.823185493593,3500.0,0.3
21,Zprime_2000GeV_030,0.813571094686,2000.0,0.3
22,Zprime_2000GeV_015,0.83034162107,2000.0,0.15
23,Zprime_3500GeV_075,0.71991163939,3500.0,0.75
24,Zprime_3500GeV_045,0.791826307581,3500.0,0.45
25,Zprime_2500GeV_030,0.812468923091,2500.0,0.3
26,Zprime_2000GeV_060,0.760176693669,2000.0,0.6
27,Zprime_4000GeV_060,0.764340551258,4000.0,0.6
28,Zprime_2500GeV_075,0.720837668979,2500.0,0.75
29,Zprime_4000GeV_045,0.795913321675,4000.0,0.45
