,name,auc,mass,nu
0,Zprime_1500GeV_075,0.734301696644,1500.0,0.75
1,Zprime_1500GeV_015,0.830192531676,1500.0,0.15
2,Zprime_3000GeV_060,0.758862208948,3000.0,0.6
3,Zprime_1500GeV_030,0.816242457814,1500.0,0.3
4,Zprime_3000GeV_045,0.790904784005,3000.0,0.45
5,Zprime_2000GeV_045,0.795930949856,2000.0,0.45
6,Zprime_2500GeV_015,0.834700068542,2500.0,0.15
7,Zprime_3500GeV_060,0.759375813332,3500.0,0.6
8,Zprime_2500GeV_045,0.791215915047,2500.0,0.45
9,Zprime_2000GeV_075,0.738689416145,2000.0,0.75
10,Zprime_2500GeV_060,0.760310239224,2500.0,0.6
11,Zprime_4000GeV_075,0.716833773055,4000.0,0.75
12,Zprime_4000GeV_030,0.823113925159,4000.0,0.3
13,Zprime_4000GeV_015,0.842019633402,4000.0,0.15
14,Zprime_3000GeV_030,0.813383585838,3000.0,0.3
15,Zprime_1500GeV_045,0.788105519632,1500.0,0.45
16,Zprime_3000GeV_075,0.72376107425,3000.0,0.75
17,Zprime_1500GeV_060,0.76902834107,1500.0,0.6
18,Zprime_3000GeV_015,0.835572040978,3000.0,0.15
19,Zprime_3500GeV_015,0.836326899411,3500.0,0.15
20,Zprime_3500GeV_030,0.820027130504,3500.0,0.3
21,Zprime_2000GeV_030,0.821586894366,2000.0,0.3
22,Zprime_2000GeV_015,0.838430245747,2000.0,0.15
23,Zprime_3500GeV_075,0.720633068046,3500.0,0.75
24,Zprime_3500GeV_045,0.790123940448,3500.0,0.45
25,Zprime_2500GeV_030,0.815834639842,2500.0,0.3
26,Zprime_2000GeV_060,0.767430558541,2000.0,0.6
27,Zprime_4000GeV_060,0.760761269723,4000.0,0.6
28,Zprime_2500GeV_075,0.725411732366,2500.0,0.75
29,Zprime_4000GeV_045,0.791690523858,4000.0,0.45
