,name,auc,mass,nu
0,Zprime_1500GeV_075,0.733990970759,1500.0,0.75
1,Zprime_1500GeV_015,0.822559019972,1500.0,0.15
2,Zprime_3000GeV_060,0.753633173259,3000.0,0.6
3,Zprime_1500GeV_030,0.81009734207,1500.0,0.3
4,Zprime_3000GeV_045,0.785172876608,3000.0,0.45
5,Zprime_2000GeV_045,0.787268379283,2000.0,0.45
6,Zprime_2500GeV_015,0.82511522027,2500.0,0.15
7,Zprime_3500GeV_060,0.7579213237,3500.0,0.6
8,Zprime_2500GeV_045,0.783522514877,2500.0,0.45
9,Zprime_2000GeV_075,0.732926609426,2000.0,0.75
10,Zprime_2500GeV_060,0.754293162391,2500.0,0.6
11,Zprime_4000GeV_075,0.71880998065,4000.0,0.75
12,Zprime_4000GeV_030,0.823608465182,4000.0,0.3
13,Zprime_4000GeV_015,0.843256314658,4000.0,0.15
14,Zprime_3000GeV_030,0.807823532685,3000.0,0.3
15,Zprime_1500GeV_045,0.78367534744,1500.0,0.45
16,Zprime_3000GeV_075,0.718624925297,3000.0,0.75
17,Zprime_1500GeV_060,0.766219090514,1500.0,0.6
18,Zprime_3000GeV_015,0.830247024035,3000.0,0.15
19,Zprime_3500GeV_015,0.834879814999,3500.0,0.15
20,Zprime_3500GeV_030,0.817624256241,3500.0,0.3
21,Zprime_2000GeV_030,0.811163215426,2000.0,0.3
22,Zprime_2000GeV_015,0.827723128734,2000.0,0.15
23,Zprime_3500GeV_075,0.718139091251,3500.0,0.75
24,Zprime_3500GeV_045,0.788112848488,3500.0,0.45
25,Zprime_2500GeV_030,0.806982080418,2500.0,0.3
26,Zprime_2000GeV_060,0.760095506287,2000.0,0.6
27,Zprime_4000GeV_060,0.761252582811,4000.0,0.6
28,Zprime_2500GeV_075,0.719825850406,2500.0,0.75
29,Zprime_4000GeV_045,0.792997907546,4000.0,0.45
