,name,auc,mass,nu
0,Zprime_1500GeV_075,0.740223953649,1500.0,0.75
1,Zprime_1500GeV_015,0.83441696983,1500.0,0.15
2,Zprime_3000GeV_060,0.763002826072,3000.0,0.6
3,Zprime_1500GeV_030,0.820461355491,1500.0,0.3
4,Zprime_3000GeV_045,0.793596914016,3000.0,0.45
5,Zprime_2000GeV_045,0.800746276136,2000.0,0.45
6,Zprime_2500GeV_015,0.835816491556,2500.0,0.15
7,Zprime_3500GeV_060,0.764475173445,3500.0,0.6
8,Zprime_2500GeV_045,0.795618359382,2500.0,0.45
9,Zprime_2000GeV_075,0.743798113159,2000.0,0.75
10,Zprime_2500GeV_060,0.76557363693,2500.0,0.6
11,Zprime_4000GeV_075,0.722331085344,4000.0,0.75
12,Zprime_4000GeV_030,0.824312788713,4000.0,0.3
13,Zprime_4000GeV_015,0.842996682293,4000.0,0.15
14,Zprime_3000GeV_030,0.815040504405,3000.0,0.3
15,Zprime_1500GeV_045,0.79388462048,1500.0,0.45
16,Zprime_3000GeV_075,0.728635449614,3000.0,0.75
17,Zprime_1500GeV_060,0.774092266481,1500.0,0.6
18,Zprime_3000GeV_015,0.835928086121,3000.0,0.15
19,Zprime_3500GeV_015,0.836474862841,3500.0,0.15
20,Zprime_3500GeV_030,0.821174481835,3500.0,0.3
21,Zprime_2000GeV_030,0.824864065104,2000.0,0.3
22,Zprime_2000GeV_015,0.840999539187,2000.0,0.15
23,Zprime_3500GeV_075,0.725802076896,3500.0,0.75
24,Zprime_3500GeV_045,0.792344808585,3500.0,0.45
25,Zprime_2500GeV_030,0.818605231248,2500.0,0.3
26,Zprime_2000GeV_060,0.772501643979,2000.0,0.6
27,Zprime_4000GeV_060,0.764646598038,4000.0,0.6
28,Zprime_2500GeV_075,0.730922477238,2500.0,0.75
29,Zprime_4000GeV_045,0.794188011422,4000.0,0.45
