,name,auc,mass,nu
0,Zprime_1500GeV_075,0.727022550865,1500.0,0.75
1,Zprime_1500GeV_015,0.822909243228,1500.0,0.15
2,Zprime_3000GeV_060,0.762732434617,3000.0,0.6
3,Zprime_1500GeV_030,0.808869191246,1500.0,0.3
4,Zprime_3000GeV_045,0.801188651187,3000.0,0.45
5,Zprime_2000GeV_045,0.800520822773,2000.0,0.45
6,Zprime_2500GeV_015,0.850562236097,2500.0,0.15
7,Zprime_3500GeV_060,0.759179043887,3500.0,0.6
8,Zprime_2500GeV_045,0.801713307709,2500.0,0.45
9,Zprime_2000GeV_075,0.730044954326,2000.0,0.75
10,Zprime_2500GeV_060,0.766020499091,2500.0,0.6
11,Zprime_4000GeV_075,0.706720269256,4000.0,0.75
12,Zprime_4000GeV_030,0.826740410462,4000.0,0.3
13,Zprime_4000GeV_015,0.843359165714,4000.0,0.15
14,Zprime_3000GeV_030,0.827698266364,3000.0,0.3
15,Zprime_1500GeV_045,0.781489026243,1500.0,0.45
16,Zprime_3000GeV_075,0.721153841675,3000.0,0.75
17,Zprime_1500GeV_060,0.756786972971,1500.0,0.6
18,Zprime_3000GeV_015,0.850227783436,3000.0,0.15
19,Zprime_3500GeV_015,0.847448735312,3500.0,0.15
20,Zprime_3500GeV_030,0.829234677478,3500.0,0.3
21,Zprime_2000GeV_030,0.826206946099,2000.0,0.3
22,Zprime_2000GeV_015,0.851347283617,2000.0,0.15
23,Zprime_3500GeV_075,0.714888549666,3500.0,0.75
24,Zprime_3500GeV_045,0.799179545826,3500.0,0.45
25,Zprime_2500GeV_030,0.82938999784,2500.0,0.3
26,Zprime_2000GeV_060,0.767773841661,2000.0,0.6
27,Zprime_4000GeV_060,0.758121597897,4000.0,0.6
28,Zprime_2500GeV_075,0.721079409602,2500.0,0.75
29,Zprime_4000GeV_045,0.794886163202,4000.0,0.45
