,name,auc,mass,nu
0,Zprime_1500GeV_075,0.796958372449,1500.0,0.75
1,Zprime_1500GeV_015,0.866844141708,1500.0,0.15
2,Zprime_3000GeV_060,0.79899346239,3000.0,0.6
3,Zprime_1500GeV_030,0.855961442586,1500.0,0.3
4,Zprime_3000GeV_045,0.826736018189,3000.0,0.45
5,Zprime_2000GeV_045,0.835858497148,2000.0,0.45
6,Zprime_2500GeV_015,0.863272445473,2500.0,0.15
7,Zprime_3500GeV_060,0.798407832677,3500.0,0.6
8,Zprime_2500GeV_045,0.82959208913,2500.0,0.45
9,Zprime_2000GeV_075,0.792987300124,2000.0,0.75
10,Zprime_2500GeV_060,0.804852951391,2500.0,0.6
11,Zprime_4000GeV_075,0.759534597808,4000.0,0.75
12,Zprime_4000GeV_030,0.85102256276,4000.0,0.3
13,Zprime_4000GeV_015,0.864543757371,4000.0,0.15
14,Zprime_3000GeV_030,0.846442833246,3000.0,0.3
15,Zprime_1500GeV_045,0.836316182713,1500.0,0.45
16,Zprime_3000GeV_075,0.772261802561,3000.0,0.75
17,Zprime_1500GeV_060,0.823322343362,1500.0,0.6
18,Zprime_3000GeV_015,0.863776170174,3000.0,0.15
19,Zprime_3500GeV_015,0.86261724437,3500.0,0.15
20,Zprime_3500GeV_030,0.848197521269,3500.0,0.3
21,Zprime_2000GeV_030,0.855046595918,2000.0,0.3
22,Zprime_2000GeV_015,0.86606702537,2000.0,0.15
23,Zprime_3500GeV_075,0.765136853798,3500.0,0.75
24,Zprime_3500GeV_045,0.823766683343,3500.0,0.45
25,Zprime_2500GeV_030,0.848597030726,2500.0,0.3
26,Zprime_2000GeV_060,0.813704404765,2000.0,0.6
27,Zprime_4000GeV_060,0.798299445718,4000.0,0.6
28,Zprime_2500GeV_075,0.779831438639,2500.0,0.75
29,Zprime_4000GeV_045,0.824931786711,4000.0,0.45
