,name,auc,mass,nu
0,Zprime_1500GeV_075,0.797704745794,1500.0,0.75
1,Zprime_1500GeV_015,0.868476081831,1500.0,0.15
2,Zprime_3000GeV_060,0.805771476599,3000.0,0.6
3,Zprime_1500GeV_030,0.855794864325,1500.0,0.3
4,Zprime_3000GeV_045,0.834928721416,3000.0,0.45
5,Zprime_2000GeV_045,0.839351332721,2000.0,0.45
6,Zprime_2500GeV_015,0.870490402559,2500.0,0.15
7,Zprime_3500GeV_060,0.804324064919,3500.0,0.6
8,Zprime_2500GeV_045,0.835891246579,2500.0,0.45
9,Zprime_2000GeV_075,0.792579008012,2000.0,0.75
10,Zprime_2500GeV_060,0.81085839681,2500.0,0.6
11,Zprime_4000GeV_075,0.765195077265,4000.0,0.75
12,Zprime_4000GeV_030,0.860888652641,4000.0,0.3
13,Zprime_4000GeV_015,0.873582894576,4000.0,0.15
14,Zprime_3000GeV_030,0.855732607397,3000.0,0.3
15,Zprime_1500GeV_045,0.841044224071,1500.0,0.45
16,Zprime_3000GeV_075,0.775982936454,3000.0,0.75
17,Zprime_1500GeV_060,0.82502094882,1500.0,0.6
18,Zprime_3000GeV_015,0.872265590831,3000.0,0.15
19,Zprime_3500GeV_015,0.87329163961,3500.0,0.15
20,Zprime_3500GeV_030,0.859019231002,3500.0,0.3
21,Zprime_2000GeV_030,0.858378572004,2000.0,0.3
22,Zprime_2000GeV_015,0.871581050217,2000.0,0.15
23,Zprime_3500GeV_075,0.770965878633,3500.0,0.75
24,Zprime_3500GeV_045,0.834557381666,3500.0,0.45
25,Zprime_2500GeV_030,0.855381166464,2500.0,0.3
26,Zprime_2000GeV_060,0.817077281287,2000.0,0.6
27,Zprime_4000GeV_060,0.804380125237,4000.0,0.6
28,Zprime_2500GeV_075,0.782064565668,2500.0,0.75
29,Zprime_4000GeV_045,0.835475354917,4000.0,0.45
