,name,auc,mass,nu
0,Zprime_1500GeV_075,0.706056625946,1500.0,0.75
1,Zprime_1500GeV_015,0.798248258519,1500.0,0.15
2,Zprime_3000GeV_060,0.731493698303,3000.0,0.6
3,Zprime_1500GeV_030,0.782172480756,1500.0,0.3
4,Zprime_3000GeV_045,0.762338797293,3000.0,0.45
5,Zprime_2000GeV_045,0.760935488026,2000.0,0.45
6,Zprime_2500GeV_015,0.80117177799,2500.0,0.15
7,Zprime_3500GeV_060,0.736427674986,3500.0,0.6
8,Zprime_2500GeV_045,0.760488204207,2500.0,0.45
9,Zprime_2000GeV_075,0.70487298178,2000.0,0.75
10,Zprime_2500GeV_060,0.731495917327,2500.0,0.6
11,Zprime_4000GeV_075,0.699990113604,4000.0,0.75
12,Zprime_4000GeV_030,0.808038270048,4000.0,0.3
13,Zprime_4000GeV_015,0.833065413523,4000.0,0.15
14,Zprime_3000GeV_030,0.786698481836,3000.0,0.3
15,Zprime_1500GeV_045,0.755672478915,1500.0,0.45
16,Zprime_3000GeV_075,0.698206105695,3000.0,0.75
17,Zprime_1500GeV_060,0.736067442598,1500.0,0.6
18,Zprime_3000GeV_015,0.808562632718,3000.0,0.15
19,Zprime_3500GeV_015,0.817696019142,3500.0,0.15
20,Zprime_3500GeV_030,0.79890932591,3500.0,0.3
21,Zprime_2000GeV_030,0.783740334298,2000.0,0.3
22,Zprime_2000GeV_015,0.802032611106,2000.0,0.15
23,Zprime_3500GeV_075,0.699198471158,3500.0,0.75
24,Zprime_3500GeV_045,0.767831305013,3500.0,0.45
25,Zprime_2500GeV_030,0.783011066855,2500.0,0.3
26,Zprime_2000GeV_060,0.73294192478,2000.0,0.6
27,Zprime_4000GeV_060,0.743107091484,4000.0,0.6
28,Zprime_2500GeV_075,0.697297559348,2500.0,0.75
29,Zprime_4000GeV_045,0.776297335303,4000.0,0.45
