,name,auc,mass,nu
0,Zprime_1500GeV_075,0.749317285715,1500.0,0.75
1,Zprime_1500GeV_015,0.838307684612,1500.0,0.15
2,Zprime_3000GeV_060,0.771589987865,3000.0,0.6
3,Zprime_1500GeV_030,0.824408233353,1500.0,0.3
4,Zprime_3000GeV_045,0.799465908194,3000.0,0.45
5,Zprime_2000GeV_045,0.807840309294,2000.0,0.45
6,Zprime_2500GeV_015,0.83967291138,2500.0,0.15
7,Zprime_3500GeV_060,0.770306556301,3500.0,0.6
8,Zprime_2500GeV_045,0.802159554621,2500.0,0.45
9,Zprime_2000GeV_075,0.754519768006,2000.0,0.75
10,Zprime_2500GeV_060,0.775269578196,2500.0,0.6
11,Zprime_4000GeV_075,0.732821781611,4000.0,0.75
12,Zprime_4000GeV_030,0.822862538934,4000.0,0.3
13,Zprime_4000GeV_015,0.838052020602,4000.0,0.15
14,Zprime_3000GeV_030,0.81881986829,3000.0,0.3
15,Zprime_1500GeV_045,0.800752909078,1500.0,0.45
16,Zprime_3000GeV_075,0.740073080844,3000.0,0.75
17,Zprime_1500GeV_060,0.782449062116,1500.0,0.6
18,Zprime_3000GeV_015,0.837383590311,3000.0,0.15
19,Zprime_3500GeV_015,0.8341044151,3500.0,0.15
20,Zprime_3500GeV_030,0.82089799612,3500.0,0.3
21,Zprime_2000GeV_030,0.830403743441,2000.0,0.3
22,Zprime_2000GeV_015,0.845155936743,2000.0,0.15
23,Zprime_3500GeV_075,0.736389706529,3500.0,0.75
24,Zprime_3500GeV_045,0.795469071355,3500.0,0.45
25,Zprime_2500GeV_030,0.823194279472,2500.0,0.3
26,Zprime_2000GeV_060,0.781507062892,2000.0,0.6
27,Zprime_4000GeV_060,0.770944685549,4000.0,0.6
28,Zprime_2500GeV_075,0.742612701836,2500.0,0.75
29,Zprime_4000GeV_045,0.797301423729,4000.0,0.45
