,name,auc,mass,nu
0,Zprime_1500GeV_075,0.799759331821,1500.0,0.75
1,Zprime_1500GeV_015,0.866874787158,1500.0,0.15
2,Zprime_3000GeV_060,0.812927593313,3000.0,0.6
3,Zprime_1500GeV_030,0.86077317501,1500.0,0.3
4,Zprime_3000GeV_045,0.844096137135,3000.0,0.45
5,Zprime_2000GeV_045,0.848589461885,2000.0,0.45
6,Zprime_2500GeV_015,0.881424666786,2500.0,0.15
7,Zprime_3500GeV_060,0.811274511166,3500.0,0.6
8,Zprime_2500GeV_045,0.843569125465,2500.0,0.45
9,Zprime_2000GeV_075,0.79728936979,2000.0,0.75
10,Zprime_2500GeV_060,0.817460826039,2500.0,0.6
11,Zprime_4000GeV_075,0.767129543048,4000.0,0.75
12,Zprime_4000GeV_030,0.869753677506,4000.0,0.3
13,Zprime_4000GeV_015,0.885490893018,4000.0,0.15
14,Zprime_3000GeV_030,0.865745052703,3000.0,0.3
15,Zprime_1500GeV_045,0.842776630411,1500.0,0.45
16,Zprime_3000GeV_075,0.780040309348,3000.0,0.75
17,Zprime_1500GeV_060,0.822039487055,1500.0,0.6
18,Zprime_3000GeV_015,0.883599281676,3000.0,0.15
19,Zprime_3500GeV_015,0.884562874557,3500.0,0.15
20,Zprime_3500GeV_030,0.868882416112,3500.0,0.3
21,Zprime_2000GeV_030,0.866811649846,2000.0,0.3
22,Zprime_2000GeV_015,0.881315407428,2000.0,0.15
23,Zprime_3500GeV_075,0.775006765397,3500.0,0.75
24,Zprime_3500GeV_045,0.843099588461,3500.0,0.45
25,Zprime_2500GeV_030,0.865046440429,2500.0,0.3
26,Zprime_2000GeV_060,0.822970967444,2000.0,0.6
27,Zprime_4000GeV_060,0.810564616375,4000.0,0.6
28,Zprime_2500GeV_075,0.783708007271,2500.0,0.75
29,Zprime_4000GeV_045,0.842735412128,4000.0,0.45
