,name,auc,mass,nu
0,Zprime_1500GeV_075,0.796259864535,1500.0,0.75
1,Zprime_1500GeV_015,0.866864377951,1500.0,0.15
2,Zprime_3000GeV_060,0.80198433546,3000.0,0.6
3,Zprime_1500GeV_030,0.855561862004,1500.0,0.3
4,Zprime_3000GeV_045,0.830684069406,3000.0,0.45
5,Zprime_2000GeV_045,0.83736835645,2000.0,0.45
6,Zprime_2500GeV_015,0.869460748886,2500.0,0.15
7,Zprime_3500GeV_060,0.799951547351,3500.0,0.6
8,Zprime_2500GeV_045,0.832731595184,2500.0,0.45
9,Zprime_2000GeV_075,0.792170748334,2000.0,0.75
10,Zprime_2500GeV_060,0.806559268206,2500.0,0.6
11,Zprime_4000GeV_075,0.760213867044,4000.0,0.75
12,Zprime_4000GeV_030,0.85256699644,4000.0,0.3
13,Zprime_4000GeV_015,0.865005388545,4000.0,0.15
14,Zprime_3000GeV_030,0.85058393765,3000.0,0.3
15,Zprime_1500GeV_045,0.834815735669,1500.0,0.45
16,Zprime_3000GeV_075,0.773384042576,3000.0,0.75
17,Zprime_1500GeV_060,0.823234618677,1500.0,0.6
18,Zprime_3000GeV_015,0.869540853898,3000.0,0.15
19,Zprime_3500GeV_015,0.86650016515,3500.0,0.15
20,Zprime_3500GeV_030,0.85221544723,3500.0,0.3
21,Zprime_2000GeV_030,0.857179335146,2000.0,0.3
22,Zprime_2000GeV_015,0.869448589429,2000.0,0.15
23,Zprime_3500GeV_075,0.765958810797,3500.0,0.75
24,Zprime_3500GeV_045,0.826518407317,3500.0,0.45
25,Zprime_2500GeV_030,0.852916242769,2500.0,0.3
26,Zprime_2000GeV_060,0.814528171161,2000.0,0.6
27,Zprime_4000GeV_060,0.799864301527,4000.0,0.6
28,Zprime_2500GeV_075,0.778976019656,2500.0,0.75
29,Zprime_4000GeV_045,0.827722000315,4000.0,0.45
