,name,auc,mass,nu
0,Zprime_1500GeV_075,0.785771677462,1500.0,0.75
1,Zprime_1500GeV_015,0.859971247302,1500.0,0.15
2,Zprime_3000GeV_060,0.795994324797,3000.0,0.6
3,Zprime_1500GeV_030,0.848302482634,1500.0,0.3
4,Zprime_3000GeV_045,0.826386676158,3000.0,0.45
5,Zprime_2000GeV_045,0.829961417007,2000.0,0.45
6,Zprime_2500GeV_015,0.866449133469,2500.0,0.15
7,Zprime_3500GeV_060,0.794652727332,3500.0,0.6
8,Zprime_2500GeV_045,0.827172525753,2500.0,0.45
9,Zprime_2000GeV_075,0.782124497653,2000.0,0.75
10,Zprime_2500GeV_060,0.798908532906,2500.0,0.6
11,Zprime_4000GeV_075,0.754458323703,4000.0,0.75
12,Zprime_4000GeV_030,0.853184225262,4000.0,0.3
13,Zprime_4000GeV_015,0.867464614654,4000.0,0.15
14,Zprime_3000GeV_030,0.847936892001,3000.0,0.3
15,Zprime_1500GeV_045,0.829034988503,1500.0,0.45
16,Zprime_3000GeV_075,0.764697999216,3000.0,0.75
17,Zprime_1500GeV_060,0.813171236666,1500.0,0.6
18,Zprime_3000GeV_015,0.866480970373,3000.0,0.15
19,Zprime_3500GeV_015,0.865467059698,3500.0,0.15
20,Zprime_3500GeV_030,0.850340499952,3500.0,0.3
21,Zprime_2000GeV_030,0.851713359013,2000.0,0.3
22,Zprime_2000GeV_015,0.864997076163,2000.0,0.15
23,Zprime_3500GeV_075,0.758819071578,3500.0,0.75
24,Zprime_3500GeV_045,0.823713104406,3500.0,0.45
25,Zprime_2500GeV_030,0.849007433182,2500.0,0.3
26,Zprime_2000GeV_060,0.805042965026,2000.0,0.6
27,Zprime_4000GeV_060,0.795777322762,4000.0,0.6
28,Zprime_2500GeV_075,0.770110333645,2500.0,0.75
29,Zprime_4000GeV_045,0.825425923673,4000.0,0.45
