,name,auc,mass,nu
0,Zprime_1500GeV_075,0.794272355593,1500.0,0.75
1,Zprime_1500GeV_015,0.862928021008,1500.0,0.15
2,Zprime_3000GeV_060,0.801221288869,3000.0,0.6
3,Zprime_1500GeV_030,0.852630329056,1500.0,0.3
4,Zprime_3000GeV_045,0.830857788191,3000.0,0.45
5,Zprime_2000GeV_045,0.836603374269,2000.0,0.45
6,Zprime_2500GeV_015,0.868205766356,2500.0,0.15
7,Zprime_3500GeV_060,0.799318384708,3500.0,0.6
8,Zprime_2500GeV_045,0.832174929185,2500.0,0.45
9,Zprime_2000GeV_075,0.790975107868,2000.0,0.75
10,Zprime_2500GeV_060,0.805549217214,2500.0,0.6
11,Zprime_4000GeV_075,0.758271097904,4000.0,0.75
12,Zprime_4000GeV_030,0.854294858468,4000.0,0.3
13,Zprime_4000GeV_015,0.867163500726,4000.0,0.15
14,Zprime_3000GeV_030,0.851543390666,3000.0,0.3
15,Zprime_1500GeV_045,0.83492872565,1500.0,0.45
16,Zprime_3000GeV_075,0.771086860726,3000.0,0.75
17,Zprime_1500GeV_060,0.819921523586,1500.0,0.6
18,Zprime_3000GeV_015,0.869437321347,3000.0,0.15
19,Zprime_3500GeV_015,0.868309255064,3500.0,0.15
20,Zprime_3500GeV_030,0.853409743971,3500.0,0.3
21,Zprime_2000GeV_030,0.855513408,2000.0,0.3
22,Zprime_2000GeV_015,0.867700171503,2000.0,0.15
23,Zprime_3500GeV_075,0.76354325831,3500.0,0.75
24,Zprime_3500GeV_045,0.826999809826,3500.0,0.45
25,Zprime_2500GeV_030,0.851772226675,2500.0,0.3
26,Zprime_2000GeV_060,0.81326003268,2000.0,0.6
27,Zprime_4000GeV_060,0.799606839918,4000.0,0.6
28,Zprime_2500GeV_075,0.777062680289,2500.0,0.75
29,Zprime_4000GeV_045,0.828207771818,4000.0,0.45
