,name,auc,mass,nu
0,Zprime_1500GeV_075,0.810943551687,1500.0,0.75
1,Zprime_1500GeV_015,0.879436022172,1500.0,0.15
2,Zprime_3000GeV_060,0.815181214417,3000.0,0.6
3,Zprime_1500GeV_030,0.869066152626,1500.0,0.3
4,Zprime_3000GeV_045,0.84382085256,3000.0,0.45
5,Zprime_2000GeV_045,0.850889889698,2000.0,0.45
6,Zprime_2500GeV_015,0.881230396771,2500.0,0.15
7,Zprime_3500GeV_060,0.813482421044,3500.0,0.6
8,Zprime_2500GeV_045,0.845367991738,2500.0,0.45
9,Zprime_2000GeV_075,0.806123341969,2000.0,0.75
10,Zprime_2500GeV_060,0.821138989079,2500.0,0.6
11,Zprime_4000GeV_075,0.773220010989,4000.0,0.75
12,Zprime_4000GeV_030,0.871269572106,4000.0,0.3
13,Zprime_4000GeV_015,0.886189483743,4000.0,0.15
14,Zprime_3000GeV_030,0.864363107043,3000.0,0.3
15,Zprime_1500GeV_045,0.852932661081,1500.0,0.45
16,Zprime_3000GeV_075,0.785231211767,3000.0,0.75
17,Zprime_1500GeV_060,0.835339643899,1500.0,0.6
18,Zprime_3000GeV_015,0.88295367299,3000.0,0.15
19,Zprime_3500GeV_015,0.884316683765,3500.0,0.15
20,Zprime_3500GeV_030,0.868481254142,3500.0,0.3
21,Zprime_2000GeV_030,0.869258103328,2000.0,0.3
22,Zprime_2000GeV_015,0.88286620286,2000.0,0.15
23,Zprime_3500GeV_075,0.779446542862,3500.0,0.75
24,Zprime_3500GeV_045,0.84253766956,3500.0,0.45
25,Zprime_2500GeV_030,0.86564514407,2500.0,0.3
26,Zprime_2000GeV_060,0.829266329758,2000.0,0.6
27,Zprime_4000GeV_060,0.813996564549,4000.0,0.6
28,Zprime_2500GeV_075,0.794166818492,2500.0,0.75
29,Zprime_4000GeV_045,0.845486898041,4000.0,0.45
