,name,auc,mass,nu
0,Zprime_1500GeV_075,0.738537021286,1500.0,0.75
1,Zprime_1500GeV_015,0.820901324629,1500.0,0.15
2,Zprime_3000GeV_060,0.757877502943,3000.0,0.6
3,Zprime_1500GeV_030,0.810314150206,1500.0,0.3
4,Zprime_3000GeV_045,0.782494326722,3000.0,0.45
5,Zprime_2000GeV_045,0.800630680233,2000.0,0.45
6,Zprime_2500GeV_015,0.822411770757,2500.0,0.15
7,Zprime_3500GeV_060,0.753945316482,3500.0,0.6
8,Zprime_2500GeV_045,0.789664890669,2500.0,0.45
9,Zprime_2000GeV_075,0.747763062215,2000.0,0.75
10,Zprime_2500GeV_060,0.765969441106,2500.0,0.6
11,Zprime_4000GeV_075,0.71864254929,4000.0,0.75
12,Zprime_4000GeV_030,0.804781922649,4000.0,0.3
13,Zprime_4000GeV_015,0.823099750149,4000.0,0.15
14,Zprime_3000GeV_030,0.800290889323,3000.0,0.3
15,Zprime_1500GeV_045,0.783432286932,1500.0,0.45
16,Zprime_3000GeV_075,0.732822019582,3000.0,0.75
17,Zprime_1500GeV_060,0.764908628079,1500.0,0.6
18,Zprime_3000GeV_015,0.81629271784,3000.0,0.15
19,Zprime_3500GeV_015,0.817053672857,3500.0,0.15
20,Zprime_3500GeV_030,0.800909288607,3500.0,0.3
21,Zprime_2000GeV_030,0.819554199042,2000.0,0.3
22,Zprime_2000GeV_015,0.832230195772,2000.0,0.15
23,Zprime_3500GeV_075,0.724883847788,3500.0,0.75
24,Zprime_3500GeV_045,0.780894130628,3500.0,0.45
25,Zprime_2500GeV_030,0.806571390646,2500.0,0.3
26,Zprime_2000GeV_060,0.775197634745,2000.0,0.6
27,Zprime_4000GeV_060,0.754256951811,4000.0,0.6
28,Zprime_2500GeV_075,0.732824714289,2500.0,0.75
29,Zprime_4000GeV_045,0.780909816805,4000.0,0.45
