,name,auc,mass,nu
0,Zprime_1500GeV_075,0.72883090692,1500.0,0.75
1,Zprime_1500GeV_015,0.820332241399,1500.0,0.15
2,Zprime_3000GeV_060,0.753525396719,3000.0,0.6
3,Zprime_1500GeV_030,0.806824628575,1500.0,0.3
4,Zprime_3000GeV_045,0.784051588414,3000.0,0.45
5,Zprime_2000GeV_045,0.784209875768,2000.0,0.45
6,Zprime_2500GeV_015,0.822077545172,2500.0,0.15
7,Zprime_3500GeV_060,0.756838801002,3500.0,0.6
8,Zprime_2500GeV_045,0.781614840095,2500.0,0.45
9,Zprime_2000GeV_075,0.732199873375,2000.0,0.75
10,Zprime_2500GeV_060,0.753601139989,2500.0,0.6
11,Zprime_4000GeV_075,0.719934576516,4000.0,0.75
12,Zprime_4000GeV_030,0.818407290001,4000.0,0.3
13,Zprime_4000GeV_015,0.836715545542,4000.0,0.15
14,Zprime_3000GeV_030,0.80640464678,3000.0,0.3
15,Zprime_1500GeV_045,0.781026788195,1500.0,0.45
16,Zprime_3000GeV_075,0.719746500326,3000.0,0.75
17,Zprime_1500GeV_060,0.762224913444,1500.0,0.6
18,Zprime_3000GeV_015,0.828844447241,3000.0,0.15
19,Zprime_3500GeV_015,0.831424611577,3500.0,0.15
20,Zprime_3500GeV_030,0.814557657986,3500.0,0.3
21,Zprime_2000GeV_030,0.807126581761,2000.0,0.3
22,Zprime_2000GeV_015,0.8227608497,2000.0,0.15
23,Zprime_3500GeV_075,0.719165198971,3500.0,0.75
24,Zprime_3500GeV_045,0.786255162032,3500.0,0.45
25,Zprime_2500GeV_030,0.804017096527,2500.0,0.3
26,Zprime_2000GeV_060,0.757708730729,2000.0,0.6
27,Zprime_4000GeV_060,0.759195755894,4000.0,0.6
28,Zprime_2500GeV_075,0.720018596144,2500.0,0.75
29,Zprime_4000GeV_045,0.78890321623,4000.0,0.45
