,name,auc,mass,nu
0,Zprime_1500GeV_075,0.774508469275,1500.0,0.75
1,Zprime_1500GeV_015,0.843736176684,1500.0,0.15
2,Zprime_3000GeV_060,0.793642028244,3000.0,0.6
3,Zprime_1500GeV_030,0.829028046212,1500.0,0.3
4,Zprime_3000GeV_045,0.818076190366,3000.0,0.45
5,Zprime_2000GeV_045,0.828543577137,2000.0,0.45
6,Zprime_2500GeV_015,0.852599919109,2500.0,0.15
7,Zprime_3500GeV_060,0.7919804632,3500.0,0.6
8,Zprime_2500GeV_045,0.819201443999,2500.0,0.45
9,Zprime_2000GeV_075,0.778840192792,2000.0,0.75
10,Zprime_2500GeV_060,0.795959607012,2500.0,0.6
11,Zprime_4000GeV_075,0.760031755366,4000.0,0.75
12,Zprime_4000GeV_030,0.850936340802,4000.0,0.3
13,Zprime_4000GeV_015,0.864339403541,4000.0,0.15
14,Zprime_3000GeV_030,0.838410461748,3000.0,0.3
15,Zprime_1500GeV_045,0.809204265511,1500.0,0.45
16,Zprime_3000GeV_075,0.765432023187,3000.0,0.75
17,Zprime_1500GeV_060,0.795667771405,1500.0,0.6
18,Zprime_3000GeV_015,0.857093251051,3000.0,0.15
19,Zprime_3500GeV_015,0.861888608513,3500.0,0.15
20,Zprime_3500GeV_030,0.844986864883,3500.0,0.3
21,Zprime_2000GeV_030,0.844574320713,2000.0,0.3
22,Zprime_2000GeV_015,0.858049711486,2000.0,0.15
23,Zprime_3500GeV_075,0.764709732189,3500.0,0.75
24,Zprime_3500GeV_045,0.820700199202,3500.0,0.45
25,Zprime_2500GeV_030,0.837442018687,2500.0,0.3
26,Zprime_2000GeV_060,0.802255257245,2000.0,0.6
27,Zprime_4000GeV_060,0.795081905703,4000.0,0.6
28,Zprime_2500GeV_075,0.771554423011,2500.0,0.75
29,Zprime_4000GeV_045,0.824617096641,4000.0,0.45
