,name,auc,mass,nu
0,Zprime_1500GeV_075,0.781215281192,1500.0,0.75
1,Zprime_1500GeV_015,0.843224393257,1500.0,0.15
2,Zprime_3000GeV_060,0.786344691478,3000.0,0.6
3,Zprime_1500GeV_030,0.829280624229,1500.0,0.3
4,Zprime_3000GeV_045,0.804344400124,3000.0,0.45
5,Zprime_2000GeV_045,0.816530014667,2000.0,0.45
6,Zprime_2500GeV_015,0.834478308377,2500.0,0.15
7,Zprime_3500GeV_060,0.781486021093,3500.0,0.6
8,Zprime_2500GeV_045,0.807822982816,2500.0,0.45
9,Zprime_2000GeV_075,0.781960989918,2000.0,0.75
10,Zprime_2500GeV_060,0.789699475929,2500.0,0.6
11,Zprime_4000GeV_075,0.758797266949,4000.0,0.75
12,Zprime_4000GeV_030,0.829902380622,4000.0,0.3
13,Zprime_4000GeV_015,0.840439418774,4000.0,0.15
14,Zprime_3000GeV_030,0.820608120151,3000.0,0.3
15,Zprime_1500GeV_045,0.810192711541,1500.0,0.45
16,Zprime_3000GeV_075,0.764017890222,3000.0,0.75
17,Zprime_1500GeV_060,0.798252479798,1500.0,0.6
18,Zprime_3000GeV_015,0.835375023318,3000.0,0.15
19,Zprime_3500GeV_015,0.836783388773,3500.0,0.15
20,Zprime_3500GeV_030,0.824894376826,3500.0,0.3
21,Zprime_2000GeV_030,0.832826220764,2000.0,0.3
22,Zprime_2000GeV_015,0.843417233875,2000.0,0.15
23,Zprime_3500GeV_075,0.761409586633,3500.0,0.75
24,Zprime_3500GeV_045,0.805744230393,3500.0,0.45
25,Zprime_2500GeV_030,0.822291064464,2500.0,0.3
26,Zprime_2000GeV_060,0.79627530667,2000.0,0.6
27,Zprime_4000GeV_060,0.784867702105,4000.0,0.6
28,Zprime_2500GeV_075,0.770400558788,2500.0,0.75
29,Zprime_4000GeV_045,0.807534427648,4000.0,0.45
