,name,auc,mass,nu
0,Zprime_1500GeV_075,0.792750771779,1500.0,0.75
1,Zprime_1500GeV_015,0.865285042747,1500.0,0.15
2,Zprime_3000GeV_060,0.798508933127,3000.0,0.6
3,Zprime_1500GeV_030,0.854267655595,1500.0,0.3
4,Zprime_3000GeV_045,0.827814717815,3000.0,0.45
5,Zprime_2000GeV_045,0.836033662883,2000.0,0.45
6,Zprime_2500GeV_015,0.867664836446,2500.0,0.15
7,Zprime_3500GeV_060,0.795974730032,3500.0,0.6
8,Zprime_2500GeV_045,0.83000715775,2500.0,0.45
9,Zprime_2000GeV_075,0.790051398047,2000.0,0.75
10,Zprime_2500GeV_060,0.804051709131,2500.0,0.6
11,Zprime_4000GeV_075,0.756608246431,4000.0,0.75
12,Zprime_4000GeV_030,0.850574004687,4000.0,0.3
13,Zprime_4000GeV_015,0.864513032434,4000.0,0.15
14,Zprime_3000GeV_030,0.848837444768,3000.0,0.3
15,Zprime_1500GeV_045,0.834549535251,1500.0,0.45
16,Zprime_3000GeV_075,0.769235394283,3000.0,0.75
17,Zprime_1500GeV_060,0.820588780695,1500.0,0.6
18,Zprime_3000GeV_015,0.867269870499,3000.0,0.15
19,Zprime_3500GeV_015,0.865092205253,3500.0,0.15
20,Zprime_3500GeV_030,0.850006607101,3500.0,0.3
21,Zprime_2000GeV_030,0.85613764758,2000.0,0.3
22,Zprime_2000GeV_015,0.868255921664,2000.0,0.15
23,Zprime_3500GeV_075,0.760744995028,3500.0,0.75
24,Zprime_3500GeV_045,0.823509523644,3500.0,0.45
25,Zprime_2500GeV_030,0.850801762545,2500.0,0.3
26,Zprime_2000GeV_060,0.812863466744,2000.0,0.6
27,Zprime_4000GeV_060,0.795722838113,4000.0,0.6
28,Zprime_2500GeV_075,0.775301143093,2500.0,0.75
29,Zprime_4000GeV_045,0.823242240688,4000.0,0.45
