,name,auc,mass,nu
0,Zprime_1500GeV_075,0.797334053886,1500.0,0.75
1,Zprime_1500GeV_015,0.865744491643,1500.0,0.15
2,Zprime_3000GeV_060,0.806305934404,3000.0,0.6
3,Zprime_1500GeV_030,0.85636163427,1500.0,0.3
4,Zprime_3000GeV_045,0.835964394744,3000.0,0.45
5,Zprime_2000GeV_045,0.841247525396,2000.0,0.45
6,Zprime_2500GeV_015,0.874035644413,2500.0,0.15
7,Zprime_3500GeV_060,0.804816643789,3500.0,0.6
8,Zprime_2500GeV_045,0.836132916726,2500.0,0.45
9,Zprime_2000GeV_075,0.792339727948,2000.0,0.75
10,Zprime_2500GeV_060,0.810886220148,2500.0,0.6
11,Zprime_4000GeV_075,0.766698556024,4000.0,0.75
12,Zprime_4000GeV_030,0.864664197463,4000.0,0.3
13,Zprime_4000GeV_015,0.878931253764,4000.0,0.15
14,Zprime_3000GeV_030,0.857416539861,3000.0,0.3
15,Zprime_1500GeV_045,0.842474565421,1500.0,0.45
16,Zprime_3000GeV_075,0.776305457109,3000.0,0.75
17,Zprime_1500GeV_060,0.826686867403,1500.0,0.6
18,Zprime_3000GeV_015,0.875212278443,3000.0,0.15
19,Zprime_3500GeV_015,0.876743583229,3500.0,0.15
20,Zprime_3500GeV_030,0.861297961195,3500.0,0.3
21,Zprime_2000GeV_030,0.859597493088,2000.0,0.3
22,Zprime_2000GeV_015,0.873470433556,2000.0,0.15
23,Zprime_3500GeV_075,0.771436375679,3500.0,0.75
24,Zprime_3500GeV_045,0.835885412172,3500.0,0.45
25,Zprime_2500GeV_030,0.857393465414,2500.0,0.3
26,Zprime_2000GeV_060,0.817643435783,2000.0,0.6
27,Zprime_4000GeV_060,0.806943678938,4000.0,0.6
28,Zprime_2500GeV_075,0.78098180444,2500.0,0.75
29,Zprime_4000GeV_045,0.838709626181,4000.0,0.45
