,name,auc,mass,nu
0,Zprime_1500GeV_075,0.800039413353,1500.0,0.75
1,Zprime_1500GeV_015,0.865371040962,1500.0,0.15
2,Zprime_3000GeV_060,0.803363441345,3000.0,0.6
3,Zprime_1500GeV_030,0.852615078092,1500.0,0.3
4,Zprime_3000GeV_045,0.828952196302,3000.0,0.45
5,Zprime_2000GeV_045,0.843679715591,2000.0,0.45
6,Zprime_2500GeV_015,0.86606942165,2500.0,0.15
7,Zprime_3500GeV_060,0.797956814902,3500.0,0.6
8,Zprime_2500GeV_045,0.834019739177,2500.0,0.45
9,Zprime_2000GeV_075,0.797038265647,2000.0,0.75
10,Zprime_2500GeV_060,0.81041576304,2500.0,0.6
11,Zprime_4000GeV_075,0.761782383146,4000.0,0.75
12,Zprime_4000GeV_030,0.853201934,4000.0,0.3
13,Zprime_4000GeV_015,0.865894300625,4000.0,0.15
14,Zprime_3000GeV_030,0.848277689172,3000.0,0.3
15,Zprime_1500GeV_045,0.833711948283,1500.0,0.45
16,Zprime_3000GeV_075,0.774081678872,3000.0,0.75
17,Zprime_1500GeV_060,0.818805656003,1500.0,0.6
18,Zprime_3000GeV_015,0.865829989388,3000.0,0.15
19,Zprime_3500GeV_015,0.865186138935,3500.0,0.15
20,Zprime_3500GeV_030,0.851138838012,3500.0,0.3
21,Zprime_2000GeV_030,0.861587528104,2000.0,0.3
22,Zprime_2000GeV_015,0.873976372633,2000.0,0.15
23,Zprime_3500GeV_075,0.768275103605,3500.0,0.75
24,Zprime_3500GeV_045,0.827919978874,3500.0,0.45
25,Zprime_2500GeV_030,0.851753968963,2500.0,0.3
26,Zprime_2000GeV_060,0.818784783462,2000.0,0.6
27,Zprime_4000GeV_060,0.798191963507,4000.0,0.6
28,Zprime_2500GeV_075,0.782599411162,2500.0,0.75
29,Zprime_4000GeV_045,0.826357229271,4000.0,0.45
