,name,auc,mass,nu
0,Zprime_1500GeV_075,0.745816207636,1500.0,0.75
1,Zprime_1500GeV_015,0.813273471621,1500.0,0.15
2,Zprime_3000GeV_060,0.747728437883,3000.0,0.6
3,Zprime_1500GeV_030,0.805241065672,1500.0,0.3
4,Zprime_3000GeV_045,0.771418915889,3000.0,0.45
5,Zprime_2000GeV_045,0.793622381025,2000.0,0.45
6,Zprime_2500GeV_015,0.813946653834,2500.0,0.15
7,Zprime_3500GeV_060,0.74129952875,3500.0,0.6
8,Zprime_2500GeV_045,0.780333224929,2500.0,0.45
9,Zprime_2000GeV_075,0.748026972688,2000.0,0.75
10,Zprime_2500GeV_060,0.75797059043,2500.0,0.6
11,Zprime_4000GeV_075,0.708401052204,4000.0,0.75
12,Zprime_4000GeV_030,0.787168872133,4000.0,0.3
13,Zprime_4000GeV_015,0.803843996854,4000.0,0.15
14,Zprime_3000GeV_030,0.789752939541,3000.0,0.3
15,Zprime_1500GeV_045,0.781114797592,1500.0,0.45
16,Zprime_3000GeV_075,0.722752764962,3000.0,0.75
17,Zprime_1500GeV_060,0.763049324867,1500.0,0.6
18,Zprime_3000GeV_015,0.807399937399,3000.0,0.15
19,Zprime_3500GeV_015,0.802408947346,3500.0,0.15
20,Zprime_3500GeV_030,0.788734279892,3500.0,0.3
21,Zprime_2000GeV_030,0.811331597476,2000.0,0.3
22,Zprime_2000GeV_015,0.825853700895,2000.0,0.15
23,Zprime_3500GeV_075,0.716397694147,3500.0,0.75
24,Zprime_3500GeV_045,0.766958325506,3500.0,0.45
25,Zprime_2500GeV_030,0.798673142937,2500.0,0.3
26,Zprime_2000GeV_060,0.770559666581,2000.0,0.6
27,Zprime_4000GeV_060,0.737479134086,4000.0,0.6
28,Zprime_2500GeV_075,0.73054865562,2500.0,0.75
29,Zprime_4000GeV_045,0.763517315155,4000.0,0.45
