,name,auc,mass,nu
0,Zprime_1500GeV_075,0.733946706693,1500.0,0.75
1,Zprime_1500GeV_015,0.820961474477,1500.0,0.15
2,Zprime_3000GeV_060,0.75490855317,3000.0,0.6
3,Zprime_1500GeV_030,0.807388250019,1500.0,0.3
4,Zprime_3000GeV_045,0.787456703578,3000.0,0.45
5,Zprime_2000GeV_045,0.788451642601,2000.0,0.45
6,Zprime_2500GeV_015,0.829772869051,2500.0,0.15
7,Zprime_3500GeV_060,0.757011366391,3500.0,0.6
8,Zprime_2500GeV_045,0.785410836651,2500.0,0.45
9,Zprime_2000GeV_075,0.733371142895,2000.0,0.75
10,Zprime_2500GeV_060,0.757245246071,2500.0,0.6
11,Zprime_4000GeV_075,0.718076345797,4000.0,0.75
12,Zprime_4000GeV_030,0.82531439686,4000.0,0.3
13,Zprime_4000GeV_015,0.846705164068,4000.0,0.15
14,Zprime_3000GeV_030,0.81080313987,3000.0,0.3
15,Zprime_1500GeV_045,0.782287215845,1500.0,0.45
16,Zprime_3000GeV_075,0.720874709959,3000.0,0.75
17,Zprime_1500GeV_060,0.762150708348,1500.0,0.6
18,Zprime_3000GeV_015,0.835503535689,3000.0,0.15
19,Zprime_3500GeV_015,0.839240264854,3500.0,0.15
20,Zprime_3500GeV_030,0.819940662712,3500.0,0.3
21,Zprime_2000GeV_030,0.810770657909,2000.0,0.3
22,Zprime_2000GeV_015,0.828763729468,2000.0,0.15
23,Zprime_3500GeV_075,0.718539294976,3500.0,0.75
24,Zprime_3500GeV_045,0.788386588621,3500.0,0.45
25,Zprime_2500GeV_030,0.809164912492,2500.0,0.3
26,Zprime_2000GeV_060,0.761215244729,2000.0,0.6
27,Zprime_4000GeV_060,0.761796841098,4000.0,0.6
28,Zprime_2500GeV_075,0.720174109161,2500.0,0.75
29,Zprime_4000GeV_045,0.794259037654,4000.0,0.45
