,name,auc,mass,nu
0,Zprime_1500GeV_075,0.754420539637,1500.0,0.75
1,Zprime_1500GeV_015,0.831614261704,1500.0,0.15
2,Zprime_3000GeV_060,0.763585974814,3000.0,0.6
3,Zprime_1500GeV_030,0.820399408411,1500.0,0.3
4,Zprime_3000GeV_045,0.794515432066,3000.0,0.45
5,Zprime_2000GeV_045,0.795471364657,2000.0,0.45
6,Zprime_2500GeV_015,0.831862153408,2500.0,0.15
7,Zprime_3500GeV_060,0.767867988602,3500.0,0.6
8,Zprime_2500GeV_045,0.791854854835,2500.0,0.45
9,Zprime_2000GeV_075,0.748954704178,2000.0,0.75
10,Zprime_2500GeV_060,0.763558858219,2500.0,0.6
11,Zprime_4000GeV_075,0.73020899169,4000.0,0.75
12,Zprime_4000GeV_030,0.835041065321,4000.0,0.3
13,Zprime_4000GeV_015,0.85507849882,4000.0,0.15
14,Zprime_3000GeV_030,0.817217186323,3000.0,0.3
15,Zprime_1500GeV_045,0.797109550961,1500.0,0.45
16,Zprime_3000GeV_075,0.731218130901,3000.0,0.75
17,Zprime_1500GeV_060,0.78177940637,1500.0,0.6
18,Zprime_3000GeV_015,0.840033642762,3000.0,0.15
19,Zprime_3500GeV_015,0.846767471397,3500.0,0.15
20,Zprime_3500GeV_030,0.828330434768,3500.0,0.3
21,Zprime_2000GeV_030,0.817125204912,2000.0,0.3
22,Zprime_2000GeV_015,0.832714765379,2000.0,0.15
23,Zprime_3500GeV_075,0.730722800144,3500.0,0.75
24,Zprime_3500GeV_045,0.799343223263,3500.0,0.45
25,Zprime_2500GeV_030,0.813281400901,2500.0,0.3
26,Zprime_2000GeV_060,0.769903417324,2000.0,0.6
27,Zprime_4000GeV_060,0.772885245618,4000.0,0.6
28,Zprime_2500GeV_075,0.731795211266,2500.0,0.75
29,Zprime_4000GeV_045,0.804192512735,4000.0,0.45
