,name,auc,mass,nu
0,Zprime_1500GeV_075,0.803271619971,1500.0,0.75
1,Zprime_1500GeV_015,0.872525682565,1500.0,0.15
2,Zprime_3000GeV_060,0.8044171655,3000.0,0.6
3,Zprime_1500GeV_030,0.85900609571,1500.0,0.3
4,Zprime_3000GeV_045,0.833447305292,3000.0,0.45
5,Zprime_2000GeV_045,0.839376709123,2000.0,0.45
6,Zprime_2500GeV_015,0.870326278639,2500.0,0.15
7,Zprime_3500GeV_060,0.802686956588,3500.0,0.6
8,Zprime_2500GeV_045,0.834778532602,2500.0,0.45
9,Zprime_2000GeV_075,0.794880612203,2000.0,0.75
10,Zprime_2500GeV_060,0.809037756051,2500.0,0.6
11,Zprime_4000GeV_075,0.763239940285,4000.0,0.75
12,Zprime_4000GeV_030,0.857275813619,4000.0,0.3
13,Zprime_4000GeV_015,0.870945938572,4000.0,0.15
14,Zprime_3000GeV_030,0.853496698845,3000.0,0.3
15,Zprime_1500GeV_045,0.841096448925,1500.0,0.45
16,Zprime_3000GeV_075,0.774654596395,3000.0,0.75
17,Zprime_1500GeV_060,0.827018424408,1500.0,0.6
18,Zprime_3000GeV_015,0.870440167765,3000.0,0.15
19,Zprime_3500GeV_015,0.869857569891,3500.0,0.15
20,Zprime_3500GeV_030,0.855935714475,3500.0,0.3
21,Zprime_2000GeV_030,0.859108560911,2000.0,0.3
22,Zprime_2000GeV_015,0.870846022642,2000.0,0.15
23,Zprime_3500GeV_075,0.766993903411,3500.0,0.75
24,Zprime_3500GeV_045,0.830202575177,3500.0,0.45
25,Zprime_2500GeV_030,0.854681320539,2500.0,0.3
26,Zprime_2000GeV_060,0.817064603546,2000.0,0.6
27,Zprime_4000GeV_060,0.803616230072,4000.0,0.6
28,Zprime_2500GeV_075,0.780767683554,2500.0,0.75
29,Zprime_4000GeV_045,0.831725813694,4000.0,0.45
