,name,auc,mass,nu
0,Zprime_1500GeV_075,0.732889122915,1500.0,0.75
1,Zprime_1500GeV_015,0.827452977397,1500.0,0.15
2,Zprime_3000GeV_060,0.76080176967,3000.0,0.6
3,Zprime_1500GeV_030,0.814533937966,1500.0,0.3
4,Zprime_3000GeV_045,0.792893147898,3000.0,0.45
5,Zprime_2000GeV_045,0.794861999754,2000.0,0.45
6,Zprime_2500GeV_015,0.836711386332,2500.0,0.15
7,Zprime_3500GeV_060,0.762061842542,3500.0,0.6
8,Zprime_2500GeV_045,0.793235055295,2500.0,0.45
9,Zprime_2000GeV_075,0.735995587988,2000.0,0.75
10,Zprime_2500GeV_060,0.7620212276,2500.0,0.6
11,Zprime_4000GeV_075,0.719691604853,4000.0,0.75
12,Zprime_4000GeV_030,0.823333918016,4000.0,0.3
13,Zprime_4000GeV_015,0.840171099938,4000.0,0.15
14,Zprime_3000GeV_030,0.815583905296,3000.0,0.3
15,Zprime_1500GeV_045,0.787561034369,1500.0,0.45
16,Zprime_3000GeV_075,0.725177816094,3000.0,0.75
17,Zprime_1500GeV_060,0.769292976111,1500.0,0.6
18,Zprime_3000GeV_015,0.8371945141,3000.0,0.15
19,Zprime_3500GeV_015,0.835477722968,3500.0,0.15
20,Zprime_3500GeV_030,0.819346150453,3500.0,0.3
21,Zprime_2000GeV_030,0.820452901071,2000.0,0.3
22,Zprime_2000GeV_015,0.837298143472,2000.0,0.15
23,Zprime_3500GeV_075,0.722380413678,3500.0,0.75
24,Zprime_3500GeV_045,0.790729017271,3500.0,0.45
25,Zprime_2500GeV_030,0.817635692801,2500.0,0.3
26,Zprime_2000GeV_060,0.765893448842,2000.0,0.6
27,Zprime_4000GeV_060,0.763050483721,4000.0,0.6
28,Zprime_2500GeV_075,0.725910026861,2500.0,0.75
29,Zprime_4000GeV_045,0.793212766738,4000.0,0.45
