,name,auc,mass,nu
0,Zprime_1500GeV_075,0.801966262191,1500.0,0.75
1,Zprime_1500GeV_015,0.879018163531,1500.0,0.15
2,Zprime_3000GeV_060,0.811259630302,3000.0,0.6
3,Zprime_1500GeV_030,0.868915170735,1500.0,0.3
4,Zprime_3000GeV_045,0.842886741207,3000.0,0.45
5,Zprime_2000GeV_045,0.851830723254,2000.0,0.45
6,Zprime_2500GeV_015,0.885596201363,2500.0,0.15
7,Zprime_3500GeV_060,0.809428744186,3500.0,0.6
8,Zprime_2500GeV_045,0.84640453078,2500.0,0.45
9,Zprime_2000GeV_075,0.798494526971,2000.0,0.75
10,Zprime_2500GeV_060,0.817828432802,2500.0,0.6
11,Zprime_4000GeV_075,0.763306507787,4000.0,0.75
12,Zprime_4000GeV_030,0.868995426356,4000.0,0.3
13,Zprime_4000GeV_015,0.882370243501,4000.0,0.15
14,Zprime_3000GeV_030,0.864778566202,3000.0,0.3
15,Zprime_1500GeV_045,0.848483933517,1500.0,0.45
16,Zprime_3000GeV_075,0.776790247563,3000.0,0.75
17,Zprime_1500GeV_060,0.82928841783,1500.0,0.6
18,Zprime_3000GeV_015,0.882766604331,3000.0,0.15
19,Zprime_3500GeV_015,0.883331971032,3500.0,0.15
20,Zprime_3500GeV_030,0.867706552855,3500.0,0.3
21,Zprime_2000GeV_030,0.873911010251,2000.0,0.3
22,Zprime_2000GeV_015,0.888134694653,2000.0,0.15
23,Zprime_3500GeV_075,0.769638529663,3500.0,0.75
24,Zprime_3500GeV_045,0.840467297202,3500.0,0.45
25,Zprime_2500GeV_030,0.86810790379,2500.0,0.3
26,Zprime_2000GeV_060,0.825448955205,2000.0,0.6
27,Zprime_4000GeV_060,0.808965037423,4000.0,0.6
28,Zprime_2500GeV_075,0.784855226408,2500.0,0.75
29,Zprime_4000GeV_045,0.840913868834,4000.0,0.45
