,name,auc,mass,nu
0,Zprime_1500GeV_075,0.731182311011,1500.0,0.75
1,Zprime_1500GeV_015,0.825569586225,1500.0,0.15
2,Zprime_3000GeV_060,0.756078387889,3000.0,0.6
3,Zprime_1500GeV_030,0.810929303437,1500.0,0.3
4,Zprime_3000GeV_045,0.788675601778,3000.0,0.45
5,Zprime_2000GeV_045,0.791610501926,2000.0,0.45
6,Zprime_2500GeV_015,0.832416158049,2500.0,0.15
7,Zprime_3500GeV_060,0.757174502372,3500.0,0.6
8,Zprime_2500GeV_045,0.788219946004,2500.0,0.45
9,Zprime_2000GeV_075,0.734676832545,2000.0,0.75
10,Zprime_2500GeV_060,0.757106377796,2500.0,0.6
11,Zprime_4000GeV_075,0.716301708401,4000.0,0.75
12,Zprime_4000GeV_030,0.823205408597,4000.0,0.3
13,Zprime_4000GeV_015,0.841877259864,4000.0,0.15
14,Zprime_3000GeV_030,0.812659554408,3000.0,0.3
15,Zprime_1500GeV_045,0.785835270462,1500.0,0.45
16,Zprime_3000GeV_075,0.721422739543,3000.0,0.75
17,Zprime_1500GeV_060,0.766823503342,1500.0,0.6
18,Zprime_3000GeV_015,0.833925993645,3000.0,0.15
19,Zprime_3500GeV_015,0.834661635132,3500.0,0.15
20,Zprime_3500GeV_030,0.817567986549,3500.0,0.3
21,Zprime_2000GeV_030,0.815986351885,2000.0,0.3
22,Zprime_2000GeV_015,0.834179219466,2000.0,0.15
23,Zprime_3500GeV_075,0.71855334122,3500.0,0.75
24,Zprime_3500GeV_045,0.788154472555,3500.0,0.45
25,Zprime_2500GeV_030,0.813498390175,2500.0,0.3
26,Zprime_2000GeV_060,0.762106306854,2000.0,0.6
27,Zprime_4000GeV_060,0.759874796315,4000.0,0.6
28,Zprime_2500GeV_075,0.721243743059,2500.0,0.75
29,Zprime_4000GeV_045,0.792064547645,4000.0,0.45
