,name,auc,mass,nu
0,Zprime_1500GeV_075,0.797215117127,1500.0,0.75
1,Zprime_1500GeV_015,0.868231570254,1500.0,0.15
2,Zprime_3000GeV_060,0.800164891974,3000.0,0.6
3,Zprime_1500GeV_030,0.857414575203,1500.0,0.3
4,Zprime_3000GeV_045,0.827428147742,3000.0,0.45
5,Zprime_2000GeV_045,0.837377699264,2000.0,0.45
6,Zprime_2500GeV_015,0.86477970834,2500.0,0.15
7,Zprime_3500GeV_060,0.797646066863,3500.0,0.6
8,Zprime_2500GeV_045,0.830803346144,2500.0,0.45
9,Zprime_2000GeV_075,0.793740816416,2000.0,0.75
10,Zprime_2500GeV_060,0.805645198302,2500.0,0.6
11,Zprime_4000GeV_075,0.759768613546,4000.0,0.75
12,Zprime_4000GeV_030,0.850965222529,4000.0,0.3
13,Zprime_4000GeV_015,0.863144601258,4000.0,0.15
14,Zprime_3000GeV_030,0.847448930872,3000.0,0.3
15,Zprime_1500GeV_045,0.837754092551,1500.0,0.45
16,Zprime_3000GeV_075,0.772264924727,3000.0,0.75
17,Zprime_1500GeV_060,0.824370820158,1500.0,0.6
18,Zprime_3000GeV_015,0.864359059001,3000.0,0.15
19,Zprime_3500GeV_015,0.862047393174,3500.0,0.15
20,Zprime_3500GeV_030,0.848792318922,3500.0,0.3
21,Zprime_2000GeV_030,0.857315810736,2000.0,0.3
22,Zprime_2000GeV_015,0.869239440441,2000.0,0.15
23,Zprime_3500GeV_075,0.763226083346,3500.0,0.75
24,Zprime_3500GeV_045,0.824630903678,3500.0,0.45
25,Zprime_2500GeV_030,0.850200765435,2500.0,0.3
26,Zprime_2000GeV_060,0.815481718923,2000.0,0.6
27,Zprime_4000GeV_060,0.797407181047,4000.0,0.6
28,Zprime_2500GeV_075,0.778848662058,2500.0,0.75
29,Zprime_4000GeV_045,0.824708140004,4000.0,0.45
