,name,auc,mass,nu
0,Zprime_1500GeV_075,0.738419616744,1500.0,0.75
1,Zprime_1500GeV_015,0.830660247392,1500.0,0.15
2,Zprime_3000GeV_060,0.759667591402,3000.0,0.6
3,Zprime_1500GeV_030,0.81459735966,1500.0,0.3
4,Zprime_3000GeV_045,0.7907662448,3000.0,0.45
5,Zprime_2000GeV_045,0.79613233171,2000.0,0.45
6,Zprime_2500GeV_015,0.833712345878,2500.0,0.15
7,Zprime_3500GeV_060,0.761400768241,3500.0,0.6
8,Zprime_2500GeV_045,0.79140591449,2500.0,0.45
9,Zprime_2000GeV_075,0.738754235448,2000.0,0.75
10,Zprime_2500GeV_060,0.76357508375,2500.0,0.6
11,Zprime_4000GeV_075,0.72214099133,4000.0,0.75
12,Zprime_4000GeV_030,0.82369016466,4000.0,0.3
13,Zprime_4000GeV_015,0.841158093765,4000.0,0.15
14,Zprime_3000GeV_030,0.813604127531,3000.0,0.3
15,Zprime_1500GeV_045,0.786369603434,1500.0,0.45
16,Zprime_3000GeV_075,0.726326055994,3000.0,0.75
17,Zprime_1500GeV_060,0.772918766201,1500.0,0.6
18,Zprime_3000GeV_015,0.833667802134,3000.0,0.15
19,Zprime_3500GeV_015,0.833783154846,3500.0,0.15
20,Zprime_3500GeV_030,0.817552782027,3500.0,0.3
21,Zprime_2000GeV_030,0.819236077922,2000.0,0.3
22,Zprime_2000GeV_015,0.834862224772,2000.0,0.15
23,Zprime_3500GeV_075,0.724338568301,3500.0,0.75
24,Zprime_3500GeV_045,0.790237569711,3500.0,0.45
25,Zprime_2500GeV_030,0.814900467556,2500.0,0.3
26,Zprime_2000GeV_060,0.767994593382,2000.0,0.6
27,Zprime_4000GeV_060,0.766039262389,4000.0,0.6
28,Zprime_2500GeV_075,0.726095293815,2500.0,0.75
29,Zprime_4000GeV_045,0.795403558095,4000.0,0.45
