,name,auc,mass,nu
0,Zprime_1500GeV_075,0.816042575641,1500.0,0.75
1,Zprime_1500GeV_015,0.886236634299,1500.0,0.15
2,Zprime_3000GeV_060,0.820988381364,3000.0,0.6
3,Zprime_1500GeV_030,0.87585507694,1500.0,0.3
4,Zprime_3000GeV_045,0.851615361547,3000.0,0.45
5,Zprime_2000GeV_045,0.8575696843,2000.0,0.45
6,Zprime_2500GeV_015,0.888976901827,2500.0,0.15
7,Zprime_3500GeV_060,0.819765341363,3500.0,0.6
8,Zprime_2500GeV_045,0.852699412797,2500.0,0.45
9,Zprime_2000GeV_075,0.810483568311,2000.0,0.75
10,Zprime_2500GeV_060,0.826942872021,2500.0,0.6
11,Zprime_4000GeV_075,0.779335321496,4000.0,0.75
12,Zprime_4000GeV_030,0.877320231199,4000.0,0.3
13,Zprime_4000GeV_015,0.890573699263,4000.0,0.15
14,Zprime_3000GeV_030,0.87255326527,3000.0,0.3
15,Zprime_1500GeV_045,0.859566257952,1500.0,0.45
16,Zprime_3000GeV_075,0.791697588904,3000.0,0.75
17,Zprime_1500GeV_060,0.845711294334,1500.0,0.6
18,Zprime_3000GeV_015,0.88924530843,3000.0,0.15
19,Zprime_3500GeV_015,0.889210998607,3500.0,0.15
20,Zprime_3500GeV_030,0.875080515859,3500.0,0.3
21,Zprime_2000GeV_030,0.877345956713,2000.0,0.3
22,Zprime_2000GeV_015,0.890011354533,2000.0,0.15
23,Zprime_3500GeV_075,0.78580375792,3500.0,0.75
24,Zprime_3500GeV_045,0.850870772116,3500.0,0.45
25,Zprime_2500GeV_030,0.872969916296,2500.0,0.3
26,Zprime_2000GeV_060,0.835530535004,2000.0,0.6
27,Zprime_4000GeV_060,0.819800459049,4000.0,0.6
28,Zprime_2500GeV_075,0.79788348154,2500.0,0.75
29,Zprime_4000GeV_045,0.851116858453,4000.0,0.45
