,name,auc,mass,nu
0,Zprime_1500GeV_075,0.795716699921,1500.0,0.75
1,Zprime_1500GeV_015,0.866731084212,1500.0,0.15
2,Zprime_3000GeV_060,0.805188937515,3000.0,0.6
3,Zprime_1500GeV_030,0.858256699451,1500.0,0.3
4,Zprime_3000GeV_045,0.832999159272,3000.0,0.45
5,Zprime_2000GeV_045,0.842856423155,2000.0,0.45
6,Zprime_2500GeV_015,0.871189107558,2500.0,0.15
7,Zprime_3500GeV_060,0.80280153098,3500.0,0.6
8,Zprime_2500GeV_045,0.836004063238,2500.0,0.45
9,Zprime_2000GeV_075,0.796462124436,2000.0,0.75
10,Zprime_2500GeV_060,0.811374083462,2500.0,0.6
11,Zprime_4000GeV_075,0.761950880553,4000.0,0.75
12,Zprime_4000GeV_030,0.857234218498,4000.0,0.3
13,Zprime_4000GeV_015,0.870525209181,4000.0,0.15
14,Zprime_3000GeV_030,0.853574781789,3000.0,0.3
15,Zprime_1500GeV_045,0.839942848998,1500.0,0.45
16,Zprime_3000GeV_075,0.77363962416,3000.0,0.75
17,Zprime_1500GeV_060,0.821703677921,1500.0,0.6
18,Zprime_3000GeV_015,0.870852763257,3000.0,0.15
19,Zprime_3500GeV_015,0.868325437167,3500.0,0.15
20,Zprime_3500GeV_030,0.856191217453,3500.0,0.3
21,Zprime_2000GeV_030,0.861399801477,2000.0,0.3
22,Zprime_2000GeV_015,0.874012087404,2000.0,0.15
23,Zprime_3500GeV_075,0.767541072588,3500.0,0.75
24,Zprime_3500GeV_045,0.83037218715,3500.0,0.45
25,Zprime_2500GeV_030,0.855642358886,2500.0,0.3
26,Zprime_2000GeV_060,0.819515692309,2000.0,0.6
27,Zprime_4000GeV_060,0.803900647759,4000.0,0.6
28,Zprime_2500GeV_075,0.781624402173,2500.0,0.75
29,Zprime_4000GeV_045,0.83064906104,4000.0,0.45
