,name,auc,mass,nu
0,Zprime_1500GeV_075,0.807531577958,1500.0,0.75
1,Zprime_1500GeV_015,0.877665641923,1500.0,0.15
2,Zprime_3000GeV_060,0.814625458824,3000.0,0.6
3,Zprime_1500GeV_030,0.869863507057,1500.0,0.3
4,Zprime_3000GeV_045,0.843651238329,3000.0,0.45
5,Zprime_2000GeV_045,0.852827892961,2000.0,0.45
6,Zprime_2500GeV_015,0.882865137505,2500.0,0.15
7,Zprime_3500GeV_060,0.811329750877,3500.0,0.6
8,Zprime_2500GeV_045,0.846875322625,2500.0,0.45
9,Zprime_2000GeV_075,0.807727302346,2000.0,0.75
10,Zprime_2500GeV_060,0.821101938056,2500.0,0.6
11,Zprime_4000GeV_075,0.770513625461,4000.0,0.75
12,Zprime_4000GeV_030,0.864328830988,4000.0,0.3
13,Zprime_4000GeV_015,0.876413909812,4000.0,0.15
14,Zprime_3000GeV_030,0.863746156102,3000.0,0.3
15,Zprime_1500GeV_045,0.850130742773,1500.0,0.45
16,Zprime_3000GeV_075,0.785107565695,3000.0,0.75
17,Zprime_1500GeV_060,0.833978461202,1500.0,0.6
18,Zprime_3000GeV_015,0.882447167963,3000.0,0.15
19,Zprime_3500GeV_015,0.878445432036,3500.0,0.15
20,Zprime_3500GeV_030,0.863570069398,3500.0,0.3
21,Zprime_2000GeV_030,0.872660899745,2000.0,0.3
22,Zprime_2000GeV_015,0.885336863227,2000.0,0.15
23,Zprime_3500GeV_075,0.777092125802,3500.0,0.75
24,Zprime_3500GeV_045,0.839668186715,3500.0,0.45
25,Zprime_2500GeV_030,0.867735410848,2500.0,0.3
26,Zprime_2000GeV_060,0.829975755315,2000.0,0.6
27,Zprime_4000GeV_060,0.810037716167,4000.0,0.6
28,Zprime_2500GeV_075,0.792046138511,2500.0,0.75
29,Zprime_4000GeV_045,0.838342427884,4000.0,0.45
