,name,auc,mass,nu
0,Zprime_1500GeV_075,0.794040414507,1500.0,0.75
1,Zprime_1500GeV_015,0.868684941291,1500.0,0.15
2,Zprime_3000GeV_060,0.804049719815,3000.0,0.6
3,Zprime_1500GeV_030,0.859780679972,1500.0,0.3
4,Zprime_3000GeV_045,0.836527987082,3000.0,0.45
5,Zprime_2000GeV_045,0.841665377046,2000.0,0.45
6,Zprime_2500GeV_015,0.877643267302,2500.0,0.15
7,Zprime_3500GeV_060,0.802927960914,3500.0,0.6
8,Zprime_2500GeV_045,0.837189470109,2500.0,0.45
9,Zprime_2000GeV_075,0.791912587736,2000.0,0.75
10,Zprime_2500GeV_060,0.808518357867,2500.0,0.6
11,Zprime_4000GeV_075,0.761542837462,4000.0,0.75
12,Zprime_4000GeV_030,0.863210356561,4000.0,0.3
13,Zprime_4000GeV_015,0.877219132335,4000.0,0.15
14,Zprime_3000GeV_030,0.858332834093,3000.0,0.3
15,Zprime_1500GeV_045,0.839337381385,1500.0,0.45
16,Zprime_3000GeV_075,0.771101749884,3000.0,0.75
17,Zprime_1500GeV_060,0.823831999139,1500.0,0.6
18,Zprime_3000GeV_015,0.877999013872,3000.0,0.15
19,Zprime_3500GeV_015,0.876974857326,3500.0,0.15
20,Zprime_3500GeV_030,0.861087324518,3500.0,0.3
21,Zprime_2000GeV_030,0.863562383536,2000.0,0.3
22,Zprime_2000GeV_015,0.877458986537,2000.0,0.15
23,Zprime_3500GeV_075,0.765387741049,3500.0,0.75
24,Zprime_3500GeV_045,0.833728901954,3500.0,0.45
25,Zprime_2500GeV_030,0.8593089561,2500.0,0.3
26,Zprime_2000GeV_060,0.816653052633,2000.0,0.6
27,Zprime_4000GeV_060,0.803949789715,4000.0,0.6
28,Zprime_2500GeV_075,0.777712236279,2500.0,0.75
29,Zprime_4000GeV_045,0.835600236254,4000.0,0.45
