,name,auc,mass,nu
0,Zprime_1500GeV_075,0.748151805593,1500.0,0.75
1,Zprime_1500GeV_015,0.827280394359,1500.0,0.15
2,Zprime_3000GeV_060,0.791467822457,3000.0,0.6
3,Zprime_1500GeV_030,0.809288319816,1500.0,0.3
4,Zprime_3000GeV_045,0.821828049351,3000.0,0.45
5,Zprime_2000GeV_045,0.811422163984,2000.0,0.45
6,Zprime_2500GeV_015,0.856238023424,2500.0,0.15
7,Zprime_3500GeV_060,0.792736225643,3500.0,0.6
8,Zprime_2500GeV_045,0.815421342737,2500.0,0.45
9,Zprime_2000GeV_075,0.75159187931,2000.0,0.75
10,Zprime_2500GeV_060,0.785226711966,2500.0,0.6
11,Zprime_4000GeV_075,0.751386646385,4000.0,0.75
12,Zprime_4000GeV_030,0.857277315169,4000.0,0.3
13,Zprime_4000GeV_015,0.870756918275,4000.0,0.15
14,Zprime_3000GeV_030,0.845163029199,3000.0,0.3
15,Zprime_1500GeV_045,0.783082248113,1500.0,0.45
16,Zprime_3000GeV_075,0.752915812566,3000.0,0.75
17,Zprime_1500GeV_060,0.768505762634,1500.0,0.6
18,Zprime_3000GeV_015,0.864733803047,3000.0,0.15
19,Zprime_3500GeV_015,0.86735119498,3500.0,0.15
20,Zprime_3500GeV_030,0.852892154093,3500.0,0.3
21,Zprime_2000GeV_030,0.831061837262,2000.0,0.3
22,Zprime_2000GeV_015,0.847881945622,2000.0,0.15
23,Zprime_3500GeV_075,0.754833960745,3500.0,0.75
24,Zprime_3500GeV_045,0.827717274875,3500.0,0.45
25,Zprime_2500GeV_030,0.837878683198,2500.0,0.3
26,Zprime_2000GeV_060,0.783219092136,2000.0,0.6
27,Zprime_4000GeV_060,0.797667503166,4000.0,0.6
28,Zprime_2500GeV_075,0.747421791514,2500.0,0.75
29,Zprime_4000GeV_045,0.830435032779,4000.0,0.45
