,name,auc,mass,nu
0,Zprime_1500GeV_075,0.795530489639,1500.0,0.75
1,Zprime_1500GeV_015,0.86693395896,1500.0,0.15
2,Zprime_3000GeV_060,0.799460005526,3000.0,0.6
3,Zprime_1500GeV_030,0.856638038073,1500.0,0.3
4,Zprime_3000GeV_045,0.828892839523,3000.0,0.45
5,Zprime_2000GeV_045,0.836260798626,2000.0,0.45
6,Zprime_2500GeV_015,0.866850761695,2500.0,0.15
7,Zprime_3500GeV_060,0.79765706506,3500.0,0.6
8,Zprime_2500GeV_045,0.830786781093,2500.0,0.45
9,Zprime_2000GeV_075,0.790568567128,2000.0,0.75
10,Zprime_2500GeV_060,0.805179145351,2500.0,0.6
11,Zprime_4000GeV_075,0.758498717356,4000.0,0.75
12,Zprime_4000GeV_030,0.855091641554,4000.0,0.3
13,Zprime_4000GeV_015,0.868559396428,4000.0,0.15
14,Zprime_3000GeV_030,0.849529529028,3000.0,0.3
15,Zprime_1500GeV_045,0.837368191122,1500.0,0.45
16,Zprime_3000GeV_075,0.769258915185,3000.0,0.75
17,Zprime_1500GeV_060,0.821813960693,1500.0,0.6
18,Zprime_3000GeV_015,0.86715090691,3000.0,0.15
19,Zprime_3500GeV_015,0.866716600494,3500.0,0.15
20,Zprime_3500GeV_030,0.852289604433,3500.0,0.3
21,Zprime_2000GeV_030,0.856018766858,2000.0,0.3
22,Zprime_2000GeV_015,0.868382066647,2000.0,0.15
23,Zprime_3500GeV_075,0.762762189121,3500.0,0.75
24,Zprime_3500GeV_045,0.826550488285,3500.0,0.45
25,Zprime_2500GeV_030,0.851237250513,2500.0,0.3
26,Zprime_2000GeV_060,0.813984177923,2000.0,0.6
27,Zprime_4000GeV_060,0.799035147311,4000.0,0.6
28,Zprime_2500GeV_075,0.775281148178,2500.0,0.75
29,Zprime_4000GeV_045,0.827027478069,4000.0,0.45
