,name,auc,mass,nu
0,Zprime_1500GeV_075,0.786409695517,1500.0,0.75
1,Zprime_1500GeV_015,0.863860192286,1500.0,0.15
2,Zprime_3000GeV_060,0.803190614308,3000.0,0.6
3,Zprime_1500GeV_030,0.853889928529,1500.0,0.3
4,Zprime_3000GeV_045,0.834558222429,3000.0,0.45
5,Zprime_2000GeV_045,0.837685719398,2000.0,0.45
6,Zprime_2500GeV_015,0.875122171215,2500.0,0.15
7,Zprime_3500GeV_060,0.802508796918,3500.0,0.6
8,Zprime_2500GeV_045,0.835022275493,2500.0,0.45
9,Zprime_2000GeV_075,0.785652442288,2000.0,0.75
10,Zprime_2500GeV_060,0.806658632048,2500.0,0.6
11,Zprime_4000GeV_075,0.761077483762,4000.0,0.75
12,Zprime_4000GeV_030,0.865806894405,4000.0,0.3
13,Zprime_4000GeV_015,0.881918294655,4000.0,0.15
14,Zprime_3000GeV_030,0.857357048673,3000.0,0.3
15,Zprime_1500GeV_045,0.832062943937,1500.0,0.45
16,Zprime_3000GeV_075,0.769943046802,3000.0,0.75
17,Zprime_1500GeV_060,0.817791654157,1500.0,0.6
18,Zprime_3000GeV_015,0.877426287067,3000.0,0.15
19,Zprime_3500GeV_015,0.87861871969,3500.0,0.15
20,Zprime_3500GeV_030,0.862354112968,3500.0,0.3
21,Zprime_2000GeV_030,0.85922015804,2000.0,0.3
22,Zprime_2000GeV_015,0.87248377389,2000.0,0.15
23,Zprime_3500GeV_075,0.764064568469,3500.0,0.75
24,Zprime_3500GeV_045,0.834103324572,3500.0,0.45
25,Zprime_2500GeV_030,0.857487609936,2500.0,0.3
26,Zprime_2000GeV_060,0.811615720908,2000.0,0.6
27,Zprime_4000GeV_060,0.804875154298,4000.0,0.6
28,Zprime_2500GeV_075,0.774353255186,2500.0,0.75
29,Zprime_4000GeV_045,0.83586097084,4000.0,0.45
