,name,auc,mass,nu
0,Zprime_1500GeV_075,0.823460185416,1500.0,0.75
1,Zprime_1500GeV_015,0.889289838714,1500.0,0.15
2,Zprime_3000GeV_060,0.83415614428,3000.0,0.6
3,Zprime_1500GeV_030,0.877067289487,1500.0,0.3
4,Zprime_3000GeV_045,0.861755435574,3000.0,0.45
5,Zprime_2000GeV_045,0.869433953246,2000.0,0.45
6,Zprime_2500GeV_015,0.895474608591,2500.0,0.15
7,Zprime_3500GeV_060,0.830223521764,3500.0,0.6
8,Zprime_2500GeV_045,0.86386984144,2500.0,0.45
9,Zprime_2000GeV_075,0.818558153859,2000.0,0.75
10,Zprime_2500GeV_060,0.838754156974,2500.0,0.6
11,Zprime_4000GeV_075,0.789701169241,4000.0,0.75
12,Zprime_4000GeV_030,0.887593616368,4000.0,0.3
13,Zprime_4000GeV_015,0.899963310149,4000.0,0.15
14,Zprime_3000GeV_030,0.880988245364,3000.0,0.3
15,Zprime_1500GeV_045,0.859029352609,1500.0,0.45
16,Zprime_3000GeV_075,0.800215972804,3000.0,0.75
17,Zprime_1500GeV_060,0.841980280415,1500.0,0.6
18,Zprime_3000GeV_015,0.89747520136,3000.0,0.15
19,Zprime_3500GeV_015,0.898765816499,3500.0,0.15
20,Zprime_3500GeV_030,0.885060779098,3500.0,0.3
21,Zprime_2000GeV_030,0.887571873931,2000.0,0.3
22,Zprime_2000GeV_015,0.899648296195,2000.0,0.15
23,Zprime_3500GeV_075,0.795555628284,3500.0,0.75
24,Zprime_3500GeV_045,0.861266577753,3500.0,0.45
25,Zprime_2500GeV_030,0.881568195066,2500.0,0.3
26,Zprime_2000GeV_060,0.844330224015,2000.0,0.6
27,Zprime_4000GeV_060,0.831102161126,4000.0,0.6
28,Zprime_2500GeV_075,0.806934857643,2500.0,0.75
29,Zprime_4000GeV_045,0.860379789751,4000.0,0.45
