,name,auc,mass,nu
0,Zprime_1500GeV_075,0.776645592606,1500.0,0.75
1,Zprime_1500GeV_015,0.857792788874,1500.0,0.15
2,Zprime_3000GeV_060,0.792400948786,3000.0,0.6
3,Zprime_1500GeV_030,0.848197227066,1500.0,0.3
4,Zprime_3000GeV_045,0.825449891696,3000.0,0.45
5,Zprime_2000GeV_045,0.831744132331,2000.0,0.45
6,Zprime_2500GeV_015,0.867286561082,2500.0,0.15
7,Zprime_3500GeV_060,0.791998050277,3500.0,0.6
8,Zprime_2500GeV_045,0.82636515278,2500.0,0.45
9,Zprime_2000GeV_075,0.778355271386,2000.0,0.75
10,Zprime_2500GeV_060,0.799015759643,2500.0,0.6
11,Zprime_4000GeV_075,0.747251332605,4000.0,0.75
12,Zprime_4000GeV_030,0.853022030309,4000.0,0.3
13,Zprime_4000GeV_015,0.868044156055,4000.0,0.15
14,Zprime_3000GeV_030,0.847742063734,3000.0,0.3
15,Zprime_1500GeV_045,0.826964526839,1500.0,0.45
16,Zprime_3000GeV_075,0.760092893257,3000.0,0.75
17,Zprime_1500GeV_060,0.807786199222,1500.0,0.6
18,Zprime_3000GeV_015,0.868010218207,3000.0,0.15
19,Zprime_3500GeV_015,0.866491774939,3500.0,0.15
20,Zprime_3500GeV_030,0.850562501417,3500.0,0.3
21,Zprime_2000GeV_030,0.853046373136,2000.0,0.3
22,Zprime_2000GeV_015,0.867532121342,2000.0,0.15
23,Zprime_3500GeV_075,0.753226107033,3500.0,0.75
24,Zprime_3500GeV_045,0.823541132657,3500.0,0.45
25,Zprime_2500GeV_030,0.849507127152,2500.0,0.3
26,Zprime_2000GeV_060,0.805918811718,2000.0,0.6
27,Zprime_4000GeV_060,0.793038093769,4000.0,0.6
28,Zprime_2500GeV_075,0.763716991617,2500.0,0.75
29,Zprime_4000GeV_045,0.824653157907,4000.0,0.45
