,name,auc,mass,nu
0,Zprime_1500GeV_075,0.790168343314,1500.0,0.75
1,Zprime_1500GeV_015,0.869471546677,1500.0,0.15
2,Zprime_3000GeV_060,0.802637280275,3000.0,0.6
3,Zprime_1500GeV_030,0.858312070549,1500.0,0.3
4,Zprime_3000GeV_045,0.833984376334,3000.0,0.45
5,Zprime_2000GeV_045,0.839843751625,2000.0,0.45
6,Zprime_2500GeV_015,0.874187193369,2500.0,0.15
7,Zprime_3500GeV_060,0.801846933359,3500.0,0.6
8,Zprime_2500GeV_045,0.835239771019,2500.0,0.45
9,Zprime_2000GeV_075,0.78836457182,2000.0,0.75
10,Zprime_2500GeV_060,0.807724198203,2500.0,0.6
11,Zprime_4000GeV_075,0.759708467645,4000.0,0.75
12,Zprime_4000GeV_030,0.86371420198,4000.0,0.3
13,Zprime_4000GeV_015,0.877456869474,4000.0,0.15
14,Zprime_3000GeV_030,0.856118352384,3000.0,0.3
15,Zprime_1500GeV_045,0.837150374151,1500.0,0.45
16,Zprime_3000GeV_075,0.770959617185,3000.0,0.75
17,Zprime_1500GeV_060,0.820606814082,1500.0,0.6
18,Zprime_3000GeV_015,0.87527205314,3000.0,0.15
19,Zprime_3500GeV_015,0.874631746542,3500.0,0.15
20,Zprime_3500GeV_030,0.859311265919,3500.0,0.3
21,Zprime_2000GeV_030,0.860228254623,2000.0,0.3
22,Zprime_2000GeV_015,0.873939894912,2000.0,0.15
23,Zprime_3500GeV_075,0.764628629512,3500.0,0.75
24,Zprime_3500GeV_045,0.833061910982,3500.0,0.45
25,Zprime_2500GeV_030,0.857048454643,2500.0,0.3
26,Zprime_2000GeV_060,0.814166843501,2000.0,0.6
27,Zprime_4000GeV_060,0.803542504048,4000.0,0.6
28,Zprime_2500GeV_075,0.775602389954,2500.0,0.75
29,Zprime_4000GeV_045,0.835204153673,4000.0,0.45
