,name,auc,mass,nu
0,Zprime_1500GeV_075,0.793580723015,1500.0,0.75
1,Zprime_1500GeV_015,0.863910445236,1500.0,0.15
2,Zprime_3000GeV_060,0.808469255421,3000.0,0.6
3,Zprime_1500GeV_030,0.851408671008,1500.0,0.3
4,Zprime_3000GeV_045,0.832985720289,3000.0,0.45
5,Zprime_2000GeV_045,0.844313099097,2000.0,0.45
6,Zprime_2500GeV_015,0.867973370441,2500.0,0.15
7,Zprime_3500GeV_060,0.805054221513,3500.0,0.6
8,Zprime_2500GeV_045,0.83547541098,2500.0,0.45
9,Zprime_2000GeV_075,0.797257122302,2000.0,0.75
10,Zprime_2500GeV_060,0.812609816042,2500.0,0.6
11,Zprime_4000GeV_075,0.773847232348,4000.0,0.75
12,Zprime_4000GeV_030,0.861106349534,4000.0,0.3
13,Zprime_4000GeV_015,0.873845091615,4000.0,0.15
14,Zprime_3000GeV_030,0.851993186088,3000.0,0.3
15,Zprime_1500GeV_045,0.830561605138,1500.0,0.45
16,Zprime_3000GeV_075,0.780335818467,3000.0,0.75
17,Zprime_1500GeV_060,0.814312344448,1500.0,0.6
18,Zprime_3000GeV_015,0.870493332388,3000.0,0.15
19,Zprime_3500GeV_015,0.871659097153,3500.0,0.15
20,Zprime_3500GeV_030,0.857119348197,3500.0,0.3
21,Zprime_2000GeV_030,0.861994054132,2000.0,0.3
22,Zprime_2000GeV_015,0.874380026069,2000.0,0.15
23,Zprime_3500GeV_075,0.777087146516,3500.0,0.75
24,Zprime_3500GeV_045,0.833559351975,3500.0,0.45
25,Zprime_2500GeV_030,0.853196404113,2500.0,0.3
26,Zprime_2000GeV_060,0.818340314907,2000.0,0.6
27,Zprime_4000GeV_060,0.807284108506,4000.0,0.6
28,Zprime_2500GeV_075,0.785683396694,2500.0,0.75
29,Zprime_4000GeV_045,0.834938823378,4000.0,0.45
