,name,auc,mass,nu
0,Zprime_1500GeV_075,0.788181101316,1500.0,0.75
1,Zprime_1500GeV_015,0.854637798245,1500.0,0.15
2,Zprime_3000GeV_060,0.799033014591,3000.0,0.6
3,Zprime_1500GeV_030,0.842441115055,1500.0,0.3
4,Zprime_3000GeV_045,0.821304100142,3000.0,0.45
5,Zprime_2000GeV_045,0.831019704356,2000.0,0.45
6,Zprime_2500GeV_015,0.851437968059,2500.0,0.15
7,Zprime_3500GeV_060,0.796329059873,3500.0,0.6
8,Zprime_2500GeV_045,0.822872494356,2500.0,0.45
9,Zprime_2000GeV_075,0.788633447756,2000.0,0.75
10,Zprime_2500GeV_060,0.801691271198,2500.0,0.6
11,Zprime_4000GeV_075,0.768069206423,4000.0,0.75
12,Zprime_4000GeV_030,0.853003179123,4000.0,0.3
13,Zprime_4000GeV_015,0.86529879834,4000.0,0.15
14,Zprime_3000GeV_030,0.839177908036,3000.0,0.3
15,Zprime_1500GeV_045,0.822266646283,1500.0,0.45
16,Zprime_3000GeV_075,0.772163533331,3000.0,0.75
17,Zprime_1500GeV_060,0.806467625454,1500.0,0.6
18,Zprime_3000GeV_015,0.855997158448,3000.0,0.15
19,Zprime_3500GeV_015,0.861109940029,3500.0,0.15
20,Zprime_3500GeV_030,0.847075767426,3500.0,0.3
21,Zprime_2000GeV_030,0.847940679165,2000.0,0.3
22,Zprime_2000GeV_015,0.858940945643,2000.0,0.15
23,Zprime_3500GeV_075,0.770509696722,3500.0,0.75
24,Zprime_3500GeV_045,0.82394873799,3500.0,0.45
25,Zprime_2500GeV_030,0.838451938327,2500.0,0.3
26,Zprime_2000GeV_060,0.807557661255,2000.0,0.6
27,Zprime_4000GeV_060,0.799773129794,4000.0,0.6
28,Zprime_2500GeV_075,0.77716402441,2500.0,0.75
29,Zprime_4000GeV_045,0.827647959458,4000.0,0.45
