,name,auc,mass,nu
0,Zprime_1500GeV_075,0.76242120407,1500.0,0.75
1,Zprime_1500GeV_015,0.85923084296,1500.0,0.15
2,Zprime_3000GeV_060,0.808301405631,3000.0,0.6
3,Zprime_1500GeV_030,0.847393708483,1500.0,0.3
4,Zprime_3000GeV_045,0.844793034037,3000.0,0.45
5,Zprime_2000GeV_045,0.844374741257,2000.0,0.45
6,Zprime_2500GeV_015,0.889287594994,2500.0,0.15
7,Zprime_3500GeV_060,0.806351134707,3500.0,0.6
8,Zprime_2500GeV_045,0.845443888829,2500.0,0.45
9,Zprime_2000GeV_075,0.773813740958,2000.0,0.75
10,Zprime_2500GeV_060,0.81098833403,2500.0,0.6
11,Zprime_4000GeV_075,0.752230703261,4000.0,0.75
12,Zprime_4000GeV_030,0.875641463681,4000.0,0.3
13,Zprime_4000GeV_015,0.891694755309,4000.0,0.15
14,Zprime_3000GeV_030,0.869050548786,3000.0,0.3
15,Zprime_1500GeV_045,0.819371572658,1500.0,0.45
16,Zprime_3000GeV_075,0.765115981415,3000.0,0.75
17,Zprime_1500GeV_060,0.795043769014,1500.0,0.6
18,Zprime_3000GeV_015,0.890367302409,3000.0,0.15
19,Zprime_3500GeV_015,0.890994839947,3500.0,0.15
20,Zprime_3500GeV_030,0.873840265007,3500.0,0.3
21,Zprime_2000GeV_030,0.868417953082,2000.0,0.3
22,Zprime_2000GeV_015,0.886848528884,2000.0,0.15
23,Zprime_3500GeV_075,0.760180827524,3500.0,0.75
24,Zprime_3500GeV_045,0.843678081796,3500.0,0.45
25,Zprime_2500GeV_030,0.869461268983,2500.0,0.3
26,Zprime_2000GeV_060,0.81026616995,2000.0,0.6
27,Zprime_4000GeV_060,0.806202343168,4000.0,0.6
28,Zprime_2500GeV_075,0.765681282083,2500.0,0.75
29,Zprime_4000GeV_045,0.843678736457,4000.0,0.45
