,name,auc,mass,nu
0,Zprime_1500GeV_075,0.724642229794,1500.0,0.75
1,Zprime_1500GeV_015,0.819391989596,1500.0,0.15
2,Zprime_3000GeV_060,0.755068261589,3000.0,0.6
3,Zprime_1500GeV_030,0.804113650081,1500.0,0.3
4,Zprime_3000GeV_045,0.786362778763,3000.0,0.45
5,Zprime_2000GeV_045,0.797548545233,2000.0,0.45
6,Zprime_2500GeV_015,0.833895811061,2500.0,0.15
7,Zprime_3500GeV_060,0.749728473073,3500.0,0.6
8,Zprime_2500GeV_045,0.792204607713,2500.0,0.45
9,Zprime_2000GeV_075,0.734441852146,2000.0,0.75
10,Zprime_2500GeV_060,0.76110339356,2500.0,0.6
11,Zprime_4000GeV_075,0.706702289834,4000.0,0.75
12,Zprime_4000GeV_030,0.813460478771,4000.0,0.3
13,Zprime_4000GeV_015,0.831028400359,4000.0,0.15
14,Zprime_3000GeV_030,0.809730673668,3000.0,0.3
15,Zprime_1500GeV_045,0.779752675529,1500.0,0.45
16,Zprime_3000GeV_075,0.720170698514,3000.0,0.75
17,Zprime_1500GeV_060,0.75636784611,1500.0,0.6
18,Zprime_3000GeV_015,0.830656138587,3000.0,0.15
19,Zprime_3500GeV_015,0.829755913272,3500.0,0.15
20,Zprime_3500GeV_030,0.81164011313,3500.0,0.3
21,Zprime_2000GeV_030,0.821054073653,2000.0,0.3
22,Zprime_2000GeV_015,0.839460030399,2000.0,0.15
23,Zprime_3500GeV_075,0.714013736282,3500.0,0.75
24,Zprime_3500GeV_045,0.783575325266,3500.0,0.45
25,Zprime_2500GeV_030,0.81526127362,2500.0,0.3
26,Zprime_2000GeV_060,0.766182426826,2000.0,0.6
27,Zprime_4000GeV_060,0.748325616362,4000.0,0.6
28,Zprime_2500GeV_075,0.722118700237,2500.0,0.75
29,Zprime_4000GeV_045,0.782495201509,4000.0,0.45
