,name,auc,mass,nu
0,Zprime_1500GeV_075,0.737533182989,1500.0,0.75
1,Zprime_1500GeV_015,0.832920232965,1500.0,0.15
2,Zprime_3000GeV_060,0.767499227344,3000.0,0.6
3,Zprime_1500GeV_030,0.820155127284,1500.0,0.3
4,Zprime_3000GeV_045,0.798109231809,3000.0,0.45
5,Zprime_2000GeV_045,0.808823962639,2000.0,0.45
6,Zprime_2500GeV_015,0.844811928077,2500.0,0.15
7,Zprime_3500GeV_060,0.765299000214,3500.0,0.6
8,Zprime_2500GeV_045,0.803263338472,2500.0,0.45
9,Zprime_2000GeV_075,0.746626912804,2000.0,0.75
10,Zprime_2500GeV_060,0.772709579853,2500.0,0.6
11,Zprime_4000GeV_075,0.726179860451,4000.0,0.75
12,Zprime_4000GeV_030,0.824743309509,4000.0,0.3
13,Zprime_4000GeV_015,0.841706357733,4000.0,0.15
14,Zprime_3000GeV_030,0.821115922826,3000.0,0.3
15,Zprime_1500GeV_045,0.791518804858,1500.0,0.45
16,Zprime_3000GeV_075,0.733893522215,3000.0,0.75
17,Zprime_1500GeV_060,0.767744863298,1500.0,0.6
18,Zprime_3000GeV_015,0.842374616134,3000.0,0.15
19,Zprime_3500GeV_015,0.839633770325,3500.0,0.15
20,Zprime_3500GeV_030,0.822859813776,3500.0,0.3
21,Zprime_2000GeV_030,0.832709204683,2000.0,0.3
22,Zprime_2000GeV_015,0.850449178747,2000.0,0.15
23,Zprime_3500GeV_075,0.73003878378,3500.0,0.75
24,Zprime_3500GeV_045,0.798056484854,3500.0,0.45
25,Zprime_2500GeV_030,0.82506159517,2500.0,0.3
26,Zprime_2000GeV_060,0.77712374286,2000.0,0.6
27,Zprime_4000GeV_060,0.765306013094,4000.0,0.6
28,Zprime_2500GeV_075,0.733708543916,2500.0,0.75
29,Zprime_4000GeV_045,0.79650545251,4000.0,0.45
