,name,auc,mass,nu
0,Zprime_1500GeV_075,0.79028506687,1500.0,0.75
1,Zprime_1500GeV_015,0.865398030382,1500.0,0.15
2,Zprime_3000GeV_060,0.80127271717,3000.0,0.6
3,Zprime_1500GeV_030,0.854068077861,1500.0,0.3
4,Zprime_3000GeV_045,0.829824264414,3000.0,0.45
5,Zprime_2000GeV_045,0.840515500182,2000.0,0.45
6,Zprime_2500GeV_015,0.869356525125,2500.0,0.15
7,Zprime_3500GeV_060,0.799286366964,3500.0,0.6
8,Zprime_2500GeV_045,0.833445911236,2500.0,0.45
9,Zprime_2000GeV_075,0.790462938074,2000.0,0.75
10,Zprime_2500GeV_060,0.808034679524,2500.0,0.6
11,Zprime_4000GeV_075,0.760062291385,4000.0,0.75
12,Zprime_4000GeV_030,0.853068046442,4000.0,0.3
13,Zprime_4000GeV_015,0.867066169284,4000.0,0.15
14,Zprime_3000GeV_030,0.849555811094,3000.0,0.3
15,Zprime_1500GeV_045,0.83662142601,1500.0,0.45
16,Zprime_3000GeV_075,0.771297188339,3000.0,0.75
17,Zprime_1500GeV_060,0.819578889241,1500.0,0.6
18,Zprime_3000GeV_015,0.866413108986,3000.0,0.15
19,Zprime_3500GeV_015,0.862960532366,3500.0,0.15
20,Zprime_3500GeV_030,0.850630499879,3500.0,0.3
21,Zprime_2000GeV_030,0.859999279463,2000.0,0.3
22,Zprime_2000GeV_015,0.87263200104,2000.0,0.15
23,Zprime_3500GeV_075,0.766324789417,3500.0,0.75
24,Zprime_3500GeV_045,0.82725332387,3500.0,0.45
25,Zprime_2500GeV_030,0.853563019219,2500.0,0.3
26,Zprime_2000GeV_060,0.815835374554,2000.0,0.6
27,Zprime_4000GeV_060,0.799913268942,4000.0,0.6
28,Zprime_2500GeV_075,0.775941279241,2500.0,0.75
29,Zprime_4000GeV_045,0.827648600592,4000.0,0.45
