,name,auc,mass,nu
0,Zprime_1500GeV_075,0.789173357831,1500.0,0.75
1,Zprime_1500GeV_015,0.862499846307,1500.0,0.15
2,Zprime_3000GeV_060,0.807834916145,3000.0,0.6
3,Zprime_1500GeV_030,0.856891910835,1500.0,0.3
4,Zprime_3000GeV_045,0.840750274802,3000.0,0.45
5,Zprime_2000GeV_045,0.843539756339,2000.0,0.45
6,Zprime_2500GeV_015,0.880801799109,2500.0,0.15
7,Zprime_3500GeV_060,0.807500378872,3500.0,0.6
8,Zprime_2500GeV_045,0.839352238223,2500.0,0.45
9,Zprime_2000GeV_075,0.789327284421,2000.0,0.75
10,Zprime_2500GeV_060,0.811685808293,2500.0,0.6
11,Zprime_4000GeV_075,0.76309193687,4000.0,0.75
12,Zprime_4000GeV_030,0.871648894234,4000.0,0.3
13,Zprime_4000GeV_015,0.887671163032,4000.0,0.15
14,Zprime_3000GeV_030,0.863869572036,3000.0,0.3
15,Zprime_1500GeV_045,0.835991858136,1500.0,0.45
16,Zprime_3000GeV_075,0.772785402065,3000.0,0.75
17,Zprime_1500GeV_060,0.812592423832,1500.0,0.6
18,Zprime_3000GeV_015,0.883869144099,3000.0,0.15
19,Zprime_3500GeV_015,0.885896083636,3500.0,0.15
20,Zprime_3500GeV_030,0.869063857019,3500.0,0.3
21,Zprime_2000GeV_030,0.863597444618,2000.0,0.3
22,Zprime_2000GeV_015,0.879373560953,2000.0,0.15
23,Zprime_3500GeV_075,0.769307104404,3500.0,0.75
24,Zprime_3500GeV_045,0.840732800113,3500.0,0.45
25,Zprime_2500GeV_030,0.861922893562,2500.0,0.3
26,Zprime_2000GeV_060,0.815759316151,2000.0,0.6
27,Zprime_4000GeV_060,0.809340780081,4000.0,0.6
28,Zprime_2500GeV_075,0.775746931627,2500.0,0.75
29,Zprime_4000GeV_045,0.842367809929,4000.0,0.45
