,name,auc,mass,nu
0,Zprime_1500GeV_075,0.783904283908,1500.0,0.75
1,Zprime_1500GeV_015,0.862987099662,1500.0,0.15
2,Zprime_3000GeV_060,0.798826774608,3000.0,0.6
3,Zprime_1500GeV_030,0.85115942136,1500.0,0.3
4,Zprime_3000GeV_045,0.828062663807,3000.0,0.45
5,Zprime_2000GeV_045,0.836629796465,2000.0,0.45
6,Zprime_2500GeV_015,0.868497562663,2500.0,0.15
7,Zprime_3500GeV_060,0.796699263163,3500.0,0.6
8,Zprime_2500GeV_045,0.831354511235,2500.0,0.45
9,Zprime_2000GeV_075,0.785275999203,2000.0,0.75
10,Zprime_2500GeV_060,0.803892387977,2500.0,0.6
11,Zprime_4000GeV_075,0.75502616424,4000.0,0.75
12,Zprime_4000GeV_030,0.854061632958,4000.0,0.3
13,Zprime_4000GeV_015,0.866653863757,4000.0,0.15
14,Zprime_3000GeV_030,0.848493273267,3000.0,0.3
15,Zprime_1500GeV_045,0.830897636862,1500.0,0.45
16,Zprime_3000GeV_075,0.766352115094,3000.0,0.75
17,Zprime_1500GeV_060,0.814601325652,1500.0,0.6
18,Zprime_3000GeV_015,0.867590375194,3000.0,0.15
19,Zprime_3500GeV_015,0.865108424035,3500.0,0.15
20,Zprime_3500GeV_030,0.851815589529,3500.0,0.3
21,Zprime_2000GeV_030,0.857555042279,2000.0,0.3
22,Zprime_2000GeV_015,0.870182815221,2000.0,0.15
23,Zprime_3500GeV_075,0.760626805191,3500.0,0.75
24,Zprime_3500GeV_045,0.825629325331,3500.0,0.45
25,Zprime_2500GeV_030,0.852377444496,2500.0,0.3
26,Zprime_2000GeV_060,0.811482721202,2000.0,0.6
27,Zprime_4000GeV_060,0.797733628154,4000.0,0.6
28,Zprime_2500GeV_075,0.772017208415,2500.0,0.75
29,Zprime_4000GeV_045,0.826724516821,4000.0,0.45
