,name,auc,mass,nu
0,Zprime_1500GeV_075,0.809896221981,1500.0,0.75
1,Zprime_1500GeV_015,0.880990766498,1500.0,0.15
2,Zprime_3000GeV_060,0.815856754373,3000.0,0.6
3,Zprime_1500GeV_030,0.870739148886,1500.0,0.3
4,Zprime_3000GeV_045,0.844321228655,3000.0,0.45
5,Zprime_2000GeV_045,0.853206886514,2000.0,0.45
6,Zprime_2500GeV_015,0.882500224162,2500.0,0.15
7,Zprime_3500GeV_060,0.813548428288,3500.0,0.6
8,Zprime_2500GeV_045,0.846770006722,2500.0,0.45
9,Zprime_2000GeV_075,0.805927331918,2000.0,0.75
10,Zprime_2500GeV_060,0.821853461864,2500.0,0.6
11,Zprime_4000GeV_075,0.775992933077,4000.0,0.75
12,Zprime_4000GeV_030,0.870248418829,4000.0,0.3
13,Zprime_4000GeV_015,0.883649160035,4000.0,0.15
14,Zprime_3000GeV_030,0.864924748979,3000.0,0.3
15,Zprime_1500GeV_045,0.853782664028,1500.0,0.45
16,Zprime_3000GeV_075,0.78778965702,3000.0,0.75
17,Zprime_1500GeV_060,0.838861943719,1500.0,0.6
18,Zprime_3000GeV_015,0.881652638946,3000.0,0.15
19,Zprime_3500GeV_015,0.881294571104,3500.0,0.15
20,Zprime_3500GeV_030,0.866970273731,3500.0,0.3
21,Zprime_2000GeV_030,0.873057893289,2000.0,0.3
22,Zprime_2000GeV_015,0.885154063448,2000.0,0.15
23,Zprime_3500GeV_075,0.781961330631,3500.0,0.75
24,Zprime_3500GeV_045,0.844007116703,3500.0,0.45
25,Zprime_2500GeV_030,0.866628803488,2500.0,0.3
26,Zprime_2000GeV_060,0.830889201115,2000.0,0.6
27,Zprime_4000GeV_060,0.814464595643,4000.0,0.6
28,Zprime_2500GeV_075,0.792977829663,2500.0,0.75
29,Zprime_4000GeV_045,0.844321079715,4000.0,0.45
