,name,auc,mass,nu
0,Zprime_1500GeV_075,0.788699012052,1500.0,0.75
1,Zprime_1500GeV_015,0.865429164857,1500.0,0.15
2,Zprime_3000GeV_060,0.803697179046,3000.0,0.6
3,Zprime_1500GeV_030,0.854625561722,1500.0,0.3
4,Zprime_3000GeV_045,0.835537978831,3000.0,0.45
5,Zprime_2000GeV_045,0.837291689903,2000.0,0.45
6,Zprime_2500GeV_015,0.874881186498,2500.0,0.15
7,Zprime_3500GeV_060,0.803561397295,3500.0,0.6
8,Zprime_2500GeV_045,0.835461551484,2500.0,0.45
9,Zprime_2000GeV_075,0.786943829065,2000.0,0.75
10,Zprime_2500GeV_060,0.807067096346,2500.0,0.6
11,Zprime_4000GeV_075,0.760940095819,4000.0,0.75
12,Zprime_4000GeV_030,0.866829044689,4000.0,0.3
13,Zprime_4000GeV_015,0.88214768637,4000.0,0.15
14,Zprime_3000GeV_030,0.858138148746,3000.0,0.3
15,Zprime_1500GeV_045,0.834291909405,1500.0,0.45
16,Zprime_3000GeV_075,0.770925401992,3000.0,0.75
17,Zprime_1500GeV_060,0.819896250678,1500.0,0.6
18,Zprime_3000GeV_015,0.878313707319,3000.0,0.15
19,Zprime_3500GeV_015,0.879534955924,3500.0,0.15
20,Zprime_3500GeV_030,0.8631093164,3500.0,0.3
21,Zprime_2000GeV_030,0.858512881042,2000.0,0.3
22,Zprime_2000GeV_015,0.872003119545,2000.0,0.15
23,Zprime_3500GeV_075,0.76505235454,3500.0,0.75
24,Zprime_3500GeV_045,0.834487516268,3500.0,0.45
25,Zprime_2500GeV_030,0.857623355577,2500.0,0.3
26,Zprime_2000GeV_060,0.812092037898,2000.0,0.6
27,Zprime_4000GeV_060,0.80545155427,4000.0,0.6
28,Zprime_2500GeV_075,0.774791517922,2500.0,0.75
29,Zprime_4000GeV_045,0.836787199679,4000.0,0.45
