,name,auc,mass,nu
0,Zprime_1500GeV_075,0.726506244612,1500.0,0.75
1,Zprime_1500GeV_015,0.818567869148,1500.0,0.15
2,Zprime_3000GeV_060,0.748752316846,3000.0,0.6
3,Zprime_1500GeV_030,0.803854516533,1500.0,0.3
4,Zprime_3000GeV_045,0.779028599762,3000.0,0.45
5,Zprime_2000GeV_045,0.785041981381,2000.0,0.45
6,Zprime_2500GeV_015,0.822794517086,2500.0,0.15
7,Zprime_3500GeV_060,0.7506768803,3500.0,0.6
8,Zprime_2500GeV_045,0.781164613,2500.0,0.45
9,Zprime_2000GeV_075,0.730278613474,2000.0,0.75
10,Zprime_2500GeV_060,0.75382029571,2500.0,0.6
11,Zprime_4000GeV_075,0.712226596474,4000.0,0.75
12,Zprime_4000GeV_030,0.813727950038,4000.0,0.3
13,Zprime_4000GeV_015,0.833113088502,4000.0,0.15
14,Zprime_3000GeV_030,0.801708158509,3000.0,0.3
15,Zprime_1500GeV_045,0.775973667698,1500.0,0.45
16,Zprime_3000GeV_075,0.716645550328,3000.0,0.75
17,Zprime_1500GeV_060,0.761037326624,1500.0,0.6
18,Zprime_3000GeV_015,0.824202396556,3000.0,0.15
19,Zprime_3500GeV_015,0.824753101084,3500.0,0.15
20,Zprime_3500GeV_030,0.806592807378,3500.0,0.3
21,Zprime_2000GeV_030,0.808361246796,2000.0,0.3
22,Zprime_2000GeV_015,0.824322639387,2000.0,0.15
23,Zprime_3500GeV_075,0.713982452172,3500.0,0.75
24,Zprime_3500GeV_045,0.779488111491,3500.0,0.45
25,Zprime_2500GeV_030,0.80359346641,2500.0,0.3
26,Zprime_2000GeV_060,0.757195562273,2000.0,0.6
27,Zprime_4000GeV_060,0.754322231807,4000.0,0.6
28,Zprime_2500GeV_075,0.718340625197,2500.0,0.75
29,Zprime_4000GeV_045,0.783483664526,4000.0,0.45
