,name,auc,mass,nu
0,Zprime_1500GeV_075,0.785460322975,1500.0,0.75
1,Zprime_1500GeV_015,0.863863522301,1500.0,0.15
2,Zprime_3000GeV_060,0.800231230068,3000.0,0.6
3,Zprime_1500GeV_030,0.851970180166,1500.0,0.3
4,Zprime_3000GeV_045,0.832473120175,3000.0,0.45
5,Zprime_2000GeV_045,0.836526644166,2000.0,0.45
6,Zprime_2500GeV_015,0.874198791244,2500.0,0.15
7,Zprime_3500GeV_060,0.799282954257,3500.0,0.6
8,Zprime_2500GeV_045,0.833520266974,2500.0,0.45
9,Zprime_2000GeV_075,0.782631251166,2000.0,0.75
10,Zprime_2500GeV_060,0.804591203651,2500.0,0.6
11,Zprime_4000GeV_075,0.755290161513,4000.0,0.75
12,Zprime_4000GeV_030,0.859983484479,4000.0,0.3
13,Zprime_4000GeV_015,0.874259259259,4000.0,0.15
14,Zprime_3000GeV_030,0.855135232434,3000.0,0.3
15,Zprime_1500GeV_045,0.832566294125,1500.0,0.45
16,Zprime_3000GeV_075,0.766994803878,3000.0,0.75
17,Zprime_1500GeV_060,0.815575586449,1500.0,0.6
18,Zprime_3000GeV_015,0.875918417079,3000.0,0.15
19,Zprime_3500GeV_015,0.874138817074,3500.0,0.15
20,Zprime_3500GeV_030,0.858145927809,3500.0,0.3
21,Zprime_2000GeV_030,0.858337296024,2000.0,0.3
22,Zprime_2000GeV_015,0.873178579803,2000.0,0.15
23,Zprime_3500GeV_075,0.760530322378,3500.0,0.75
24,Zprime_3500GeV_045,0.830660109942,3500.0,0.45
25,Zprime_2500GeV_030,0.856764627999,2500.0,0.3
26,Zprime_2000GeV_060,0.810753326394,2000.0,0.6
27,Zprime_4000GeV_060,0.799872950023,4000.0,0.6
28,Zprime_2500GeV_075,0.771372330442,2500.0,0.75
29,Zprime_4000GeV_045,0.830996850866,4000.0,0.45
