,name,auc,mass,nu
0,Zprime_1500GeV_075,0.738300876423,1500.0,0.75
1,Zprime_1500GeV_015,0.832344629427,1500.0,0.15
2,Zprime_3000GeV_060,0.763955600635,3000.0,0.6
3,Zprime_1500GeV_030,0.817243773966,1500.0,0.3
4,Zprime_3000GeV_045,0.793496283766,3000.0,0.45
5,Zprime_2000GeV_045,0.798959868754,2000.0,0.45
6,Zprime_2500GeV_015,0.833334477509,2500.0,0.15
7,Zprime_3500GeV_060,0.766781188904,3500.0,0.6
8,Zprime_2500GeV_045,0.794243621797,2500.0,0.45
9,Zprime_2000GeV_075,0.745396467291,2000.0,0.75
10,Zprime_2500GeV_060,0.765834842553,2500.0,0.6
11,Zprime_4000GeV_075,0.728718468646,4000.0,0.75
12,Zprime_4000GeV_030,0.829099919345,4000.0,0.3
13,Zprime_4000GeV_015,0.848438522502,4000.0,0.15
14,Zprime_3000GeV_030,0.815116859132,3000.0,0.3
15,Zprime_1500GeV_045,0.792416013677,1500.0,0.45
16,Zprime_3000GeV_075,0.731097953661,3000.0,0.75
17,Zprime_1500GeV_060,0.773222717078,1500.0,0.6
18,Zprime_3000GeV_015,0.835738366009,3000.0,0.15
19,Zprime_3500GeV_015,0.839785963247,3500.0,0.15
20,Zprime_3500GeV_030,0.822596068811,3500.0,0.3
21,Zprime_2000GeV_030,0.821728061578,2000.0,0.3
22,Zprime_2000GeV_015,0.837216313588,2000.0,0.15
23,Zprime_3500GeV_075,0.730305939655,3500.0,0.75
24,Zprime_3500GeV_045,0.795164682118,3500.0,0.45
25,Zprime_2500GeV_030,0.815990311448,2500.0,0.3
26,Zprime_2000GeV_060,0.770672512137,2000.0,0.6
27,Zprime_4000GeV_060,0.769091737969,4000.0,0.6
28,Zprime_2500GeV_075,0.732532920851,2500.0,0.75
29,Zprime_4000GeV_045,0.798694850631,4000.0,0.45
