,name,auc,mass,nu
0,Zprime_1500GeV_075,0.793991527596,1500.0,0.75
1,Zprime_1500GeV_015,0.865105594537,1500.0,0.15
2,Zprime_3000GeV_060,0.798798110933,3000.0,0.6
3,Zprime_1500GeV_030,0.853139389776,1500.0,0.3
4,Zprime_3000GeV_045,0.827906209136,3000.0,0.45
5,Zprime_2000GeV_045,0.834649585868,2000.0,0.45
6,Zprime_2500GeV_015,0.866067778705,2500.0,0.15
7,Zprime_3500GeV_060,0.797707909661,3500.0,0.6
8,Zprime_2500GeV_045,0.829385962004,2500.0,0.45
9,Zprime_2000GeV_075,0.789098887884,2000.0,0.75
10,Zprime_2500GeV_060,0.803752754015,2500.0,0.6
11,Zprime_4000GeV_075,0.758480046052,4000.0,0.75
12,Zprime_4000GeV_030,0.854905058867,4000.0,0.3
13,Zprime_4000GeV_015,0.86888093908,4000.0,0.15
14,Zprime_3000GeV_030,0.849172872812,3000.0,0.3
15,Zprime_1500GeV_045,0.833800483588,1500.0,0.45
16,Zprime_3000GeV_075,0.768598890965,3000.0,0.75
17,Zprime_1500GeV_060,0.820707186124,1500.0,0.6
18,Zprime_3000GeV_015,0.867034859435,3000.0,0.15
19,Zprime_3500GeV_015,0.866811703304,3500.0,0.15
20,Zprime_3500GeV_030,0.852215449987,3500.0,0.3
21,Zprime_2000GeV_030,0.853782858267,2000.0,0.3
22,Zprime_2000GeV_015,0.866108704405,2000.0,0.15
23,Zprime_3500GeV_075,0.761174819404,3500.0,0.75
24,Zprime_3500GeV_045,0.82541493559,3500.0,0.45
25,Zprime_2500GeV_030,0.849763578863,2500.0,0.3
26,Zprime_2000GeV_060,0.811793206594,2000.0,0.6
27,Zprime_4000GeV_060,0.798883408541,4000.0,0.6
28,Zprime_2500GeV_075,0.775236581078,2500.0,0.75
29,Zprime_4000GeV_045,0.826683677342,4000.0,0.45
