,name,auc,mass,nu
0,Zprime_1500GeV_075,0.755654786803,1500.0,0.75
1,Zprime_1500GeV_015,0.822405094112,1500.0,0.15
2,Zprime_3000GeV_060,0.755912357319,3000.0,0.6
3,Zprime_1500GeV_030,0.811250968596,1500.0,0.3
4,Zprime_3000GeV_045,0.775070163183,3000.0,0.45
5,Zprime_2000GeV_045,0.797729278909,2000.0,0.45
6,Zprime_2500GeV_015,0.811686636369,2500.0,0.15
7,Zprime_3500GeV_060,0.750117518824,3500.0,0.6
8,Zprime_2500GeV_045,0.782736660624,2500.0,0.45
9,Zprime_2000GeV_075,0.75833013762,2000.0,0.75
10,Zprime_2500GeV_060,0.763649825816,2500.0,0.6
11,Zprime_4000GeV_075,0.723416873139,4000.0,0.75
12,Zprime_4000GeV_030,0.795937470306,4000.0,0.3
13,Zprime_4000GeV_015,0.811492204003,4000.0,0.15
14,Zprime_3000GeV_030,0.792917645286,3000.0,0.3
15,Zprime_1500GeV_045,0.793889719492,1500.0,0.45
16,Zprime_3000GeV_075,0.736123054221,3000.0,0.75
17,Zprime_1500GeV_060,0.77817746091,1500.0,0.6
18,Zprime_3000GeV_015,0.809173231894,3000.0,0.15
19,Zprime_3500GeV_015,0.80784866486,3500.0,0.15
20,Zprime_3500GeV_030,0.794137332583,3500.0,0.3
21,Zprime_2000GeV_030,0.813194022094,2000.0,0.3
22,Zprime_2000GeV_015,0.824094300135,2000.0,0.15
23,Zprime_3500GeV_075,0.729005949033,3500.0,0.75
24,Zprime_3500GeV_045,0.772998514732,3500.0,0.45
25,Zprime_2500GeV_030,0.798366619347,2500.0,0.3
26,Zprime_2000GeV_060,0.775607221425,2000.0,0.6
27,Zprime_4000GeV_060,0.749751584839,4000.0,0.6
28,Zprime_2500GeV_075,0.740778280926,2500.0,0.75
29,Zprime_4000GeV_045,0.773562335245,4000.0,0.45
