,name,auc,mass,nu
0,Zprime_1500GeV_075,0.705638513865,1500.0,0.75
1,Zprime_1500GeV_015,0.802644972544,1500.0,0.15
2,Zprime_3000GeV_060,0.736234268778,3000.0,0.6
3,Zprime_1500GeV_030,0.78480812108,1500.0,0.3
4,Zprime_3000GeV_045,0.769139394696,3000.0,0.45
5,Zprime_2000GeV_045,0.76994357903,2000.0,0.45
6,Zprime_2500GeV_015,0.815573916026,2500.0,0.15
7,Zprime_3500GeV_060,0.736937221509,3500.0,0.6
8,Zprime_2500GeV_045,0.767774628122,2500.0,0.45
9,Zprime_2000GeV_075,0.71057742796,2000.0,0.75
10,Zprime_2500GeV_060,0.737022525467,2500.0,0.6
11,Zprime_4000GeV_075,0.695732341869,4000.0,0.75
12,Zprime_4000GeV_030,0.805049006508,4000.0,0.3
13,Zprime_4000GeV_015,0.827440700429,4000.0,0.15
14,Zprime_3000GeV_030,0.794247455575,3000.0,0.3
15,Zprime_1500GeV_045,0.756170249915,1500.0,0.45
16,Zprime_3000GeV_075,0.700463307682,3000.0,0.75
17,Zprime_1500GeV_060,0.734252459649,1500.0,0.6
18,Zprime_3000GeV_015,0.81626792522,3000.0,0.15
19,Zprime_3500GeV_015,0.820407668788,3500.0,0.15
20,Zprime_3500GeV_030,0.800176583126,3500.0,0.3
21,Zprime_2000GeV_030,0.793475442689,2000.0,0.3
22,Zprime_2000GeV_015,0.813537235414,2000.0,0.15
23,Zprime_3500GeV_075,0.699969410994,3500.0,0.75
24,Zprime_3500GeV_045,0.767945832191,3500.0,0.45
25,Zprime_2500GeV_030,0.793756530291,2500.0,0.3
26,Zprime_2000GeV_060,0.738178656915,2000.0,0.6
27,Zprime_4000GeV_060,0.740132906169,4000.0,0.6
28,Zprime_2500GeV_075,0.701350868383,2500.0,0.75
29,Zprime_4000GeV_045,0.773876194283,4000.0,0.45
