,name,auc,mass,nu
0,Zprime_1500GeV_075,0.758372037326,1500.0,0.75
1,Zprime_1500GeV_015,0.837317179858,1500.0,0.15
2,Zprime_3000GeV_060,0.77468428086,3000.0,0.6
3,Zprime_1500GeV_030,0.82567668051,1500.0,0.3
4,Zprime_3000GeV_045,0.801334683068,3000.0,0.45
5,Zprime_2000GeV_045,0.815486119332,2000.0,0.45
6,Zprime_2500GeV_015,0.844876947102,2500.0,0.15
7,Zprime_3500GeV_060,0.768519644611,3500.0,0.6
8,Zprime_2500GeV_045,0.806409116637,2500.0,0.45
9,Zprime_2000GeV_075,0.76267557923,2000.0,0.75
10,Zprime_2500GeV_060,0.780428361849,2500.0,0.6
11,Zprime_4000GeV_075,0.730496264805,4000.0,0.75
12,Zprime_4000GeV_030,0.823710085804,4000.0,0.3
13,Zprime_4000GeV_015,0.842537595331,4000.0,0.15
14,Zprime_3000GeV_030,0.822499526763,3000.0,0.3
15,Zprime_1500GeV_045,0.802730765374,1500.0,0.45
16,Zprime_3000GeV_075,0.745616879631,3000.0,0.75
17,Zprime_1500GeV_060,0.786580888221,1500.0,0.6
18,Zprime_3000GeV_015,0.841568677638,3000.0,0.15
19,Zprime_3500GeV_015,0.838285759172,3500.0,0.15
20,Zprime_3500GeV_030,0.822643990354,3500.0,0.3
21,Zprime_2000GeV_030,0.834091956858,2000.0,0.3
22,Zprime_2000GeV_015,0.849199671158,2000.0,0.15
23,Zprime_3500GeV_075,0.737483965036,3500.0,0.75
24,Zprime_3500GeV_045,0.796729862215,3500.0,0.45
25,Zprime_2500GeV_030,0.827104590386,2500.0,0.3
26,Zprime_2000GeV_060,0.789050160323,2000.0,0.6
27,Zprime_4000GeV_060,0.768396081266,4000.0,0.6
28,Zprime_2500GeV_075,0.748896659525,2500.0,0.75
29,Zprime_4000GeV_045,0.797217431791,4000.0,0.45
