,name,auc,mass,nu
0,Zprime_1500GeV_075,0.804247040214,1500.0,0.75
1,Zprime_1500GeV_015,0.876539770902,1500.0,0.15
2,Zprime_3000GeV_060,0.814785109934,3000.0,0.6
3,Zprime_1500GeV_030,0.864924572556,1500.0,0.3
4,Zprime_3000GeV_045,0.843112689114,3000.0,0.45
5,Zprime_2000GeV_045,0.850074684352,2000.0,0.45
6,Zprime_2500GeV_015,0.880852621173,2500.0,0.15
7,Zprime_3500GeV_060,0.812825161026,3500.0,0.6
8,Zprime_2500GeV_045,0.845166143213,2500.0,0.45
9,Zprime_2000GeV_075,0.800506927724,2000.0,0.75
10,Zprime_2500GeV_060,0.820063097852,2500.0,0.6
11,Zprime_4000GeV_075,0.775563965637,4000.0,0.75
12,Zprime_4000GeV_030,0.86848019607,4000.0,0.3
13,Zprime_4000GeV_015,0.883247795301,4000.0,0.15
14,Zprime_3000GeV_030,0.863698698571,3000.0,0.3
15,Zprime_1500GeV_045,0.848684178334,1500.0,0.45
16,Zprime_3000GeV_075,0.784739653712,3000.0,0.75
17,Zprime_1500GeV_060,0.832040101106,1500.0,0.6
18,Zprime_3000GeV_015,0.878940436302,3000.0,0.15
19,Zprime_3500GeV_015,0.880330716984,3500.0,0.15
20,Zprime_3500GeV_030,0.865170457032,3500.0,0.3
21,Zprime_2000GeV_030,0.868993813207,2000.0,0.3
22,Zprime_2000GeV_015,0.882259625109,2000.0,0.15
23,Zprime_3500GeV_075,0.780371620982,3500.0,0.75
24,Zprime_3500GeV_045,0.842916755738,3500.0,0.45
25,Zprime_2500GeV_030,0.864878794628,2500.0,0.3
26,Zprime_2000GeV_060,0.826785603326,2000.0,0.6
27,Zprime_4000GeV_060,0.813944355912,4000.0,0.6
28,Zprime_2500GeV_075,0.791763536554,2500.0,0.75
29,Zprime_4000GeV_045,0.843823224434,4000.0,0.45
