,name,auc,mass,nu
0,Zprime_1500GeV_075,0.742591151367,1500.0,0.75
1,Zprime_1500GeV_015,0.829706768677,1500.0,0.15
2,Zprime_3000GeV_060,0.775907237509,3000.0,0.6
3,Zprime_1500GeV_030,0.817715185529,1500.0,0.3
4,Zprime_3000GeV_045,0.810305306188,3000.0,0.45
5,Zprime_2000GeV_045,0.809696241776,2000.0,0.45
6,Zprime_2500GeV_015,0.850778188523,2500.0,0.15
7,Zprime_3500GeV_060,0.776653890065,3500.0,0.6
8,Zprime_2500GeV_045,0.809238891102,2500.0,0.45
9,Zprime_2000GeV_075,0.74936258393,2000.0,0.75
10,Zprime_2500GeV_060,0.779283905187,2500.0,0.6
11,Zprime_4000GeV_075,0.729685823893,4000.0,0.75
12,Zprime_4000GeV_030,0.843079193699,4000.0,0.3
13,Zprime_4000GeV_015,0.859174887608,4000.0,0.15
14,Zprime_3000GeV_030,0.83294740353,3000.0,0.3
15,Zprime_1500GeV_045,0.794885673072,1500.0,0.45
16,Zprime_3000GeV_075,0.736554157368,3000.0,0.75
17,Zprime_1500GeV_060,0.773112368888,1500.0,0.6
18,Zprime_3000GeV_015,0.853089961623,3000.0,0.15
19,Zprime_3500GeV_015,0.856058758728,3500.0,0.15
20,Zprime_3500GeV_030,0.838672465816,3500.0,0.3
21,Zprime_2000GeV_030,0.833130996064,2000.0,0.3
22,Zprime_2000GeV_015,0.848844158996,2000.0,0.15
23,Zprime_3500GeV_075,0.73594643919,3500.0,0.75
24,Zprime_3500GeV_045,0.808593945107,3500.0,0.45
25,Zprime_2500GeV_030,0.832665711305,2500.0,0.3
26,Zprime_2000GeV_060,0.780287617546,2000.0,0.6
27,Zprime_4000GeV_060,0.778274419014,4000.0,0.6
28,Zprime_2500GeV_075,0.739789828933,2500.0,0.75
29,Zprime_4000GeV_045,0.81256362401,4000.0,0.45
