,name,auc,mass,nu
0,Zprime_1500GeV_075,0.756043891514,1500.0,0.75
1,Zprime_1500GeV_015,0.836440570926,1500.0,0.15
2,Zprime_3000GeV_060,0.796460487507,3000.0,0.6
3,Zprime_1500GeV_030,0.825033483041,1500.0,0.3
4,Zprime_3000GeV_045,0.828847263137,3000.0,0.45
5,Zprime_2000GeV_045,0.821542580069,2000.0,0.45
6,Zprime_2500GeV_015,0.864291422996,2500.0,0.15
7,Zprime_3500GeV_060,0.79948025343,3500.0,0.6
8,Zprime_2500GeV_045,0.824038687524,2500.0,0.45
9,Zprime_2000GeV_075,0.759436740734,2000.0,0.75
10,Zprime_2500GeV_060,0.791140437219,2500.0,0.6
11,Zprime_4000GeV_075,0.756084507638,4000.0,0.75
12,Zprime_4000GeV_030,0.868472499178,4000.0,0.3
13,Zprime_4000GeV_015,0.882912764235,4000.0,0.15
14,Zprime_3000GeV_030,0.853158264415,3000.0,0.3
15,Zprime_1500GeV_045,0.796485973854,1500.0,0.45
16,Zprime_3000GeV_075,0.757290990979,3000.0,0.75
17,Zprime_1500GeV_060,0.778334080981,1500.0,0.6
18,Zprime_3000GeV_015,0.873121818179,3000.0,0.15
19,Zprime_3500GeV_015,0.879930027109,3500.0,0.15
20,Zprime_3500GeV_030,0.861135707932,3500.0,0.3
21,Zprime_2000GeV_030,0.842774405978,2000.0,0.3
22,Zprime_2000GeV_015,0.860610594161,2000.0,0.15
23,Zprime_3500GeV_075,0.75845574562,3500.0,0.75
24,Zprime_3500GeV_045,0.836072546489,3500.0,0.45
25,Zprime_2500GeV_030,0.846089433537,2500.0,0.3
26,Zprime_2000GeV_060,0.79128695213,2000.0,0.6
27,Zprime_4000GeV_060,0.805089364703,4000.0,0.6
28,Zprime_2500GeV_075,0.754302241355,2500.0,0.75
29,Zprime_4000GeV_045,0.838527782569,4000.0,0.45
