,name,auc,mass,nu
0,Zprime_1500GeV_075,0.736634412917,1500.0,0.75
1,Zprime_1500GeV_015,0.831865316876,1500.0,0.15
2,Zprime_3000GeV_060,0.763219604565,3000.0,0.6
3,Zprime_1500GeV_030,0.818354424124,1500.0,0.3
4,Zprime_3000GeV_045,0.794107047011,3000.0,0.45
5,Zprime_2000GeV_045,0.798259180776,2000.0,0.45
6,Zprime_2500GeV_015,0.84000062803,2500.0,0.15
7,Zprime_3500GeV_060,0.761989480938,3500.0,0.6
8,Zprime_2500GeV_045,0.795409757007,2500.0,0.45
9,Zprime_2000GeV_075,0.741059513813,2000.0,0.75
10,Zprime_2500GeV_060,0.764060822431,2500.0,0.6
11,Zprime_4000GeV_075,0.720803287198,4000.0,0.75
12,Zprime_4000GeV_030,0.821531929963,4000.0,0.3
13,Zprime_4000GeV_015,0.836825870881,4000.0,0.15
14,Zprime_3000GeV_030,0.816177851194,3000.0,0.3
15,Zprime_1500GeV_045,0.791318537175,1500.0,0.45
16,Zprime_3000GeV_075,0.728225922555,3000.0,0.75
17,Zprime_1500GeV_060,0.771913846466,1500.0,0.6
18,Zprime_3000GeV_015,0.836892146765,3000.0,0.15
19,Zprime_3500GeV_015,0.834085784706,3500.0,0.15
20,Zprime_3500GeV_030,0.81886129054,3500.0,0.3
21,Zprime_2000GeV_030,0.823742117355,2000.0,0.3
22,Zprime_2000GeV_015,0.841639195646,2000.0,0.15
23,Zprime_3500GeV_075,0.724898213416,3500.0,0.75
24,Zprime_3500GeV_045,0.790006051588,3500.0,0.45
25,Zprime_2500GeV_030,0.820830759074,2500.0,0.3
26,Zprime_2000GeV_060,0.76931528379,2000.0,0.6
27,Zprime_4000GeV_060,0.763407793127,4000.0,0.6
28,Zprime_2500GeV_075,0.729116121074,2500.0,0.75
29,Zprime_4000GeV_045,0.792839411584,4000.0,0.45
