,name,auc,mass,nu
0,Zprime_1500GeV_075,0.827996335459,1500.0,0.75
1,Zprime_1500GeV_015,0.894283929451,1500.0,0.15
2,Zprime_3000GeV_060,0.841764739323,3000.0,0.6
3,Zprime_1500GeV_030,0.884621086866,1500.0,0.3
4,Zprime_3000GeV_045,0.871369406607,3000.0,0.45
5,Zprime_2000GeV_045,0.875812366486,2000.0,0.45
6,Zprime_2500GeV_015,0.907595605797,2500.0,0.15
7,Zprime_3500GeV_060,0.83765348522,3500.0,0.6
8,Zprime_2500GeV_045,0.872863173411,2500.0,0.45
9,Zprime_2000GeV_075,0.822645495104,2000.0,0.75
10,Zprime_2500GeV_060,0.846056632235,2500.0,0.6
11,Zprime_4000GeV_075,0.790719753843,4000.0,0.75
12,Zprime_4000GeV_030,0.893231784343,4000.0,0.3
13,Zprime_4000GeV_015,0.905492117378,4000.0,0.15
14,Zprime_3000GeV_030,0.891217650243,3000.0,0.3
15,Zprime_1500GeV_045,0.867410732884,1500.0,0.45
16,Zprime_3000GeV_075,0.806985958816,3000.0,0.75
17,Zprime_1500GeV_060,0.849596039057,1500.0,0.6
18,Zprime_3000GeV_015,0.908238787805,3000.0,0.15
19,Zprime_3500GeV_015,0.907067636643,3500.0,0.15
20,Zprime_3500GeV_030,0.892956375231,3500.0,0.3
21,Zprime_2000GeV_030,0.894744391043,2000.0,0.3
22,Zprime_2000GeV_015,0.907839834692,2000.0,0.15
23,Zprime_3500GeV_075,0.800735416346,3500.0,0.75
24,Zprime_3500GeV_045,0.869317682956,3500.0,0.45
25,Zprime_2500GeV_030,0.892098681451,2500.0,0.3
26,Zprime_2000GeV_060,0.850091390135,2000.0,0.6
27,Zprime_4000GeV_060,0.835946803951,4000.0,0.6
28,Zprime_2500GeV_075,0.81204970052,2500.0,0.75
29,Zprime_4000GeV_045,0.867935534951,4000.0,0.45
