,name,auc,mass,nu
0,Zprime_1500GeV_075,0.715888133338,1500.0,0.75
1,Zprime_1500GeV_015,0.800752057064,1500.0,0.15
2,Zprime_3000GeV_060,0.731442087105,3000.0,0.6
3,Zprime_1500GeV_030,0.786909114136,1500.0,0.3
4,Zprime_3000GeV_045,0.760639979967,3000.0,0.45
5,Zprime_2000GeV_045,0.776054033955,2000.0,0.45
6,Zprime_2500GeV_015,0.806723184353,2500.0,0.15
7,Zprime_3500GeV_060,0.72501493865,3500.0,0.6
8,Zprime_2500GeV_045,0.766564448682,2500.0,0.45
9,Zprime_2000GeV_075,0.721577161788,2000.0,0.75
10,Zprime_2500GeV_060,0.739253348936,2500.0,0.6
11,Zprime_4000GeV_075,0.686065104108,4000.0,0.75
12,Zprime_4000GeV_030,0.787737587557,4000.0,0.3
13,Zprime_4000GeV_015,0.809112325921,4000.0,0.15
14,Zprime_3000GeV_030,0.784165996153,3000.0,0.3
15,Zprime_1500GeV_045,0.763814297107,1500.0,0.45
16,Zprime_3000GeV_075,0.702214880063,3000.0,0.75
17,Zprime_1500GeV_060,0.743382019697,1500.0,0.6
18,Zprime_3000GeV_015,0.806497689666,3000.0,0.15
19,Zprime_3500GeV_015,0.806175645367,3500.0,0.15
20,Zprime_3500GeV_030,0.785319958847,3500.0,0.3
21,Zprime_2000GeV_030,0.797442400196,2000.0,0.3
22,Zprime_2000GeV_015,0.813826900823,2000.0,0.15
23,Zprime_3500GeV_075,0.693882858381,3500.0,0.75
24,Zprime_3500GeV_045,0.75649615014,3500.0,0.45
25,Zprime_2500GeV_030,0.789073940504,2500.0,0.3
26,Zprime_2000GeV_060,0.750495828008,2000.0,0.6
27,Zprime_4000GeV_060,0.725616594094,4000.0,0.6
28,Zprime_2500GeV_075,0.707238161758,2500.0,0.75
29,Zprime_4000GeV_045,0.756254872351,4000.0,0.45
