,name,auc,mass,nu
0,Zprime_1500GeV_075,0.715422823715,1500.0,0.75
1,Zprime_1500GeV_015,0.796326676968,1500.0,0.15
2,Zprime_3000GeV_060,0.738793812552,3000.0,0.6
3,Zprime_1500GeV_030,0.789769095084,1500.0,0.3
4,Zprime_3000GeV_045,0.770149726405,3000.0,0.45
5,Zprime_2000GeV_045,0.774633775923,2000.0,0.45
6,Zprime_2500GeV_015,0.813027035578,2500.0,0.15
7,Zprime_3500GeV_060,0.738695432284,3500.0,0.6
8,Zprime_2500GeV_045,0.770185919539,2500.0,0.45
9,Zprime_2000GeV_075,0.722534277411,2000.0,0.75
10,Zprime_2500GeV_060,0.741833348635,2500.0,0.6
11,Zprime_4000GeV_075,0.70138174737,4000.0,0.75
12,Zprime_4000GeV_030,0.803473920093,4000.0,0.3
13,Zprime_4000GeV_015,0.825226254081,4000.0,0.15
14,Zprime_3000GeV_030,0.794424451284,3000.0,0.3
15,Zprime_1500GeV_045,0.758906635634,1500.0,0.45
16,Zprime_3000GeV_075,0.707211248844,3000.0,0.75
17,Zprime_1500GeV_060,0.744587901573,1500.0,0.6
18,Zprime_3000GeV_015,0.815061689908,3000.0,0.15
19,Zprime_3500GeV_015,0.818251464851,3500.0,0.15
20,Zprime_3500GeV_030,0.799408768543,3500.0,0.3
21,Zprime_2000GeV_030,0.795313222141,2000.0,0.3
22,Zprime_2000GeV_015,0.813646104361,2000.0,0.15
23,Zprime_3500GeV_075,0.705419885899,3500.0,0.75
24,Zprime_3500GeV_045,0.770506856184,3500.0,0.45
25,Zprime_2500GeV_030,0.79355785336,2500.0,0.3
26,Zprime_2000GeV_060,0.746283334565,2000.0,0.6
27,Zprime_4000GeV_060,0.741099132494,4000.0,0.6
28,Zprime_2500GeV_075,0.709149449245,2500.0,0.75
29,Zprime_4000GeV_045,0.774320372962,4000.0,0.45
