,name,auc,mass,nu
0,Zprime_1500GeV_075,0.806640888043,1500.0,0.75
1,Zprime_1500GeV_015,0.878747477572,1500.0,0.15
2,Zprime_3000GeV_060,0.816121027655,3000.0,0.6
3,Zprime_1500GeV_030,0.8684902693,1500.0,0.3
4,Zprime_3000GeV_045,0.844766944748,3000.0,0.45
5,Zprime_2000GeV_045,0.852872434555,2000.0,0.45
6,Zprime_2500GeV_015,0.881556388179,2500.0,0.15
7,Zprime_3500GeV_060,0.814778772864,3500.0,0.6
8,Zprime_2500GeV_045,0.846762954955,2500.0,0.45
9,Zprime_2000GeV_075,0.80650358896,2000.0,0.75
10,Zprime_2500GeV_060,0.822044208294,2500.0,0.6
11,Zprime_4000GeV_075,0.775718151565,4000.0,0.75
12,Zprime_4000GeV_030,0.872325669994,4000.0,0.3
13,Zprime_4000GeV_015,0.885781096849,4000.0,0.15
14,Zprime_3000GeV_030,0.865750816128,3000.0,0.3
15,Zprime_1500GeV_045,0.852579182963,1500.0,0.45
16,Zprime_3000GeV_075,0.785136062003,3000.0,0.75
17,Zprime_1500GeV_060,0.834242354847,1500.0,0.6
18,Zprime_3000GeV_015,0.883383784533,3000.0,0.15
19,Zprime_3500GeV_015,0.884430245039,3500.0,0.15
20,Zprime_3500GeV_030,0.869097783177,3500.0,0.3
21,Zprime_2000GeV_030,0.871094645975,2000.0,0.3
22,Zprime_2000GeV_015,0.884800595719,2000.0,0.15
23,Zprime_3500GeV_075,0.780072571062,3500.0,0.75
24,Zprime_3500GeV_045,0.845392173821,3500.0,0.45
25,Zprime_2500GeV_030,0.866618851633,2500.0,0.3
26,Zprime_2000GeV_060,0.829693171135,2000.0,0.6
27,Zprime_4000GeV_060,0.816108855288,4000.0,0.6
28,Zprime_2500GeV_075,0.791590009979,2500.0,0.75
29,Zprime_4000GeV_045,0.846945053634,4000.0,0.45
