,name,auc,mass,nu
0,Zprime_1500GeV_075,0.792215410406,1500.0,0.75
1,Zprime_1500GeV_015,0.862369555689,1500.0,0.15
2,Zprime_3000GeV_060,0.812027059477,3000.0,0.6
3,Zprime_1500GeV_030,0.84895216622,1500.0,0.3
4,Zprime_3000GeV_045,0.835459020496,3000.0,0.45
5,Zprime_2000GeV_045,0.843803555971,2000.0,0.45
6,Zprime_2500GeV_015,0.86790966308,2500.0,0.15
7,Zprime_3500GeV_060,0.808639416341,3500.0,0.6
8,Zprime_2500GeV_045,0.837146405722,2500.0,0.45
9,Zprime_2000GeV_075,0.796953960974,2000.0,0.75
10,Zprime_2500GeV_060,0.814309262425,2500.0,0.6
11,Zprime_4000GeV_075,0.777419021657,4000.0,0.75
12,Zprime_4000GeV_030,0.86275195631,4000.0,0.3
13,Zprime_4000GeV_015,0.874129550942,4000.0,0.15
14,Zprime_3000GeV_030,0.854164671207,3000.0,0.3
15,Zprime_1500GeV_045,0.828142447193,1500.0,0.45
16,Zprime_3000GeV_075,0.782805791714,3000.0,0.75
17,Zprime_1500GeV_060,0.811907988669,1500.0,0.6
18,Zprime_3000GeV_015,0.871615303763,3000.0,0.15
19,Zprime_3500GeV_015,0.873461051868,3500.0,0.15
20,Zprime_3500GeV_030,0.859143926579,3500.0,0.3
21,Zprime_2000GeV_030,0.861547835499,2000.0,0.3
22,Zprime_2000GeV_015,0.873250215614,2000.0,0.15
23,Zprime_3500GeV_075,0.780616446569,3500.0,0.75
24,Zprime_3500GeV_045,0.836749586172,3500.0,0.45
25,Zprime_2500GeV_030,0.854051480359,2500.0,0.3
26,Zprime_2000GeV_060,0.817740180999,2000.0,0.6
27,Zprime_4000GeV_060,0.810702562397,4000.0,0.6
28,Zprime_2500GeV_075,0.787629084583,2500.0,0.75
29,Zprime_4000GeV_045,0.837928908677,4000.0,0.45
