,name,auc,mass,nu
0,Zprime_1500GeV_075,0.734918604145,1500.0,0.75
1,Zprime_1500GeV_015,0.825718295837,1500.0,0.15
2,Zprime_3000GeV_060,0.759247429819,3000.0,0.6
3,Zprime_1500GeV_030,0.811489417691,1500.0,0.3
4,Zprime_3000GeV_045,0.78921651321,3000.0,0.45
5,Zprime_2000GeV_045,0.793396874641,2000.0,0.45
6,Zprime_2500GeV_015,0.830288827095,2500.0,0.15
7,Zprime_3500GeV_060,0.761034588735,3500.0,0.6
8,Zprime_2500GeV_045,0.789960409909,2500.0,0.45
9,Zprime_2000GeV_075,0.740811004296,2000.0,0.75
10,Zprime_2500GeV_060,0.761482793935,2500.0,0.6
11,Zprime_4000GeV_075,0.723419699993,4000.0,0.75
12,Zprime_4000GeV_030,0.820000180107,4000.0,0.3
13,Zprime_4000GeV_015,0.837433650985,4000.0,0.15
14,Zprime_3000GeV_030,0.810322229458,3000.0,0.3
15,Zprime_1500GeV_045,0.787383174899,1500.0,0.45
16,Zprime_3000GeV_075,0.727276302145,3000.0,0.75
17,Zprime_1500GeV_060,0.767863421366,1500.0,0.6
18,Zprime_3000GeV_015,0.830796446132,3000.0,0.15
19,Zprime_3500GeV_015,0.831832731144,3500.0,0.15
20,Zprime_3500GeV_030,0.816003194703,3500.0,0.3
21,Zprime_2000GeV_030,0.817191525746,2000.0,0.3
22,Zprime_2000GeV_015,0.833097184115,2000.0,0.15
23,Zprime_3500GeV_075,0.724948642825,3500.0,0.75
24,Zprime_3500GeV_045,0.788461137576,3500.0,0.45
25,Zprime_2500GeV_030,0.812618218106,2500.0,0.3
26,Zprime_2000GeV_060,0.766081339868,2000.0,0.6
27,Zprime_4000GeV_060,0.762436197928,4000.0,0.6
28,Zprime_2500GeV_075,0.729342271147,2500.0,0.75
29,Zprime_4000GeV_045,0.791088401367,4000.0,0.45
