,name,auc,mass,nu
0,Zprime_1500GeV_075,0.790515082863,1500.0,0.75
1,Zprime_1500GeV_015,0.862508113127,1500.0,0.15
2,Zprime_3000GeV_060,0.796740458259,3000.0,0.6
3,Zprime_1500GeV_030,0.85161119797,1500.0,0.3
4,Zprime_3000GeV_045,0.827374399439,3000.0,0.45
5,Zprime_2000GeV_045,0.833041982352,2000.0,0.45
6,Zprime_2500GeV_015,0.865668632852,2500.0,0.15
7,Zprime_3500GeV_060,0.794468059063,3500.0,0.6
8,Zprime_2500GeV_045,0.828854092873,2500.0,0.45
9,Zprime_2000GeV_075,0.785288712868,2000.0,0.75
10,Zprime_2500GeV_060,0.801953385885,2500.0,0.6
11,Zprime_4000GeV_075,0.753605240886,4000.0,0.75
12,Zprime_4000GeV_030,0.852163322661,4000.0,0.3
13,Zprime_4000GeV_015,0.865351684398,4000.0,0.15
14,Zprime_3000GeV_030,0.848334166878,3000.0,0.3
15,Zprime_1500GeV_045,0.833940809301,1500.0,0.45
16,Zprime_3000GeV_075,0.766147957684,3000.0,0.75
17,Zprime_1500GeV_060,0.817914933179,1500.0,0.6
18,Zprime_3000GeV_015,0.866524369966,3000.0,0.15
19,Zprime_3500GeV_015,0.86524389843,3500.0,0.15
20,Zprime_3500GeV_030,0.849947869501,3500.0,0.3
21,Zprime_2000GeV_030,0.85337030432,2000.0,0.3
22,Zprime_2000GeV_015,0.865250738982,2000.0,0.15
23,Zprime_3500GeV_075,0.758294066323,3500.0,0.75
24,Zprime_3500GeV_045,0.823749147001,3500.0,0.45
25,Zprime_2500GeV_030,0.849420236345,2500.0,0.3
26,Zprime_2000GeV_060,0.809504848996,2000.0,0.6
27,Zprime_4000GeV_060,0.796028387452,4000.0,0.6
28,Zprime_2500GeV_075,0.772095082461,2500.0,0.75
29,Zprime_4000GeV_045,0.824741085998,4000.0,0.45
