,name,auc,mass,nu
0,Zprime_1500GeV_075,0.714385734985,1500.0,0.75
1,Zprime_1500GeV_015,0.804894385902,1500.0,0.15
2,Zprime_3000GeV_060,0.746633002155,3000.0,0.6
3,Zprime_1500GeV_030,0.789896496434,1500.0,0.3
4,Zprime_3000GeV_045,0.777870237065,3000.0,0.45
5,Zprime_2000GeV_045,0.77299336374,2000.0,0.45
6,Zprime_2500GeV_015,0.816571783651,2500.0,0.15
7,Zprime_3500GeV_060,0.751047974604,3500.0,0.6
8,Zprime_2500GeV_045,0.773228613012,2500.0,0.45
9,Zprime_2000GeV_075,0.719989603151,2000.0,0.75
10,Zprime_2500GeV_060,0.745374068102,2500.0,0.6
11,Zprime_4000GeV_075,0.714455789266,4000.0,0.75
12,Zprime_4000GeV_030,0.817372343848,4000.0,0.3
13,Zprime_4000GeV_015,0.834866186745,4000.0,0.15
14,Zprime_3000GeV_030,0.803023976834,3000.0,0.3
15,Zprime_1500GeV_045,0.76572478014,1500.0,0.45
16,Zprime_3000GeV_075,0.712328547064,3000.0,0.75
17,Zprime_1500GeV_060,0.747787464829,1500.0,0.6
18,Zprime_3000GeV_015,0.826396315137,3000.0,0.15
19,Zprime_3500GeV_015,0.830572152406,3500.0,0.15
20,Zprime_3500GeV_030,0.812495134498,3500.0,0.3
21,Zprime_2000GeV_030,0.795550782883,2000.0,0.3
22,Zprime_2000GeV_015,0.812691627963,2000.0,0.15
23,Zprime_3500GeV_075,0.712792440556,3500.0,0.75
24,Zprime_3500GeV_045,0.781905341073,3500.0,0.45
25,Zprime_2500GeV_030,0.796885339895,2500.0,0.3
26,Zprime_2000GeV_060,0.746134883612,2000.0,0.6
27,Zprime_4000GeV_060,0.755067311476,4000.0,0.6
28,Zprime_2500GeV_075,0.711078740215,2500.0,0.75
29,Zprime_4000GeV_045,0.78746632373,4000.0,0.45
