,name,auc,mass,nu
0,Zprime_1500GeV_075,0.785896193065,1500.0,0.75
1,Zprime_1500GeV_015,0.866080334116,1500.0,0.15
2,Zprime_3000GeV_060,0.812726815901,3000.0,0.6
3,Zprime_1500GeV_030,0.848901069704,1500.0,0.3
4,Zprime_3000GeV_045,0.839246975032,3000.0,0.45
5,Zprime_2000GeV_045,0.846434210739,2000.0,0.45
6,Zprime_2500GeV_015,0.875849410787,2500.0,0.15
7,Zprime_3500GeV_060,0.810468057796,3500.0,0.6
8,Zprime_2500GeV_045,0.839626051752,2500.0,0.45
9,Zprime_2000GeV_075,0.791627799795,2000.0,0.75
10,Zprime_2500GeV_060,0.813237265097,2500.0,0.6
11,Zprime_4000GeV_075,0.773112402059,4000.0,0.75
12,Zprime_4000GeV_030,0.870013246782,4000.0,0.3
13,Zprime_4000GeV_015,0.884455126041,4000.0,0.15
14,Zprime_3000GeV_030,0.859759869476,3000.0,0.3
15,Zprime_1500GeV_045,0.825932525763,1500.0,0.45
16,Zprime_3000GeV_075,0.780211221791,3000.0,0.75
17,Zprime_1500GeV_060,0.809542818979,1500.0,0.6
18,Zprime_3000GeV_015,0.878792221197,3000.0,0.15
19,Zprime_3500GeV_015,0.881311257536,3500.0,0.15
20,Zprime_3500GeV_030,0.86588204742,3500.0,0.3
21,Zprime_2000GeV_030,0.86428153797,2000.0,0.3
22,Zprime_2000GeV_015,0.878731179344,2000.0,0.15
23,Zprime_3500GeV_075,0.778614795854,3500.0,0.75
24,Zprime_3500GeV_045,0.840830686863,3500.0,0.45
25,Zprime_2500GeV_030,0.859218171352,2500.0,0.3
26,Zprime_2000GeV_060,0.819537296186,2000.0,0.6
27,Zprime_4000GeV_060,0.812295881106,4000.0,0.6
28,Zprime_2500GeV_075,0.782333126856,2500.0,0.75
29,Zprime_4000GeV_045,0.843204954942,4000.0,0.45
