,name,auc,mass,nu
0,Zprime_1500GeV_075,0.806307349139,1500.0,0.75
1,Zprime_1500GeV_015,0.875023426538,1500.0,0.15
2,Zprime_3000GeV_060,0.812321817728,3000.0,0.6
3,Zprime_1500GeV_030,0.865871141998,1500.0,0.3
4,Zprime_3000GeV_045,0.841477174815,3000.0,0.45
5,Zprime_2000GeV_045,0.848796881612,2000.0,0.45
6,Zprime_2500GeV_015,0.879843894849,2500.0,0.15
7,Zprime_3500GeV_060,0.810676036962,3500.0,0.6
8,Zprime_2500GeV_045,0.842592467815,2500.0,0.45
9,Zprime_2000GeV_075,0.801790720589,2000.0,0.75
10,Zprime_2500GeV_060,0.818065694662,2500.0,0.6
11,Zprime_4000GeV_075,0.774594076065,4000.0,0.75
12,Zprime_4000GeV_030,0.867294568967,4000.0,0.3
13,Zprime_4000GeV_015,0.881348568591,4000.0,0.15
14,Zprime_3000GeV_030,0.862136370709,3000.0,0.3
15,Zprime_1500GeV_045,0.849613135932,1500.0,0.45
16,Zprime_3000GeV_075,0.78419671509,3000.0,0.75
17,Zprime_1500GeV_060,0.83614359059,1500.0,0.6
18,Zprime_3000GeV_015,0.879975214738,3000.0,0.15
19,Zprime_3500GeV_015,0.878873325909,3500.0,0.15
20,Zprime_3500GeV_030,0.864086535085,3500.0,0.3
21,Zprime_2000GeV_030,0.867002155422,2000.0,0.3
22,Zprime_2000GeV_015,0.88004854157,2000.0,0.15
23,Zprime_3500GeV_075,0.779304070966,3500.0,0.75
24,Zprime_3500GeV_045,0.840801253645,3500.0,0.45
25,Zprime_2500GeV_030,0.863423756022,2500.0,0.3
26,Zprime_2000GeV_060,0.825869357222,2000.0,0.6
27,Zprime_4000GeV_060,0.812181864089,4000.0,0.6
28,Zprime_2500GeV_075,0.788650861644,2500.0,0.75
29,Zprime_4000GeV_045,0.842046639813,4000.0,0.45
