,name,auc,mass,nu
0,Zprime_1500GeV_075,0.74085124618,1500.0,0.75
1,Zprime_1500GeV_015,0.832552068391,1500.0,0.15
2,Zprime_3000GeV_060,0.759580316437,3000.0,0.6
3,Zprime_1500GeV_030,0.819611765179,1500.0,0.3
4,Zprime_3000GeV_045,0.78907005767,3000.0,0.45
5,Zprime_2000GeV_045,0.797964692412,2000.0,0.45
6,Zprime_2500GeV_015,0.833365395699,2500.0,0.15
7,Zprime_3500GeV_060,0.759502011212,3500.0,0.6
8,Zprime_2500GeV_045,0.793439847075,2500.0,0.45
9,Zprime_2000GeV_075,0.740658750749,2000.0,0.75
10,Zprime_2500GeV_060,0.764034016113,2500.0,0.6
11,Zprime_4000GeV_075,0.721579518951,4000.0,0.75
12,Zprime_4000GeV_030,0.81851152373,4000.0,0.3
13,Zprime_4000GeV_015,0.837488354945,4000.0,0.15
14,Zprime_3000GeV_030,0.810414278011,3000.0,0.3
15,Zprime_1500GeV_045,0.792364246133,1500.0,0.45
16,Zprime_3000GeV_075,0.72617042952,3000.0,0.75
17,Zprime_1500GeV_060,0.77555770265,1500.0,0.6
18,Zprime_3000GeV_015,0.829777960497,3000.0,0.15
19,Zprime_3500GeV_015,0.829152102353,3500.0,0.15
20,Zprime_3500GeV_030,0.812676798757,3500.0,0.3
21,Zprime_2000GeV_030,0.822344470353,2000.0,0.3
22,Zprime_2000GeV_015,0.838215596204,2000.0,0.15
23,Zprime_3500GeV_075,0.724493706879,3500.0,0.75
24,Zprime_3500GeV_045,0.787560014729,3500.0,0.45
25,Zprime_2500GeV_030,0.815152274662,2500.0,0.3
26,Zprime_2000GeV_060,0.769618981459,2000.0,0.6
27,Zprime_4000GeV_060,0.762477014289,4000.0,0.6
28,Zprime_2500GeV_075,0.728527537148,2500.0,0.75
29,Zprime_4000GeV_045,0.790805098192,4000.0,0.45
