,name,auc,mass,nu
0,Zprime_1500GeV_075,0.705275077073,1500.0,0.75
1,Zprime_1500GeV_015,0.803222625322,1500.0,0.15
2,Zprime_3000GeV_060,0.735544748147,3000.0,0.6
3,Zprime_1500GeV_030,0.787460566692,1500.0,0.3
4,Zprime_3000GeV_045,0.770249365802,3000.0,0.45
5,Zprime_2000GeV_045,0.77047310341,2000.0,0.45
6,Zprime_2500GeV_015,0.813864047218,2500.0,0.15
7,Zprime_3500GeV_060,0.739172512242,3500.0,0.6
8,Zprime_2500GeV_045,0.767817333837,2500.0,0.45
9,Zprime_2000GeV_075,0.712963700338,2000.0,0.75
10,Zprime_2500GeV_060,0.737208669014,2500.0,0.6
11,Zprime_4000GeV_075,0.698731201361,4000.0,0.75
12,Zprime_4000GeV_030,0.808882432792,4000.0,0.3
13,Zprime_4000GeV_015,0.831241820837,4000.0,0.15
14,Zprime_3000GeV_030,0.794772313363,3000.0,0.3
15,Zprime_1500GeV_045,0.758706848128,1500.0,0.45
16,Zprime_3000GeV_075,0.699308895399,3000.0,0.75
17,Zprime_1500GeV_060,0.738762496243,1500.0,0.6
18,Zprime_3000GeV_015,0.818812607016,3000.0,0.15
19,Zprime_3500GeV_015,0.822442439326,3500.0,0.15
20,Zprime_3500GeV_030,0.803670388747,3500.0,0.3
21,Zprime_2000GeV_030,0.793504856671,2000.0,0.3
22,Zprime_2000GeV_015,0.812738837248,2000.0,0.15
23,Zprime_3500GeV_075,0.698401867485,3500.0,0.75
24,Zprime_3500GeV_045,0.771311994102,3500.0,0.45
25,Zprime_2500GeV_030,0.793071251486,2500.0,0.3
26,Zprime_2000GeV_060,0.740952713191,2000.0,0.6
27,Zprime_4000GeV_060,0.744068500483,4000.0,0.6
28,Zprime_2500GeV_075,0.699124803716,2500.0,0.75
29,Zprime_4000GeV_045,0.776233031694,4000.0,0.45
