,name,auc,mass,nu
0,Zprime_1500GeV_075,0.79424634718,1500.0,0.75
1,Zprime_1500GeV_015,0.864134161686,1500.0,0.15
2,Zprime_3000GeV_060,0.812656774745,3000.0,0.6
3,Zprime_1500GeV_030,0.851681527766,1500.0,0.3
4,Zprime_3000GeV_045,0.836804341665,3000.0,0.45
5,Zprime_2000GeV_045,0.8451375837,2000.0,0.45
6,Zprime_2500GeV_015,0.868720554289,2500.0,0.15
7,Zprime_3500GeV_060,0.809165387745,3500.0,0.6
8,Zprime_2500GeV_045,0.838406410795,2500.0,0.45
9,Zprime_2000GeV_075,0.79747146153,2000.0,0.75
10,Zprime_2500GeV_060,0.816012086606,2500.0,0.6
11,Zprime_4000GeV_075,0.777100846283,4000.0,0.75
12,Zprime_4000GeV_030,0.86488477523,4000.0,0.3
13,Zprime_4000GeV_015,0.877040478203,4000.0,0.15
14,Zprime_3000GeV_030,0.855337200616,3000.0,0.3
15,Zprime_1500GeV_045,0.830397019104,1500.0,0.45
16,Zprime_3000GeV_075,0.783019379304,3000.0,0.75
17,Zprime_1500GeV_060,0.814215068829,1500.0,0.6
18,Zprime_3000GeV_015,0.872446385082,3000.0,0.15
19,Zprime_3500GeV_015,0.875119048151,3500.0,0.15
20,Zprime_3500GeV_030,0.860720234851,3500.0,0.3
21,Zprime_2000GeV_030,0.863509504584,2000.0,0.3
22,Zprime_2000GeV_015,0.874442921528,2000.0,0.15
23,Zprime_3500GeV_075,0.78020783242,3500.0,0.75
24,Zprime_3500GeV_045,0.838307041338,3500.0,0.45
25,Zprime_2500GeV_030,0.854973322535,2500.0,0.3
26,Zprime_2000GeV_060,0.819803501938,2000.0,0.6
27,Zprime_4000GeV_060,0.812584383048,4000.0,0.6
28,Zprime_2500GeV_075,0.788612584513,2500.0,0.75
29,Zprime_4000GeV_045,0.839674271086,4000.0,0.45
