,name,auc,mass,nu
0,Zprime_1500GeV_075,0.741613373866,1500.0,0.75
1,Zprime_1500GeV_015,0.835161589085,1500.0,0.15
2,Zprime_3000GeV_060,0.764807827982,3000.0,0.6
3,Zprime_1500GeV_030,0.819681630006,1500.0,0.3
4,Zprime_3000GeV_045,0.795572901304,3000.0,0.45
5,Zprime_2000GeV_045,0.800630479933,2000.0,0.45
6,Zprime_2500GeV_015,0.835243810013,2500.0,0.15
7,Zprime_3500GeV_060,0.766720072835,3500.0,0.6
8,Zprime_2500GeV_045,0.795306930087,2500.0,0.45
9,Zprime_2000GeV_075,0.746346980519,2000.0,0.75
10,Zprime_2500GeV_060,0.766931398537,2500.0,0.6
11,Zprime_4000GeV_075,0.728066615679,4000.0,0.75
12,Zprime_4000GeV_030,0.830311081214,4000.0,0.3
13,Zprime_4000GeV_015,0.849012712873,4000.0,0.15
14,Zprime_3000GeV_030,0.817430125891,3000.0,0.3
15,Zprime_1500GeV_045,0.794694940313,1500.0,0.45
16,Zprime_3000GeV_075,0.731992933979,3000.0,0.75
17,Zprime_1500GeV_060,0.774492119214,1500.0,0.6
18,Zprime_3000GeV_015,0.839507372063,3000.0,0.15
19,Zprime_3500GeV_015,0.842650273466,3500.0,0.15
20,Zprime_3500GeV_030,0.825135492863,3500.0,0.3
21,Zprime_2000GeV_030,0.823346900966,2000.0,0.3
22,Zprime_2000GeV_015,0.838785862987,2000.0,0.15
23,Zprime_3500GeV_075,0.72967815706,3500.0,0.75
24,Zprime_3500GeV_045,0.797211758678,3500.0,0.45
25,Zprime_2500GeV_030,0.81744904166,2500.0,0.3
26,Zprime_2000GeV_060,0.773307177582,2000.0,0.6
27,Zprime_4000GeV_060,0.769570117586,4000.0,0.6
28,Zprime_2500GeV_075,0.733022547749,2500.0,0.75
29,Zprime_4000GeV_045,0.799199557118,4000.0,0.45
