,name,auc,mass,nu
0,Zprime_1500GeV_075,0.800543971321,1500.0,0.75
1,Zprime_1500GeV_015,0.870467244391,1500.0,0.15
2,Zprime_3000GeV_060,0.810533927695,3000.0,0.6
3,Zprime_1500GeV_030,0.858871586986,1500.0,0.3
4,Zprime_3000GeV_045,0.839652573492,3000.0,0.45
5,Zprime_2000GeV_045,0.844390973218,2000.0,0.45
6,Zprime_2500GeV_015,0.874508413054,2500.0,0.15
7,Zprime_3500GeV_060,0.809093135915,3500.0,0.6
8,Zprime_2500GeV_045,0.839864083504,2500.0,0.45
9,Zprime_2000GeV_075,0.798827945606,2000.0,0.75
10,Zprime_2500GeV_060,0.81562916466,2500.0,0.6
11,Zprime_4000GeV_075,0.771593891748,4000.0,0.75
12,Zprime_4000GeV_030,0.867733618445,4000.0,0.3
13,Zprime_4000GeV_015,0.883409516443,4000.0,0.15
14,Zprime_3000GeV_030,0.859813795908,3000.0,0.3
15,Zprime_1500GeV_045,0.845351814194,1500.0,0.45
16,Zprime_3000GeV_075,0.780991366565,3000.0,0.75
17,Zprime_1500GeV_060,0.82727933066,1500.0,0.6
18,Zprime_3000GeV_015,0.876649206323,3000.0,0.15
19,Zprime_3500GeV_015,0.879663119833,3500.0,0.15
20,Zprime_3500GeV_030,0.864078097319,3500.0,0.3
21,Zprime_2000GeV_030,0.862563131561,2000.0,0.3
22,Zprime_2000GeV_015,0.874535604043,2000.0,0.15
23,Zprime_3500GeV_075,0.775958696174,3500.0,0.75
24,Zprime_3500GeV_045,0.840416290022,3500.0,0.45
25,Zprime_2500GeV_030,0.85920896915,2500.0,0.3
26,Zprime_2000GeV_060,0.822230049854,2000.0,0.6
27,Zprime_4000GeV_060,0.810623445343,4000.0,0.6
28,Zprime_2500GeV_075,0.788086295795,2500.0,0.75
29,Zprime_4000GeV_045,0.84225242407,4000.0,0.45
