,name,auc,mass,nu
0,Zprime_1500GeV_075,0.797167343366,1500.0,0.75
1,Zprime_1500GeV_015,0.871845707513,1500.0,0.15
2,Zprime_3000GeV_060,0.806655072063,3000.0,0.6
3,Zprime_1500GeV_030,0.86055417488,1500.0,0.3
4,Zprime_3000GeV_045,0.835118853651,3000.0,0.45
5,Zprime_2000GeV_045,0.844964800373,2000.0,0.45
6,Zprime_2500GeV_015,0.872444895101,2500.0,0.15
7,Zprime_3500GeV_060,0.806147118505,3500.0,0.6
8,Zprime_2500GeV_045,0.837927390303,2500.0,0.45
9,Zprime_2000GeV_075,0.797262608082,2000.0,0.75
10,Zprime_2500GeV_060,0.813605127576,2500.0,0.6
11,Zprime_4000GeV_075,0.766707461319,4000.0,0.75
12,Zprime_4000GeV_030,0.864758102203,4000.0,0.3
13,Zprime_4000GeV_015,0.87943080938,4000.0,0.15
14,Zprime_3000GeV_030,0.856661362019,3000.0,0.3
15,Zprime_1500GeV_045,0.843754828913,1500.0,0.45
16,Zprime_3000GeV_075,0.777150384654,3000.0,0.75
17,Zprime_1500GeV_060,0.824380752694,1500.0,0.6
18,Zprime_3000GeV_015,0.87407333001,3000.0,0.15
19,Zprime_3500GeV_015,0.876320899998,3500.0,0.15
20,Zprime_3500GeV_030,0.860228868758,3500.0,0.3
21,Zprime_2000GeV_030,0.864016731514,2000.0,0.3
22,Zprime_2000GeV_015,0.876800918753,2000.0,0.15
23,Zprime_3500GeV_075,0.771093927235,3500.0,0.75
24,Zprime_3500GeV_045,0.836453676473,3500.0,0.45
25,Zprime_2500GeV_030,0.857567443293,2500.0,0.3
26,Zprime_2000GeV_060,0.82143825248,2000.0,0.6
27,Zprime_4000GeV_060,0.80796879183,4000.0,0.6
28,Zprime_2500GeV_075,0.782270740976,2500.0,0.75
29,Zprime_4000GeV_045,0.83816400458,4000.0,0.45
