,name,auc,mass,nu
0,Zprime_1500GeV_075,0.78026527278,1500.0,0.75
1,Zprime_1500GeV_015,0.860528920235,1500.0,0.15
2,Zprime_3000GeV_060,0.810568595571,3000.0,0.6
3,Zprime_1500GeV_030,0.844969952554,1500.0,0.3
4,Zprime_3000GeV_045,0.835762326811,3000.0,0.45
5,Zprime_2000GeV_045,0.844906977875,2000.0,0.45
6,Zprime_2500GeV_015,0.873289081271,2500.0,0.15
7,Zprime_3500GeV_060,0.805863609924,3500.0,0.6
8,Zprime_2500GeV_045,0.838378036464,2500.0,0.45
9,Zprime_2000GeV_075,0.789525629677,2000.0,0.75
10,Zprime_2500GeV_060,0.812431728684,2500.0,0.6
11,Zprime_4000GeV_075,0.76867742429,4000.0,0.75
12,Zprime_4000GeV_030,0.858806010612,4000.0,0.3
13,Zprime_4000GeV_015,0.871862173855,4000.0,0.15
14,Zprime_3000GeV_030,0.85473041506,3000.0,0.3
15,Zprime_1500GeV_045,0.820432515858,1500.0,0.45
16,Zprime_3000GeV_075,0.780047762716,3000.0,0.75
17,Zprime_1500GeV_060,0.804556305848,1500.0,0.6
18,Zprime_3000GeV_015,0.872484487806,3000.0,0.15
19,Zprime_3500GeV_015,0.870137212129,3500.0,0.15
20,Zprime_3500GeV_030,0.856461621042,3500.0,0.3
21,Zprime_2000GeV_030,0.862923413355,2000.0,0.3
22,Zprime_2000GeV_015,0.876742053916,2000.0,0.15
23,Zprime_3500GeV_075,0.776188487097,3500.0,0.75
24,Zprime_3500GeV_045,0.833787887664,3500.0,0.45
25,Zprime_2500GeV_030,0.857380411071,2500.0,0.3
26,Zprime_2000GeV_060,0.817710148459,2000.0,0.6
27,Zprime_4000GeV_060,0.806037398272,4000.0,0.6
28,Zprime_2500GeV_075,0.781177489716,2500.0,0.75
29,Zprime_4000GeV_045,0.834037979131,4000.0,0.45
