,name,auc,mass,nu
0,Zprime_1500GeV_075,0.758285224754,1500.0,0.75
1,Zprime_1500GeV_015,0.840555235025,1500.0,0.15
2,Zprime_3000GeV_060,0.805813393017,3000.0,0.6
3,Zprime_1500GeV_030,0.830867375488,1500.0,0.3
4,Zprime_3000GeV_045,0.838841137203,3000.0,0.45
5,Zprime_2000GeV_045,0.830795704729,2000.0,0.45
6,Zprime_2500GeV_015,0.875933896764,2500.0,0.15
7,Zprime_3500GeV_060,0.806160481696,3500.0,0.6
8,Zprime_2500GeV_045,0.83468467701,2500.0,0.45
9,Zprime_2000GeV_075,0.766525452015,2000.0,0.75
10,Zprime_2500GeV_060,0.802395592975,2500.0,0.6
11,Zprime_4000GeV_075,0.759791408401,4000.0,0.75
12,Zprime_4000GeV_030,0.876404390318,4000.0,0.3
13,Zprime_4000GeV_015,0.892302508129,4000.0,0.15
14,Zprime_3000GeV_030,0.863133219083,3000.0,0.3
15,Zprime_1500GeV_045,0.80328217889,1500.0,0.45
16,Zprime_3000GeV_075,0.764876313723,3000.0,0.75
17,Zprime_1500GeV_060,0.785471115356,1500.0,0.6
18,Zprime_3000GeV_015,0.883571322804,3000.0,0.15
19,Zprime_3500GeV_015,0.88791398664,3500.0,0.15
20,Zprime_3500GeV_030,0.86973932219,3500.0,0.3
21,Zprime_2000GeV_030,0.851714570087,2000.0,0.3
22,Zprime_2000GeV_015,0.869087896512,2000.0,0.15
23,Zprime_3500GeV_075,0.764077887227,3500.0,0.75
24,Zprime_3500GeV_045,0.843429891249,3500.0,0.45
25,Zprime_2500GeV_030,0.857895370907,2500.0,0.3
26,Zprime_2000GeV_060,0.801353959628,2000.0,0.6
27,Zprime_4000GeV_060,0.809859447199,4000.0,0.6
28,Zprime_2500GeV_075,0.762242435511,2500.0,0.75
29,Zprime_4000GeV_045,0.844860860622,4000.0,0.45
