,name,auc,mass,nu
0,Zprime_1500GeV_075,0.789787737827,1500.0,0.75
1,Zprime_1500GeV_015,0.862320281662,1500.0,0.15
2,Zprime_3000GeV_060,0.796855417789,3000.0,0.6
3,Zprime_1500GeV_030,0.852958982026,1500.0,0.3
4,Zprime_3000GeV_045,0.826808444884,3000.0,0.45
5,Zprime_2000GeV_045,0.833165877202,2000.0,0.45
6,Zprime_2500GeV_015,0.866665773272,2500.0,0.15
7,Zprime_3500GeV_060,0.79619275556,3500.0,0.6
8,Zprime_2500GeV_045,0.827383164953,2500.0,0.45
9,Zprime_2000GeV_075,0.786089099215,2000.0,0.75
10,Zprime_2500GeV_060,0.801335702249,2500.0,0.6
11,Zprime_4000GeV_075,0.75517900003,4000.0,0.75
12,Zprime_4000GeV_030,0.856481919004,4000.0,0.3
13,Zprime_4000GeV_015,0.871249392083,4000.0,0.15
14,Zprime_3000GeV_030,0.848568049793,3000.0,0.3
15,Zprime_1500GeV_045,0.831790398337,1500.0,0.45
16,Zprime_3000GeV_075,0.76562006302,3000.0,0.75
17,Zprime_1500GeV_060,0.818695580385,1500.0,0.6
18,Zprime_3000GeV_015,0.868520352642,3000.0,0.15
19,Zprime_3500GeV_015,0.870164653898,3500.0,0.15
20,Zprime_3500GeV_030,0.853422816992,3500.0,0.3
21,Zprime_2000GeV_030,0.853229809545,2000.0,0.3
22,Zprime_2000GeV_015,0.866136750837,2000.0,0.15
23,Zprime_3500GeV_075,0.759581368083,3500.0,0.75
24,Zprime_3500GeV_045,0.82578765237,3500.0,0.45
25,Zprime_2500GeV_030,0.849041501363,2500.0,0.3
26,Zprime_2000GeV_060,0.80963540748,2000.0,0.6
27,Zprime_4000GeV_060,0.797214659079,4000.0,0.6
28,Zprime_2500GeV_075,0.772634239926,2500.0,0.75
29,Zprime_4000GeV_045,0.827168305213,4000.0,0.45
