,name,auc,mass,nu
0,Zprime_1500GeV_075,0.726074486627,1500.0,0.75
1,Zprime_1500GeV_015,0.819673597072,1500.0,0.15
2,Zprime_3000GeV_060,0.750791110363,3000.0,0.6
3,Zprime_1500GeV_030,0.806269389848,1500.0,0.3
4,Zprime_3000GeV_045,0.781906493289,3000.0,0.45
5,Zprime_2000GeV_045,0.785814669314,2000.0,0.45
6,Zprime_2500GeV_015,0.824234323445,2500.0,0.15
7,Zprime_3500GeV_060,0.753422936182,3500.0,0.6
8,Zprime_2500GeV_045,0.782918194777,2500.0,0.45
9,Zprime_2000GeV_075,0.731699634225,2000.0,0.75
10,Zprime_2500GeV_060,0.753542756425,2500.0,0.6
11,Zprime_4000GeV_075,0.715728042575,4000.0,0.75
12,Zprime_4000GeV_030,0.81821333706,4000.0,0.3
13,Zprime_4000GeV_015,0.838429996324,4000.0,0.15
14,Zprime_3000GeV_030,0.804352605245,3000.0,0.3
15,Zprime_1500GeV_045,0.778860828675,1500.0,0.45
16,Zprime_3000GeV_075,0.718821580351,3000.0,0.75
17,Zprime_1500GeV_060,0.760402930837,1500.0,0.6
18,Zprime_3000GeV_015,0.825594493413,3000.0,0.15
19,Zprime_3500GeV_015,0.828776578526,3500.0,0.15
20,Zprime_3500GeV_030,0.81095871257,3500.0,0.3
21,Zprime_2000GeV_030,0.809638587578,2000.0,0.3
22,Zprime_2000GeV_015,0.825970765851,2000.0,0.15
23,Zprime_3500GeV_075,0.716649448614,3500.0,0.75
24,Zprime_3500GeV_045,0.782673546481,3500.0,0.45
25,Zprime_2500GeV_030,0.805468521428,2500.0,0.3
26,Zprime_2000GeV_060,0.75769263099,2000.0,0.6
27,Zprime_4000GeV_060,0.757070210529,4000.0,0.6
28,Zprime_2500GeV_075,0.718435596004,2500.0,0.75
29,Zprime_4000GeV_045,0.786755988799,4000.0,0.45
