,name,auc,mass,nu
0,Zprime_1500GeV_075,0.784897200243,1500.0,0.75
1,Zprime_1500GeV_015,0.85711714517,1500.0,0.15
2,Zprime_3000GeV_060,0.809435053497,3000.0,0.6
3,Zprime_1500GeV_030,0.845274169829,1500.0,0.3
4,Zprime_3000GeV_045,0.836739920949,3000.0,0.45
5,Zprime_2000GeV_045,0.843926263049,2000.0,0.45
6,Zprime_2500GeV_015,0.873772527821,2500.0,0.15
7,Zprime_3500GeV_060,0.804935218662,3500.0,0.6
8,Zprime_2500GeV_045,0.83821876511,2500.0,0.45
9,Zprime_2000GeV_075,0.791545601135,2000.0,0.75
10,Zprime_2500GeV_060,0.812438018881,2500.0,0.6
11,Zprime_4000GeV_075,0.765778109685,4000.0,0.75
12,Zprime_4000GeV_030,0.867227418191,4000.0,0.3
13,Zprime_4000GeV_015,0.88180589234,4000.0,0.15
14,Zprime_3000GeV_030,0.858243438174,3000.0,0.3
15,Zprime_1500GeV_045,0.824498182945,1500.0,0.45
16,Zprime_3000GeV_075,0.775942716759,3000.0,0.75
17,Zprime_1500GeV_060,0.808680291039,1500.0,0.6
18,Zprime_3000GeV_015,0.8777747232,3000.0,0.15
19,Zprime_3500GeV_015,0.879907293306,3500.0,0.15
20,Zprime_3500GeV_030,0.863726656123,3500.0,0.3
21,Zprime_2000GeV_030,0.862017127991,2000.0,0.3
22,Zprime_2000GeV_015,0.874626077655,2000.0,0.15
23,Zprime_3500GeV_075,0.772426390785,3500.0,0.75
24,Zprime_3500GeV_045,0.836527377509,3500.0,0.45
25,Zprime_2500GeV_030,0.857552597963,2500.0,0.3
26,Zprime_2000GeV_060,0.816577286319,2000.0,0.6
27,Zprime_4000GeV_060,0.806952922617,4000.0,0.6
28,Zprime_2500GeV_075,0.782713963821,2500.0,0.75
29,Zprime_4000GeV_045,0.838700799336,4000.0,0.45
