,name,auc,mass,nu
0,Zprime_1500GeV_075,0.77089888758,1500.0,0.75
1,Zprime_1500GeV_015,0.858488494725,1500.0,0.15
2,Zprime_3000GeV_060,0.794826163351,3000.0,0.6
3,Zprime_1500GeV_030,0.845471578353,1500.0,0.3
4,Zprime_3000GeV_045,0.828571210583,3000.0,0.45
5,Zprime_2000GeV_045,0.831633299347,2000.0,0.45
6,Zprime_2500GeV_015,0.871160000018,2500.0,0.15
7,Zprime_3500GeV_060,0.794861323304,3500.0,0.6
8,Zprime_2500GeV_045,0.82856001068,2500.0,0.45
9,Zprime_2000GeV_075,0.77568866483,2000.0,0.75
10,Zprime_2500GeV_060,0.799072778221,2500.0,0.6
11,Zprime_4000GeV_075,0.749905228155,4000.0,0.75
12,Zprime_4000GeV_030,0.860346448873,4000.0,0.3
13,Zprime_4000GeV_015,0.876761926864,4000.0,0.15
14,Zprime_3000GeV_030,0.851021529693,3000.0,0.3
15,Zprime_1500GeV_045,0.821960459645,1500.0,0.45
16,Zprime_3000GeV_075,0.758203968706,3000.0,0.75
17,Zprime_1500GeV_060,0.80765030038,1500.0,0.6
18,Zprime_3000GeV_015,0.872244062702,3000.0,0.15
19,Zprime_3500GeV_015,0.873108660026,3500.0,0.15
20,Zprime_3500GeV_030,0.856862760065,3500.0,0.3
21,Zprime_2000GeV_030,0.853813046934,2000.0,0.3
22,Zprime_2000GeV_015,0.868422912723,2000.0,0.15
23,Zprime_3500GeV_075,0.756036629225,3500.0,0.75
24,Zprime_3500GeV_045,0.82889530376,3500.0,0.45
25,Zprime_2500GeV_030,0.852621650375,2500.0,0.3
26,Zprime_2000GeV_060,0.804394278573,2000.0,0.6
27,Zprime_4000GeV_060,0.79788219973,4000.0,0.6
28,Zprime_2500GeV_075,0.763307007592,2500.0,0.75
29,Zprime_4000GeV_045,0.829833433448,4000.0,0.45
