,name,auc,mass,nu
0,Zprime_1500GeV_075,0.801185525263,1500.0,0.75
1,Zprime_1500GeV_015,0.873122453819,1500.0,0.15
2,Zprime_3000GeV_060,0.814555337193,3000.0,0.6
3,Zprime_1500GeV_030,0.864081252675,1500.0,0.3
4,Zprime_3000GeV_045,0.843304553196,3000.0,0.45
5,Zprime_2000GeV_045,0.85136992085,2000.0,0.45
6,Zprime_2500GeV_015,0.879515913353,2500.0,0.15
7,Zprime_3500GeV_060,0.814366491252,3500.0,0.6
8,Zprime_2500GeV_045,0.845275369017,2500.0,0.45
9,Zprime_2000GeV_075,0.803492665142,2000.0,0.75
10,Zprime_2500GeV_060,0.820831954806,2500.0,0.6
11,Zprime_4000GeV_075,0.774572816994,4000.0,0.75
12,Zprime_4000GeV_030,0.87372112998,4000.0,0.3
13,Zprime_4000GeV_015,0.887656955008,4000.0,0.15
14,Zprime_3000GeV_030,0.864339834406,3000.0,0.3
15,Zprime_1500GeV_045,0.849083913405,1500.0,0.45
16,Zprime_3000GeV_075,0.784484508186,3000.0,0.75
17,Zprime_1500GeV_060,0.831088071309,1500.0,0.6
18,Zprime_3000GeV_015,0.881763559417,3000.0,0.15
19,Zprime_3500GeV_015,0.884363668946,3500.0,0.15
20,Zprime_3500GeV_030,0.869455700221,3500.0,0.3
21,Zprime_2000GeV_030,0.870069726454,2000.0,0.3
22,Zprime_2000GeV_015,0.882111834257,2000.0,0.15
23,Zprime_3500GeV_075,0.778642453625,3500.0,0.75
24,Zprime_3500GeV_045,0.844764441139,3500.0,0.45
25,Zprime_2500GeV_030,0.864294397094,2500.0,0.3
26,Zprime_2000GeV_060,0.827094566639,2000.0,0.6
27,Zprime_4000GeV_060,0.816166424072,4000.0,0.6
28,Zprime_2500GeV_075,0.79084142308,2500.0,0.75
29,Zprime_4000GeV_045,0.847641851042,4000.0,0.45
