,name,auc,mass,nu
0,Zprime_1500GeV_075,0.801610093611,1500.0,0.75
1,Zprime_1500GeV_015,0.867803372266,1500.0,0.15
2,Zprime_3000GeV_060,0.810212011261,3000.0,0.6
3,Zprime_1500GeV_030,0.85973131361,1500.0,0.3
4,Zprime_3000GeV_045,0.838950342767,3000.0,0.45
5,Zprime_2000GeV_045,0.844828777776,2000.0,0.45
6,Zprime_2500GeV_015,0.875667003493,2500.0,0.15
7,Zprime_3500GeV_060,0.809089353591,3500.0,0.6
8,Zprime_2500GeV_045,0.84002224699,2500.0,0.45
9,Zprime_2000GeV_075,0.798160135352,2000.0,0.75
10,Zprime_2500GeV_060,0.815968793196,2500.0,0.6
11,Zprime_4000GeV_075,0.770748586297,4000.0,0.75
12,Zprime_4000GeV_030,0.866868816711,4000.0,0.3
13,Zprime_4000GeV_015,0.879062427314,4000.0,0.15
14,Zprime_3000GeV_030,0.859529958924,3000.0,0.3
15,Zprime_1500GeV_045,0.844981289829,1500.0,0.45
16,Zprime_3000GeV_075,0.779671230913,3000.0,0.75
17,Zprime_1500GeV_060,0.826653297393,1500.0,0.6
18,Zprime_3000GeV_015,0.877066825536,3000.0,0.15
19,Zprime_3500GeV_015,0.877957660484,3500.0,0.15
20,Zprime_3500GeV_030,0.863252970733,3500.0,0.3
21,Zprime_2000GeV_030,0.863306349641,2000.0,0.3
22,Zprime_2000GeV_015,0.875893514584,2000.0,0.15
23,Zprime_3500GeV_075,0.775341670611,3500.0,0.75
24,Zprime_3500GeV_045,0.839052194924,3500.0,0.45
25,Zprime_2500GeV_030,0.860164604137,2500.0,0.3
26,Zprime_2000GeV_060,0.822179070921,2000.0,0.6
27,Zprime_4000GeV_060,0.810917141618,4000.0,0.6
28,Zprime_2500GeV_075,0.785905029945,2500.0,0.75
29,Zprime_4000GeV_045,0.841570593724,4000.0,0.45
