,name,auc,mass,nu
0,Zprime_1500GeV_075,0.765226799383,1500.0,0.75
1,Zprime_1500GeV_015,0.845540663067,1500.0,0.15
2,Zprime_3000GeV_060,0.800911033971,3000.0,0.6
3,Zprime_1500GeV_030,0.833461168653,1500.0,0.3
4,Zprime_3000GeV_045,0.831047896585,3000.0,0.45
5,Zprime_2000GeV_045,0.833760418018,2000.0,0.45
6,Zprime_2500GeV_015,0.869757391731,2500.0,0.15
7,Zprime_3500GeV_060,0.798399392621,3500.0,0.6
8,Zprime_2500GeV_045,0.830749037498,2500.0,0.45
9,Zprime_2000GeV_075,0.77427027457,2000.0,0.75
10,Zprime_2500GeV_060,0.801800033868,2500.0,0.6
11,Zprime_4000GeV_075,0.753958412059,4000.0,0.75
12,Zprime_4000GeV_030,0.863823475816,4000.0,0.3
13,Zprime_4000GeV_015,0.882048506452,4000.0,0.15
14,Zprime_3000GeV_030,0.854485554852,3000.0,0.3
15,Zprime_1500GeV_045,0.811514796074,1500.0,0.45
16,Zprime_3000GeV_075,0.764727184495,3000.0,0.75
17,Zprime_1500GeV_060,0.79301699735,1500.0,0.6
18,Zprime_3000GeV_015,0.873536601967,3000.0,0.15
19,Zprime_3500GeV_015,0.877993894274,3500.0,0.15
20,Zprime_3500GeV_030,0.860337509123,3500.0,0.3
21,Zprime_2000GeV_030,0.852785872336,2000.0,0.3
22,Zprime_2000GeV_015,0.867623259681,2000.0,0.15
23,Zprime_3500GeV_075,0.759941489111,3500.0,0.75
24,Zprime_3500GeV_045,0.832857278319,3500.0,0.45
25,Zprime_2500GeV_030,0.852197755707,2500.0,0.3
26,Zprime_2000GeV_060,0.804681822266,2000.0,0.6
27,Zprime_4000GeV_060,0.800441719072,4000.0,0.6
28,Zprime_2500GeV_075,0.765964105683,2500.0,0.75
29,Zprime_4000GeV_045,0.834528934007,4000.0,0.45
