,name,auc,mass,nu
0,Zprime_1500GeV_075,0.742902545142,1500.0,0.75
1,Zprime_1500GeV_015,0.836326628531,1500.0,0.15
2,Zprime_3000GeV_060,0.768660369561,3000.0,0.6
3,Zprime_1500GeV_030,0.821581730131,1500.0,0.3
4,Zprime_3000GeV_045,0.800330498654,3000.0,0.45
5,Zprime_2000GeV_045,0.80334178936,2000.0,0.45
6,Zprime_2500GeV_015,0.844313286793,2500.0,0.15
7,Zprime_3500GeV_060,0.768892782925,3500.0,0.6
8,Zprime_2500GeV_045,0.800890182591,2500.0,0.45
9,Zprime_2000GeV_075,0.746301977668,2000.0,0.75
10,Zprime_2500GeV_060,0.770707396969,2500.0,0.6
11,Zprime_4000GeV_075,0.72780078728,4000.0,0.75
12,Zprime_4000GeV_030,0.830058998034,4000.0,0.3
13,Zprime_4000GeV_015,0.84782764569,4000.0,0.15
14,Zprime_3000GeV_030,0.822329851393,3000.0,0.3
15,Zprime_1500GeV_045,0.795413054924,1500.0,0.45
16,Zprime_3000GeV_075,0.733818518273,3000.0,0.75
17,Zprime_1500GeV_060,0.777498232423,1500.0,0.6
18,Zprime_3000GeV_015,0.844056426617,3000.0,0.15
19,Zprime_3500GeV_015,0.843933904652,3500.0,0.15
20,Zprime_3500GeV_030,0.82760538256,3500.0,0.3
21,Zprime_2000GeV_030,0.828153085832,2000.0,0.3
22,Zprime_2000GeV_015,0.845327936431,2000.0,0.15
23,Zprime_3500GeV_075,0.730685478789,3500.0,0.75
24,Zprime_3500GeV_045,0.79798319978,3500.0,0.45
25,Zprime_2500GeV_030,0.825252072469,2500.0,0.3
26,Zprime_2000GeV_060,0.7752824719,2000.0,0.6
27,Zprime_4000GeV_060,0.770937602685,4000.0,0.6
28,Zprime_2500GeV_075,0.735348136985,2500.0,0.75
29,Zprime_4000GeV_045,0.800542361644,4000.0,0.45
