,name,auc,mass,nu
0,Zprime_1500GeV_075,0.795616123582,1500.0,0.75
1,Zprime_1500GeV_015,0.863064924204,1500.0,0.15
2,Zprime_3000GeV_060,0.797032508773,3000.0,0.6
3,Zprime_1500GeV_030,0.853643428838,1500.0,0.3
4,Zprime_3000GeV_045,0.825762838229,3000.0,0.45
5,Zprime_2000GeV_045,0.831553668724,2000.0,0.45
6,Zprime_2500GeV_015,0.863943627403,2500.0,0.15
7,Zprime_3500GeV_060,0.795500229057,3500.0,0.6
8,Zprime_2500GeV_045,0.827459182479,2500.0,0.45
9,Zprime_2000GeV_075,0.788031236584,2000.0,0.75
10,Zprime_2500GeV_060,0.801874185596,2500.0,0.6
11,Zprime_4000GeV_075,0.755740196755,4000.0,0.75
12,Zprime_4000GeV_030,0.851596204346,4000.0,0.3
13,Zprime_4000GeV_015,0.866926490018,4000.0,0.15
14,Zprime_3000GeV_030,0.846819782068,3000.0,0.3
15,Zprime_1500GeV_045,0.83422324424,1500.0,0.45
16,Zprime_3000GeV_075,0.767056010984,3000.0,0.75
17,Zprime_1500GeV_060,0.820259436978,1500.0,0.6
18,Zprime_3000GeV_015,0.865166138445,3000.0,0.15
19,Zprime_3500GeV_015,0.864476476109,3500.0,0.15
20,Zprime_3500GeV_030,0.849476610658,3500.0,0.3
21,Zprime_2000GeV_030,0.850279105353,2000.0,0.3
22,Zprime_2000GeV_015,0.862985257518,2000.0,0.15
23,Zprime_3500GeV_075,0.760581139927,3500.0,0.75
24,Zprime_3500GeV_045,0.823455262771,3500.0,0.45
25,Zprime_2500GeV_030,0.847115944504,2500.0,0.3
26,Zprime_2000GeV_060,0.80989585184,2000.0,0.6
27,Zprime_4000GeV_060,0.797085839259,4000.0,0.6
28,Zprime_2500GeV_075,0.77409272689,2500.0,0.75
29,Zprime_4000GeV_045,0.825375618972,4000.0,0.45
