,name,auc,mass,nu
0,Zprime_1500GeV_075,0.747616393147,1500.0,0.75
1,Zprime_1500GeV_015,0.835769747593,1500.0,0.15
2,Zprime_3000GeV_060,0.766752458619,3000.0,0.6
3,Zprime_1500GeV_030,0.82189064187,1500.0,0.3
4,Zprime_3000GeV_045,0.795686845607,3000.0,0.45
5,Zprime_2000GeV_045,0.800772921743,2000.0,0.45
6,Zprime_2500GeV_015,0.834828650684,2500.0,0.15
7,Zprime_3500GeV_060,0.768606001646,3500.0,0.6
8,Zprime_2500GeV_045,0.795932815391,2500.0,0.45
9,Zprime_2000GeV_075,0.750065435527,2000.0,0.75
10,Zprime_2500GeV_060,0.767880513191,2500.0,0.6
11,Zprime_4000GeV_075,0.73046792594,4000.0,0.75
12,Zprime_4000GeV_030,0.826519677339,4000.0,0.3
13,Zprime_4000GeV_015,0.841594934222,4000.0,0.15
14,Zprime_3000GeV_030,0.815848859616,3000.0,0.3
15,Zprime_1500GeV_045,0.798793642452,1500.0,0.45
16,Zprime_3000GeV_075,0.734668338375,3000.0,0.75
17,Zprime_1500GeV_060,0.780682062803,1500.0,0.6
18,Zprime_3000GeV_015,0.83545269008,3000.0,0.15
19,Zprime_3500GeV_015,0.834810350472,3500.0,0.15
20,Zprime_3500GeV_030,0.822093849436,3500.0,0.3
21,Zprime_2000GeV_030,0.824268920441,2000.0,0.3
22,Zprime_2000GeV_015,0.837939816954,2000.0,0.15
23,Zprime_3500GeV_075,0.731957485602,3500.0,0.75
24,Zprime_3500GeV_045,0.794382770006,3500.0,0.45
25,Zprime_2500GeV_030,0.818113364613,2500.0,0.3
26,Zprime_2000GeV_060,0.775060352851,2000.0,0.6
27,Zprime_4000GeV_060,0.769688279946,4000.0,0.6
28,Zprime_2500GeV_075,0.736741695888,2500.0,0.75
29,Zprime_4000GeV_045,0.797431956667,4000.0,0.45
