,name,auc,mass,nu
0,Zprime_1500GeV_075,0.744157850478,1500.0,0.75
1,Zprime_1500GeV_015,0.833590078251,1500.0,0.15
2,Zprime_3000GeV_060,0.770258848643,3000.0,0.6
3,Zprime_1500GeV_030,0.82002169463,1500.0,0.3
4,Zprime_3000GeV_045,0.804460646563,3000.0,0.45
5,Zprime_2000GeV_045,0.803118753979,2000.0,0.45
6,Zprime_2500GeV_015,0.846722050631,2500.0,0.15
7,Zprime_3500GeV_060,0.771491358755,3500.0,0.6
8,Zprime_2500GeV_045,0.802282067328,2500.0,0.45
9,Zprime_2000GeV_075,0.747461325811,2000.0,0.75
10,Zprime_2500GeV_060,0.771082507164,2500.0,0.6
11,Zprime_4000GeV_075,0.728404513399,4000.0,0.75
12,Zprime_4000GeV_030,0.842505610983,4000.0,0.3
13,Zprime_4000GeV_015,0.860532681524,4000.0,0.15
14,Zprime_3000GeV_030,0.828782420346,3000.0,0.3
15,Zprime_1500GeV_045,0.794735618078,1500.0,0.45
16,Zprime_3000GeV_075,0.73382856284,3000.0,0.75
17,Zprime_1500GeV_060,0.778272697688,1500.0,0.6
18,Zprime_3000GeV_015,0.853370205542,3000.0,0.15
19,Zprime_3500GeV_015,0.855974345413,3500.0,0.15
20,Zprime_3500GeV_030,0.83746478722,3500.0,0.3
21,Zprime_2000GeV_030,0.826989681986,2000.0,0.3
22,Zprime_2000GeV_015,0.843103935269,2000.0,0.15
23,Zprime_3500GeV_075,0.731258631187,3500.0,0.75
24,Zprime_3500GeV_045,0.804263220343,3500.0,0.45
25,Zprime_2500GeV_030,0.827589772879,2500.0,0.3
26,Zprime_2000GeV_060,0.773820648845,2000.0,0.6
27,Zprime_4000GeV_060,0.775315883026,4000.0,0.6
28,Zprime_2500GeV_075,0.73487115719,2500.0,0.75
29,Zprime_4000GeV_045,0.809200373393,4000.0,0.45
