,name,auc,mass,nu
0,Zprime_1500GeV_075,0.817090861346,1500.0,0.75
1,Zprime_1500GeV_015,0.882732177947,1500.0,0.15
2,Zprime_3000GeV_060,0.819091446703,3000.0,0.6
3,Zprime_1500GeV_030,0.87398715263,1500.0,0.3
4,Zprime_3000GeV_045,0.846951008346,3000.0,0.45
5,Zprime_2000GeV_045,0.856074622121,2000.0,0.45
6,Zprime_2500GeV_015,0.884019683427,2500.0,0.15
7,Zprime_3500GeV_060,0.816041936948,3500.0,0.6
8,Zprime_2500GeV_045,0.849290675014,2500.0,0.45
9,Zprime_2000GeV_075,0.811950935559,2000.0,0.75
10,Zprime_2500GeV_060,0.825446828093,2500.0,0.6
11,Zprime_4000GeV_075,0.777735572168,4000.0,0.75
12,Zprime_4000GeV_030,0.869405460089,4000.0,0.3
13,Zprime_4000GeV_015,0.882595300507,4000.0,0.15
14,Zprime_3000GeV_030,0.866157046307,3000.0,0.3
15,Zprime_1500GeV_045,0.857178251339,1500.0,0.45
16,Zprime_3000GeV_075,0.790912279039,3000.0,0.75
17,Zprime_1500GeV_060,0.841816867841,1500.0,0.6
18,Zprime_3000GeV_015,0.882958365884,3000.0,0.15
19,Zprime_3500GeV_015,0.882496076797,3500.0,0.15
20,Zprime_3500GeV_030,0.867908187871,3500.0,0.3
21,Zprime_2000GeV_030,0.874065986441,2000.0,0.3
22,Zprime_2000GeV_015,0.885834450965,2000.0,0.15
23,Zprime_3500GeV_075,0.783588956044,3500.0,0.75
24,Zprime_3500GeV_045,0.844940496503,3500.0,0.45
25,Zprime_2500GeV_030,0.868358014317,2500.0,0.3
26,Zprime_2000GeV_060,0.833862976688,2000.0,0.6
27,Zprime_4000GeV_060,0.814608099579,4000.0,0.6
28,Zprime_2500GeV_075,0.798289253379,2500.0,0.75
29,Zprime_4000GeV_045,0.844359293074,4000.0,0.45
