,name,auc,mass,nu
0,Zprime_1500GeV_075,0.797832469887,1500.0,0.75
1,Zprime_1500GeV_015,0.87390770857,1500.0,0.15
2,Zprime_3000GeV_060,0.807470056629,3000.0,0.6
3,Zprime_1500GeV_030,0.861788267513,1500.0,0.3
4,Zprime_3000GeV_045,0.835913106886,3000.0,0.45
5,Zprime_2000GeV_045,0.845569485202,2000.0,0.45
6,Zprime_2500GeV_015,0.874466751381,2500.0,0.15
7,Zprime_3500GeV_060,0.804880677889,3500.0,0.6
8,Zprime_2500GeV_045,0.839069623454,2500.0,0.45
9,Zprime_2000GeV_075,0.799232962003,2000.0,0.75
10,Zprime_2500GeV_060,0.813681721025,2500.0,0.6
11,Zprime_4000GeV_075,0.765673313546,4000.0,0.75
12,Zprime_4000GeV_030,0.859187544576,4000.0,0.3
13,Zprime_4000GeV_015,0.872614525334,4000.0,0.15
14,Zprime_3000GeV_030,0.855443110377,3000.0,0.3
15,Zprime_1500GeV_045,0.841210250632,1500.0,0.45
16,Zprime_3000GeV_075,0.77822214674,3000.0,0.75
17,Zprime_1500GeV_060,0.828038073952,1500.0,0.6
18,Zprime_3000GeV_015,0.872363334725,3000.0,0.15
19,Zprime_3500GeV_015,0.870854441552,3500.0,0.15
20,Zprime_3500GeV_030,0.857037097909,3500.0,0.3
21,Zprime_2000GeV_030,0.865594070204,2000.0,0.3
22,Zprime_2000GeV_015,0.877645843203,2000.0,0.15
23,Zprime_3500GeV_075,0.771615421483,3500.0,0.75
24,Zprime_3500GeV_045,0.832695803577,3500.0,0.45
25,Zprime_2500GeV_030,0.858401656957,2500.0,0.3
26,Zprime_2000GeV_060,0.822538611209,2000.0,0.6
27,Zprime_4000GeV_060,0.805478393405,4000.0,0.6
28,Zprime_2500GeV_075,0.785774807775,2500.0,0.75
29,Zprime_4000GeV_045,0.83377564176,4000.0,0.45
