,name,auc,mass,nu
0,Zprime_1500GeV_075,0.733991414437,1500.0,0.75
1,Zprime_1500GeV_015,0.83362870933,1500.0,0.15
2,Zprime_3000GeV_060,0.776124130059,3000.0,0.6
3,Zprime_1500GeV_030,0.822747550836,1500.0,0.3
4,Zprime_3000GeV_045,0.809422860749,3000.0,0.45
5,Zprime_2000GeV_045,0.813089826142,2000.0,0.45
6,Zprime_2500GeV_015,0.855454111032,2500.0,0.15
7,Zprime_3500GeV_060,0.775095266812,3500.0,0.6
8,Zprime_2500GeV_045,0.812500187327,2500.0,0.45
9,Zprime_2000GeV_075,0.746035651445,2000.0,0.75
10,Zprime_2500GeV_060,0.78058843248,2500.0,0.6
11,Zprime_4000GeV_075,0.730338852078,4000.0,0.75
12,Zprime_4000GeV_030,0.834446996167,4000.0,0.3
13,Zprime_4000GeV_015,0.851692435606,4000.0,0.15
14,Zprime_3000GeV_030,0.831677442592,3000.0,0.3
15,Zprime_1500GeV_045,0.792592791848,1500.0,0.45
16,Zprime_3000GeV_075,0.738765957895,3000.0,0.75
17,Zprime_1500GeV_060,0.768381378314,1500.0,0.6
18,Zprime_3000GeV_015,0.851719151168,3000.0,0.15
19,Zprime_3500GeV_015,0.848958801978,3500.0,0.15
20,Zprime_3500GeV_030,0.83229131696,3500.0,0.3
21,Zprime_2000GeV_030,0.838799707434,2000.0,0.3
22,Zprime_2000GeV_015,0.855787190568,2000.0,0.15
23,Zprime_3500GeV_075,0.734523581549,3500.0,0.75
24,Zprime_3500GeV_045,0.807050424681,3500.0,0.45
25,Zprime_2500GeV_030,0.835383581867,2500.0,0.3
26,Zprime_2000GeV_060,0.780332359528,2000.0,0.6
27,Zprime_4000GeV_060,0.77555760114,4000.0,0.6
28,Zprime_2500GeV_075,0.736722075515,2500.0,0.75
29,Zprime_4000GeV_045,0.806581367984,4000.0,0.45
