,name,auc,mass,nu
0,Zprime_1500GeV_075,0.763208711566,1500.0,0.75
1,Zprime_1500GeV_015,0.851098993376,1500.0,0.15
2,Zprime_3000GeV_060,0.796161084519,3000.0,0.6
3,Zprime_1500GeV_030,0.837894775466,1500.0,0.3
4,Zprime_3000GeV_045,0.82882059593,3000.0,0.45
5,Zprime_2000GeV_045,0.83392883135,2000.0,0.45
6,Zprime_2500GeV_015,0.871850898667,2500.0,0.15
7,Zprime_3500GeV_060,0.792654773933,3500.0,0.6
8,Zprime_2500GeV_045,0.829836167971,2500.0,0.45
9,Zprime_2000GeV_075,0.769766102116,2000.0,0.75
10,Zprime_2500GeV_060,0.799087322067,2500.0,0.6
11,Zprime_4000GeV_075,0.746870804231,4000.0,0.75
12,Zprime_4000GeV_030,0.859192850551,4000.0,0.3
13,Zprime_4000GeV_015,0.877734652367,4000.0,0.15
14,Zprime_3000GeV_030,0.852333421715,3000.0,0.3
15,Zprime_1500GeV_045,0.812425849968,1500.0,0.45
16,Zprime_3000GeV_075,0.758883079964,3000.0,0.75
17,Zprime_1500GeV_060,0.79395570381,1500.0,0.6
18,Zprime_3000GeV_015,0.872635519389,3000.0,0.15
19,Zprime_3500GeV_015,0.874513958069,3500.0,0.15
20,Zprime_3500GeV_030,0.856978973839,3500.0,0.3
21,Zprime_2000GeV_030,0.8546828194,2000.0,0.3
22,Zprime_2000GeV_015,0.870852414067,2000.0,0.15
23,Zprime_3500GeV_075,0.752710133249,3500.0,0.75
24,Zprime_3500GeV_045,0.828127053306,3500.0,0.45
25,Zprime_2500GeV_030,0.853106297188,2500.0,0.3
26,Zprime_2000GeV_060,0.802716456299,2000.0,0.6
27,Zprime_4000GeV_060,0.793848472634,4000.0,0.6
28,Zprime_2500GeV_075,0.759884194183,2500.0,0.75
29,Zprime_4000GeV_045,0.829541327443,4000.0,0.45
