,name,auc,mass,nu
0,Zprime_1500GeV_075,0.797810390238,1500.0,0.75
1,Zprime_1500GeV_015,0.869970559875,1500.0,0.15
2,Zprime_3000GeV_060,0.80317018955,3000.0,0.6
3,Zprime_1500GeV_030,0.860099156776,1500.0,0.3
4,Zprime_3000GeV_045,0.832092842353,3000.0,0.45
5,Zprime_2000GeV_045,0.840770724073,2000.0,0.45
6,Zprime_2500GeV_015,0.870366047484,2500.0,0.15
7,Zprime_3500GeV_060,0.80110201153,3500.0,0.6
8,Zprime_2500GeV_045,0.834060448212,2500.0,0.45
9,Zprime_2000GeV_075,0.795235172401,2000.0,0.75
10,Zprime_2500GeV_060,0.808703284206,2500.0,0.6
11,Zprime_4000GeV_075,0.760940793391,4000.0,0.75
12,Zprime_4000GeV_030,0.85833910135,4000.0,0.3
13,Zprime_4000GeV_015,0.872636062461,4000.0,0.15
14,Zprime_3000GeV_030,0.852663611388,3000.0,0.3
15,Zprime_1500GeV_045,0.841570657004,1500.0,0.45
16,Zprime_3000GeV_075,0.772736633478,3000.0,0.75
17,Zprime_1500GeV_060,0.826295388093,1500.0,0.6
18,Zprime_3000GeV_015,0.870567945863,3000.0,0.15
19,Zprime_3500GeV_015,0.870667553046,3500.0,0.15
20,Zprime_3500GeV_030,0.856220261565,3500.0,0.3
21,Zprime_2000GeV_030,0.860148740639,2000.0,0.3
22,Zprime_2000GeV_015,0.871865306444,2000.0,0.15
23,Zprime_3500GeV_075,0.765882349372,3500.0,0.75
24,Zprime_3500GeV_045,0.829179213881,3500.0,0.45
25,Zprime_2500GeV_030,0.854723775512,2500.0,0.3
26,Zprime_2000GeV_060,0.818676496104,2000.0,0.6
27,Zprime_4000GeV_060,0.801994320373,4000.0,0.6
28,Zprime_2500GeV_075,0.780144728121,2500.0,0.75
29,Zprime_4000GeV_045,0.830558742818,4000.0,0.45
