,name,auc,mass,nu
0,Zprime_1500GeV_075,0.777456214327,1500.0,0.75
1,Zprime_1500GeV_015,0.852254787956,1500.0,0.15
2,Zprime_3000GeV_060,0.801048026536,3000.0,0.6
3,Zprime_1500GeV_030,0.839286452542,1500.0,0.3
4,Zprime_3000GeV_045,0.834563191953,3000.0,0.45
5,Zprime_2000GeV_045,0.831851777887,2000.0,0.45
6,Zprime_2500GeV_015,0.872656136229,2500.0,0.15
7,Zprime_3500GeV_060,0.802164342845,3500.0,0.6
8,Zprime_2500GeV_045,0.832102407435,2500.0,0.45
9,Zprime_2000GeV_075,0.776118417,2000.0,0.75
10,Zprime_2500GeV_060,0.802532466668,2500.0,0.6
11,Zprime_4000GeV_075,0.754948036169,4000.0,0.75
12,Zprime_4000GeV_030,0.867464394345,4000.0,0.3
13,Zprime_4000GeV_015,0.882967601204,4000.0,0.15
14,Zprime_3000GeV_030,0.857232362677,3000.0,0.3
15,Zprime_1500GeV_045,0.820570137636,1500.0,0.45
16,Zprime_3000GeV_075,0.763733988934,3000.0,0.75
17,Zprime_1500GeV_060,0.800938865642,1500.0,0.6
18,Zprime_3000GeV_015,0.878329325556,3000.0,0.15
19,Zprime_3500GeV_015,0.882082175778,3500.0,0.15
20,Zprime_3500GeV_030,0.863401778721,3500.0,0.3
21,Zprime_2000GeV_030,0.853111628706,2000.0,0.3
22,Zprime_2000GeV_015,0.868698405633,2000.0,0.15
23,Zprime_3500GeV_075,0.759553120339,3500.0,0.75
24,Zprime_3500GeV_045,0.834496679402,3500.0,0.45
25,Zprime_2500GeV_030,0.855079761953,2500.0,0.3
26,Zprime_2000GeV_060,0.80492841249,2000.0,0.6
27,Zprime_4000GeV_060,0.803106562276,4000.0,0.6
28,Zprime_2500GeV_075,0.76672911098,2500.0,0.75
29,Zprime_4000GeV_045,0.837268684073,4000.0,0.45
