,name,auc,mass,nu
0,Zprime_1500GeV_075,0.730932284518,1500.0,0.75
1,Zprime_1500GeV_015,0.828387640364,1500.0,0.15
2,Zprime_3000GeV_060,0.753824874085,3000.0,0.6
3,Zprime_1500GeV_030,0.812079210215,1500.0,0.3
4,Zprime_3000GeV_045,0.783566494727,3000.0,0.45
5,Zprime_2000GeV_045,0.792521513973,2000.0,0.45
6,Zprime_2500GeV_015,0.828466217547,2500.0,0.15
7,Zprime_3500GeV_060,0.752940318913,3500.0,0.6
8,Zprime_2500GeV_045,0.7872837861,2500.0,0.45
9,Zprime_2000GeV_075,0.735913509792,2000.0,0.75
10,Zprime_2500GeV_060,0.758364097548,2500.0,0.6
11,Zprime_4000GeV_075,0.712979558011,4000.0,0.75
12,Zprime_4000GeV_030,0.808393515888,4000.0,0.3
13,Zprime_4000GeV_015,0.824398607709,4000.0,0.15
14,Zprime_3000GeV_030,0.804865340179,3000.0,0.3
15,Zprime_1500GeV_045,0.78641392825,1500.0,0.45
16,Zprime_3000GeV_075,0.721247481794,3000.0,0.75
17,Zprime_1500GeV_060,0.76575533592,1500.0,0.6
18,Zprime_3000GeV_015,0.824834646308,3000.0,0.15
19,Zprime_3500GeV_015,0.820042589168,3500.0,0.15
20,Zprime_3500GeV_030,0.806602299863,3500.0,0.3
21,Zprime_2000GeV_030,0.817464807999,2000.0,0.3
22,Zprime_2000GeV_015,0.834374146506,2000.0,0.15
23,Zprime_3500GeV_075,0.718012375635,3500.0,0.75
24,Zprime_3500GeV_045,0.779751588594,3500.0,0.45
25,Zprime_2500GeV_030,0.810557162454,2500.0,0.3
26,Zprime_2000GeV_060,0.763948877477,2000.0,0.6
27,Zprime_4000GeV_060,0.753818772426,4000.0,0.6
28,Zprime_2500GeV_075,0.723518700229,2500.0,0.75
29,Zprime_4000GeV_045,0.78081014379,4000.0,0.45
