,name,auc,mass,nu
0,Zprime_1500GeV_075,0.735496446643,1500.0,0.75
1,Zprime_1500GeV_015,0.828485072405,1500.0,0.15
2,Zprime_3000GeV_060,0.758564055759,3000.0,0.6
3,Zprime_1500GeV_030,0.81418445441,1500.0,0.3
4,Zprime_3000GeV_045,0.790914476056,3000.0,0.45
5,Zprime_2000GeV_045,0.79441623907,2000.0,0.45
6,Zprime_2500GeV_015,0.833712746888,2500.0,0.15
7,Zprime_3500GeV_060,0.761406420884,3500.0,0.6
8,Zprime_2500GeV_045,0.790376491659,2500.0,0.45
9,Zprime_2000GeV_075,0.737049645304,2000.0,0.75
10,Zprime_2500GeV_060,0.759920673052,2500.0,0.6
11,Zprime_4000GeV_075,0.719458663601,4000.0,0.75
12,Zprime_4000GeV_030,0.824961329243,4000.0,0.3
13,Zprime_4000GeV_015,0.844976706481,4000.0,0.15
14,Zprime_3000GeV_030,0.814137664919,3000.0,0.3
15,Zprime_1500GeV_045,0.787984846835,1500.0,0.45
16,Zprime_3000GeV_075,0.723515879539,3000.0,0.75
17,Zprime_1500GeV_060,0.768631508439,1500.0,0.6
18,Zprime_3000GeV_015,0.83605641452,3000.0,0.15
19,Zprime_3500GeV_015,0.838114360462,3500.0,0.15
20,Zprime_3500GeV_030,0.82025126347,3500.0,0.3
21,Zprime_2000GeV_030,0.818832119849,2000.0,0.3
22,Zprime_2000GeV_015,0.836417360342,2000.0,0.15
23,Zprime_3500GeV_075,0.72150464934,3500.0,0.75
24,Zprime_3500GeV_045,0.791069313114,3500.0,0.45
25,Zprime_2500GeV_030,0.814913667901,2500.0,0.3
26,Zprime_2000GeV_060,0.765177425821,2000.0,0.6
27,Zprime_4000GeV_060,0.762388235868,4000.0,0.6
28,Zprime_2500GeV_075,0.724496127146,2500.0,0.75
29,Zprime_4000GeV_045,0.793342780806,4000.0,0.45
