,name,auc,mass,nu
0,Zprime_1500GeV_075,0.786867645257,1500.0,0.75
1,Zprime_1500GeV_015,0.858744521078,1500.0,0.15
2,Zprime_3000GeV_060,0.795979522304,3000.0,0.6
3,Zprime_1500GeV_030,0.847152243736,1500.0,0.3
4,Zprime_3000GeV_045,0.824244947455,3000.0,0.45
5,Zprime_2000GeV_045,0.831561339809,2000.0,0.45
6,Zprime_2500GeV_015,0.863892643738,2500.0,0.15
7,Zprime_3500GeV_060,0.793787443684,3500.0,0.6
8,Zprime_2500GeV_045,0.827468314386,2500.0,0.45
9,Zprime_2000GeV_075,0.783951609717,2000.0,0.75
10,Zprime_2500GeV_060,0.801200454909,2500.0,0.6
11,Zprime_4000GeV_075,0.755394532921,4000.0,0.75
12,Zprime_4000GeV_030,0.848157150243,4000.0,0.3
13,Zprime_4000GeV_015,0.861819373933,4000.0,0.15
14,Zprime_3000GeV_030,0.844558081028,3000.0,0.3
15,Zprime_1500GeV_045,0.827982248397,1500.0,0.45
16,Zprime_3000GeV_075,0.766176013575,3000.0,0.75
17,Zprime_1500GeV_060,0.811355370582,1500.0,0.6
18,Zprime_3000GeV_015,0.86283794143,3000.0,0.15
19,Zprime_3500GeV_015,0.86114722213,3500.0,0.15
20,Zprime_3500GeV_030,0.84763890536,3500.0,0.3
21,Zprime_2000GeV_030,0.851355111232,2000.0,0.3
22,Zprime_2000GeV_015,0.865267628973,2000.0,0.15
23,Zprime_3500GeV_075,0.760075133587,3500.0,0.75
24,Zprime_3500GeV_045,0.822404780038,3500.0,0.45
25,Zprime_2500GeV_030,0.847530003157,2500.0,0.3
26,Zprime_2000GeV_060,0.808416578469,2000.0,0.6
27,Zprime_4000GeV_060,0.79363328131,4000.0,0.6
28,Zprime_2500GeV_075,0.77228590729,2500.0,0.75
29,Zprime_4000GeV_045,0.822014566368,4000.0,0.45
