,name,auc,mass,nu
0,Zprime_1500GeV_075,0.754004757814,1500.0,0.75
1,Zprime_1500GeV_015,0.841586149782,1500.0,0.15
2,Zprime_3000GeV_060,0.801735909745,3000.0,0.6
3,Zprime_1500GeV_030,0.828820371222,1500.0,0.3
4,Zprime_3000GeV_045,0.837823673739,3000.0,0.45
5,Zprime_2000GeV_045,0.826786110697,2000.0,0.45
6,Zprime_2500GeV_015,0.877700495401,2500.0,0.15
7,Zprime_3500GeV_060,0.804366146603,3500.0,0.6
8,Zprime_2500GeV_045,0.831684589994,2500.0,0.45
9,Zprime_2000GeV_075,0.757478710682,2000.0,0.75
10,Zprime_2500GeV_060,0.795893513961,2500.0,0.6
11,Zprime_4000GeV_075,0.756064849526,4000.0,0.75
12,Zprime_4000GeV_030,0.879079417073,4000.0,0.3
13,Zprime_4000GeV_015,0.894769673764,4000.0,0.15
14,Zprime_3000GeV_030,0.864344118146,3000.0,0.3
15,Zprime_1500GeV_045,0.803846833735,1500.0,0.45
16,Zprime_3000GeV_075,0.759290334306,3000.0,0.75
17,Zprime_1500GeV_060,0.782151841929,1500.0,0.6
18,Zprime_3000GeV_015,0.886864892556,3000.0,0.15
19,Zprime_3500GeV_015,0.891860926339,3500.0,0.15
20,Zprime_3500GeV_030,0.872845092228,3500.0,0.3
21,Zprime_2000GeV_030,0.849220705592,2000.0,0.3
22,Zprime_2000GeV_015,0.868932894126,2000.0,0.15
23,Zprime_3500GeV_075,0.759558402392,3500.0,0.75
24,Zprime_3500GeV_045,0.844623808855,3500.0,0.45
25,Zprime_2500GeV_030,0.857312638599,2500.0,0.3
26,Zprime_2000GeV_060,0.794549833946,2000.0,0.6
27,Zprime_4000GeV_060,0.809682943093,4000.0,0.6
28,Zprime_2500GeV_075,0.753015274759,2500.0,0.75
29,Zprime_4000GeV_045,0.847347451925,4000.0,0.45
