,name,auc,mass,nu
0,Zprime_1500GeV_075,0.730121283017,1500.0,0.75
1,Zprime_1500GeV_015,0.82699089709,1500.0,0.15
2,Zprime_3000GeV_060,0.761551965892,3000.0,0.6
3,Zprime_1500GeV_030,0.811372737185,1500.0,0.3
4,Zprime_3000GeV_045,0.796321726923,3000.0,0.45
5,Zprime_2000GeV_045,0.794303437729,2000.0,0.45
6,Zprime_2500GeV_015,0.839088602036,2500.0,0.15
7,Zprime_3500GeV_060,0.766033600551,3500.0,0.6
8,Zprime_2500GeV_045,0.79220761858,2500.0,0.45
9,Zprime_2000GeV_075,0.733724285316,2000.0,0.75
10,Zprime_2500GeV_060,0.761196516477,2500.0,0.6
11,Zprime_4000GeV_075,0.722855172923,4000.0,0.75
12,Zprime_4000GeV_030,0.835994213244,4000.0,0.3
13,Zprime_4000GeV_015,0.856051226644,4000.0,0.15
14,Zprime_3000GeV_030,0.821247162867,3000.0,0.3
15,Zprime_1500GeV_045,0.786085133464,1500.0,0.45
16,Zprime_3000GeV_075,0.725365682424,3000.0,0.75
17,Zprime_1500GeV_060,0.763392057338,1500.0,0.6
18,Zprime_3000GeV_015,0.845202696805,3000.0,0.15
19,Zprime_3500GeV_015,0.848765696377,3500.0,0.15
20,Zprime_3500GeV_030,0.829751956944,3500.0,0.3
21,Zprime_2000GeV_030,0.819875629171,2000.0,0.3
22,Zprime_2000GeV_015,0.837566800327,2000.0,0.15
23,Zprime_3500GeV_075,0.724951231166,3500.0,0.75
24,Zprime_3500GeV_045,0.798623421281,3500.0,0.45
25,Zprime_2500GeV_030,0.819150849228,2500.0,0.3
26,Zprime_2000GeV_060,0.763013809042,2000.0,0.6
27,Zprime_4000GeV_060,0.769025504981,4000.0,0.6
28,Zprime_2500GeV_075,0.723140936046,2500.0,0.75
29,Zprime_4000GeV_045,0.803595082768,4000.0,0.45
