,name,auc,mass,nu
0,Zprime_1500GeV_075,0.691871105974,1500.0,0.75
1,Zprime_1500GeV_015,0.790094146737,1500.0,0.15
2,Zprime_3000GeV_060,0.740990303835,3000.0,0.6
3,Zprime_1500GeV_030,0.775536996023,1500.0,0.3
4,Zprime_3000GeV_045,0.78305001703,3000.0,0.45
5,Zprime_2000GeV_045,0.778567139356,2000.0,0.45
6,Zprime_2500GeV_015,0.83123413694,2500.0,0.15
7,Zprime_3500GeV_060,0.742889116256,3500.0,0.6
8,Zprime_2500GeV_045,0.778246326439,2500.0,0.45
9,Zprime_2000GeV_075,0.700654292255,2000.0,0.75
10,Zprime_2500GeV_060,0.741001182301,2500.0,0.6
11,Zprime_4000GeV_075,0.687823643904,4000.0,0.75
12,Zprime_4000GeV_030,0.831507369642,4000.0,0.3
13,Zprime_4000GeV_015,0.853680229429,4000.0,0.15
14,Zprime_3000GeV_030,0.812083463367,3000.0,0.3
15,Zprime_1500GeV_045,0.745577019015,1500.0,0.45
16,Zprime_3000GeV_075,0.696541973593,3000.0,0.75
17,Zprime_1500GeV_060,0.723518484243,1500.0,0.6
18,Zprime_3000GeV_015,0.838079166706,3000.0,0.15
19,Zprime_3500GeV_015,0.847016371814,3500.0,0.15
20,Zprime_3500GeV_030,0.822892605248,3500.0,0.3
21,Zprime_2000GeV_030,0.8016133652,2000.0,0.3
22,Zprime_2000GeV_015,0.82425006542,2000.0,0.15
23,Zprime_3500GeV_075,0.694132694326,3500.0,0.75
24,Zprime_3500GeV_045,0.787111483113,3500.0,0.45
25,Zprime_2500GeV_030,0.807751898896,2500.0,0.3
26,Zprime_2000GeV_060,0.742367499176,2000.0,0.6
27,Zprime_4000GeV_060,0.747585488414,4000.0,0.6
28,Zprime_2500GeV_075,0.692955831899,2500.0,0.75
29,Zprime_4000GeV_045,0.790826691063,4000.0,0.45
