,name,auc,mass,nu
0,Zprime_1500GeV_075,0.751722800889,1500.0,0.75
1,Zprime_1500GeV_015,0.837801761202,1500.0,0.15
2,Zprime_3000GeV_060,0.770149703677,3000.0,0.6
3,Zprime_1500GeV_030,0.826893423697,1500.0,0.3
4,Zprime_3000GeV_045,0.800600413817,3000.0,0.45
5,Zprime_2000GeV_045,0.805393268517,2000.0,0.45
6,Zprime_2500GeV_015,0.838504900017,2500.0,0.15
7,Zprime_3500GeV_060,0.773377859462,3500.0,0.6
8,Zprime_2500GeV_045,0.79975115245,2500.0,0.45
9,Zprime_2000GeV_075,0.754363790173,2000.0,0.75
10,Zprime_2500GeV_060,0.771310791717,2500.0,0.6
11,Zprime_4000GeV_075,0.732181715874,4000.0,0.75
12,Zprime_4000GeV_030,0.836648072784,4000.0,0.3
13,Zprime_4000GeV_015,0.855395079738,4000.0,0.15
14,Zprime_3000GeV_030,0.822993860977,3000.0,0.3
15,Zprime_1500GeV_045,0.800417646292,1500.0,0.45
16,Zprime_3000GeV_075,0.736169494448,3000.0,0.75
17,Zprime_1500GeV_060,0.781683985934,1500.0,0.6
18,Zprime_3000GeV_015,0.844924052036,3000.0,0.15
19,Zprime_3500GeV_015,0.848527184966,3500.0,0.15
20,Zprime_3500GeV_030,0.831805323113,3500.0,0.3
21,Zprime_2000GeV_030,0.827655974796,2000.0,0.3
22,Zprime_2000GeV_015,0.842718859557,2000.0,0.15
23,Zprime_3500GeV_075,0.733852378006,3500.0,0.75
24,Zprime_3500GeV_045,0.803808587351,3500.0,0.45
25,Zprime_2500GeV_030,0.82183922019,2500.0,0.3
26,Zprime_2000GeV_060,0.77920251364,2000.0,0.6
27,Zprime_4000GeV_060,0.774968486729,4000.0,0.6
28,Zprime_2500GeV_075,0.739902657329,2500.0,0.75
29,Zprime_4000GeV_045,0.805624805483,4000.0,0.45
