,name,auc,mass,nu
0,Zprime_1500GeV_075,0.781752199073,1500.0,0.75
1,Zprime_1500GeV_015,0.859762713857,1500.0,0.15
2,Zprime_3000GeV_060,0.800511003291,3000.0,0.6
3,Zprime_1500GeV_030,0.852010127597,1500.0,0.3
4,Zprime_3000GeV_045,0.832331922164,3000.0,0.45
5,Zprime_2000GeV_045,0.841202348237,2000.0,0.45
6,Zprime_2500GeV_015,0.875327567768,2500.0,0.15
7,Zprime_3500GeV_060,0.798311472355,3500.0,0.6
8,Zprime_2500GeV_045,0.833932988174,2500.0,0.45
9,Zprime_2000GeV_075,0.786454167647,2000.0,0.75
10,Zprime_2500GeV_060,0.805949907753,2500.0,0.6
11,Zprime_4000GeV_075,0.754145262924,4000.0,0.75
12,Zprime_4000GeV_030,0.859469232209,4000.0,0.3
13,Zprime_4000GeV_015,0.876209888594,4000.0,0.15
14,Zprime_3000GeV_030,0.854900079456,3000.0,0.3
15,Zprime_1500GeV_045,0.831198798664,1500.0,0.45
16,Zprime_3000GeV_075,0.767382828978,3000.0,0.75
17,Zprime_1500GeV_060,0.808196409703,1500.0,0.6
18,Zprime_3000GeV_015,0.874396786324,3000.0,0.15
19,Zprime_3500GeV_015,0.87514174986,3500.0,0.15
20,Zprime_3500GeV_030,0.858271442325,3500.0,0.3
21,Zprime_2000GeV_030,0.861314311036,2000.0,0.3
22,Zprime_2000GeV_015,0.877394288778,2000.0,0.15
23,Zprime_3500GeV_075,0.761976555402,3500.0,0.75
24,Zprime_3500GeV_045,0.830737350643,3500.0,0.45
25,Zprime_2500GeV_030,0.855601829132,2500.0,0.3
26,Zprime_2000GeV_060,0.813125253642,2000.0,0.6
27,Zprime_4000GeV_060,0.798539470704,4000.0,0.6
28,Zprime_2500GeV_075,0.771776500405,2500.0,0.75
29,Zprime_4000GeV_045,0.832037532202,4000.0,0.45
