,name,auc,mass,nu
0,Zprime_1500GeV_075,0.726739953642,1500.0,0.75
1,Zprime_1500GeV_015,0.804886701253,1500.0,0.15
2,Zprime_3000GeV_060,0.746869778646,3000.0,0.6
3,Zprime_1500GeV_030,0.7900878243,1500.0,0.3
4,Zprime_3000GeV_045,0.771212226201,3000.0,0.45
5,Zprime_2000GeV_045,0.78007603568,2000.0,0.45
6,Zprime_2500GeV_015,0.804308758489,2500.0,0.15
7,Zprime_3500GeV_060,0.744809060967,3500.0,0.6
8,Zprime_2500GeV_045,0.772001326565,2500.0,0.45
9,Zprime_2000GeV_075,0.734403604587,2000.0,0.75
10,Zprime_2500GeV_060,0.750272825347,2500.0,0.6
11,Zprime_4000GeV_075,0.713674854528,4000.0,0.75
12,Zprime_4000GeV_030,0.805454047611,4000.0,0.3
13,Zprime_4000GeV_015,0.824924550142,4000.0,0.15
14,Zprime_3000GeV_030,0.791827101232,3000.0,0.3
15,Zprime_1500GeV_045,0.771693287547,1500.0,0.45
16,Zprime_3000GeV_075,0.721712623531,3000.0,0.75
17,Zprime_1500GeV_060,0.752967037237,1500.0,0.6
18,Zprime_3000GeV_015,0.809941517495,3000.0,0.15
19,Zprime_3500GeV_015,0.816690241478,3500.0,0.15
20,Zprime_3500GeV_030,0.799190721247,3500.0,0.3
21,Zprime_2000GeV_030,0.798391999888,2000.0,0.3
22,Zprime_2000GeV_015,0.812410871259,2000.0,0.15
23,Zprime_3500GeV_075,0.717087849782,3500.0,0.75
24,Zprime_3500GeV_045,0.773512446168,3500.0,0.45
25,Zprime_2500GeV_030,0.791010937392,2500.0,0.3
26,Zprime_2000GeV_060,0.756143896679,2000.0,0.6
27,Zprime_4000GeV_060,0.749123719774,4000.0,0.6
28,Zprime_2500GeV_075,0.721554278791,2500.0,0.75
29,Zprime_4000GeV_045,0.778122657425,4000.0,0.45
