,name,auc,mass,nu
0,Zprime_1500GeV_075,0.807364798806,1500.0,0.75
1,Zprime_1500GeV_015,0.877478995267,1500.0,0.15
2,Zprime_3000GeV_060,0.828334364637,3000.0,0.6
3,Zprime_1500GeV_030,0.866565887518,1500.0,0.3
4,Zprime_3000GeV_045,0.854498011344,3000.0,0.45
5,Zprime_2000GeV_045,0.859698668736,2000.0,0.45
6,Zprime_2500GeV_015,0.886968006547,2500.0,0.15
7,Zprime_3500GeV_060,0.82577792392,3500.0,0.6
8,Zprime_2500GeV_045,0.85505606741,2500.0,0.45
9,Zprime_2000GeV_075,0.810118615212,2000.0,0.75
10,Zprime_2500GeV_060,0.830917177917,2500.0,0.6
11,Zprime_4000GeV_075,0.789847668625,4000.0,0.75
12,Zprime_4000GeV_030,0.882718331086,4000.0,0.3
13,Zprime_4000GeV_015,0.89583043601,4000.0,0.15
14,Zprime_3000GeV_030,0.873636904425,3000.0,0.3
15,Zprime_1500GeV_045,0.845406945222,1500.0,0.45
16,Zprime_3000GeV_075,0.795604729702,3000.0,0.75
17,Zprime_1500GeV_060,0.828367533722,1500.0,0.6
18,Zprime_3000GeV_015,0.891525190301,3000.0,0.15
19,Zprime_3500GeV_015,0.893319244139,3500.0,0.15
20,Zprime_3500GeV_030,0.879563234183,3500.0,0.3
21,Zprime_2000GeV_030,0.877721538576,2000.0,0.3
22,Zprime_2000GeV_015,0.889699525901,2000.0,0.15
23,Zprime_3500GeV_075,0.793592196067,3500.0,0.75
24,Zprime_3500GeV_045,0.854354672892,3500.0,0.45
25,Zprime_2500GeV_030,0.872030493191,2500.0,0.3
26,Zprime_2000GeV_060,0.833935297871,2000.0,0.6
27,Zprime_4000GeV_060,0.827883220794,4000.0,0.6
28,Zprime_2500GeV_075,0.800279441362,2500.0,0.75
29,Zprime_4000GeV_045,0.857062373358,4000.0,0.45
