,name,auc,mass,nu
0,Zprime_1500GeV_075,0.805634116269,1500.0,0.75
1,Zprime_1500GeV_015,0.875304009394,1500.0,0.15
2,Zprime_3000GeV_060,0.81462981422,3000.0,0.6
3,Zprime_1500GeV_030,0.867679284652,1500.0,0.3
4,Zprime_3000GeV_045,0.845655040077,3000.0,0.45
5,Zprime_2000GeV_045,0.851384022703,2000.0,0.45
6,Zprime_2500GeV_015,0.88171912203,2500.0,0.15
7,Zprime_3500GeV_060,0.8143661661,3500.0,0.6
8,Zprime_2500GeV_045,0.845898655467,2500.0,0.45
9,Zprime_2000GeV_075,0.803474456432,2000.0,0.75
10,Zprime_2500GeV_060,0.821202140646,2500.0,0.6
11,Zprime_4000GeV_075,0.774287405946,4000.0,0.75
12,Zprime_4000GeV_030,0.873573531206,4000.0,0.3
13,Zprime_4000GeV_015,0.887055371731,4000.0,0.15
14,Zprime_3000GeV_030,0.866287762308,3000.0,0.3
15,Zprime_1500GeV_045,0.850807482221,1500.0,0.45
16,Zprime_3000GeV_075,0.785313885946,3000.0,0.75
17,Zprime_1500GeV_060,0.833969509926,1500.0,0.6
18,Zprime_3000GeV_015,0.884478235997,3000.0,0.15
19,Zprime_3500GeV_015,0.885336511594,3500.0,0.15
20,Zprime_3500GeV_030,0.869802951488,3500.0,0.3
21,Zprime_2000GeV_030,0.870518365577,2000.0,0.3
22,Zprime_2000GeV_015,0.882904350393,2000.0,0.15
23,Zprime_3500GeV_075,0.779718236652,3500.0,0.75
24,Zprime_3500GeV_045,0.845806504669,3500.0,0.45
25,Zprime_2500GeV_030,0.866345726495,2500.0,0.3
26,Zprime_2000GeV_060,0.828289495256,2000.0,0.6
27,Zprime_4000GeV_060,0.815670656704,4000.0,0.6
28,Zprime_2500GeV_075,0.790958450756,2500.0,0.75
29,Zprime_4000GeV_045,0.846820396183,4000.0,0.45
