,name,auc,mass,nu
0,Zprime_1500GeV_075,0.784631013437,1500.0,0.75
1,Zprime_1500GeV_015,0.864504585081,1500.0,0.15
2,Zprime_3000GeV_060,0.797329239021,3000.0,0.6
3,Zprime_1500GeV_030,0.855615213809,1500.0,0.3
4,Zprime_3000GeV_045,0.827680989826,3000.0,0.45
5,Zprime_2000GeV_045,0.83633837615,2000.0,0.45
6,Zprime_2500GeV_015,0.869557239733,2500.0,0.15
7,Zprime_3500GeV_060,0.795552798075,3500.0,0.6
8,Zprime_2500GeV_045,0.83115772308,2500.0,0.45
9,Zprime_2000GeV_075,0.786066118247,2000.0,0.75
10,Zprime_2500GeV_060,0.804947344119,2500.0,0.6
11,Zprime_4000GeV_075,0.75462219407,4000.0,0.75
12,Zprime_4000GeV_030,0.851569140836,4000.0,0.3
13,Zprime_4000GeV_015,0.865841694104,4000.0,0.15
14,Zprime_3000GeV_030,0.848572102233,3000.0,0.3
15,Zprime_1500GeV_045,0.832352753007,1500.0,0.45
16,Zprime_3000GeV_075,0.767149194131,3000.0,0.75
17,Zprime_1500GeV_060,0.816009706977,1500.0,0.6
18,Zprime_3000GeV_015,0.867151954258,3000.0,0.15
19,Zprime_3500GeV_015,0.863855770149,3500.0,0.15
20,Zprime_3500GeV_030,0.850540400539,3500.0,0.3
21,Zprime_2000GeV_030,0.857185556905,2000.0,0.3
22,Zprime_2000GeV_015,0.871392795569,2000.0,0.15
23,Zprime_3500GeV_075,0.760541148166,3500.0,0.75
24,Zprime_3500GeV_045,0.824329202188,3500.0,0.45
25,Zprime_2500GeV_030,0.85236426742,2500.0,0.3
26,Zprime_2000GeV_060,0.811842242733,2000.0,0.6
27,Zprime_4000GeV_060,0.795963798637,4000.0,0.6
28,Zprime_2500GeV_075,0.772438199762,2500.0,0.75
29,Zprime_4000GeV_045,0.824428723061,4000.0,0.45
