,name,auc,mass,nu
0,Zprime_1500GeV_075,0.799382078878,1500.0,0.75
1,Zprime_1500GeV_015,0.868362605173,1500.0,0.15
2,Zprime_3000GeV_060,0.807466946154,3000.0,0.6
3,Zprime_1500GeV_030,0.854628723507,1500.0,0.3
4,Zprime_3000GeV_045,0.837473225745,3000.0,0.45
5,Zprime_2000GeV_045,0.839437517344,2000.0,0.45
6,Zprime_2500GeV_015,0.872584626226,2500.0,0.15
7,Zprime_3500GeV_060,0.806945769616,3500.0,0.6
8,Zprime_2500GeV_045,0.836071905995,2500.0,0.45
9,Zprime_2000GeV_075,0.792871593729,2000.0,0.75
10,Zprime_2500GeV_060,0.812258490336,2500.0,0.6
11,Zprime_4000GeV_075,0.765517844985,4000.0,0.75
12,Zprime_4000GeV_030,0.867520372949,4000.0,0.3
13,Zprime_4000GeV_015,0.882312316645,4000.0,0.15
14,Zprime_3000GeV_030,0.858369613173,3000.0,0.3
15,Zprime_1500GeV_045,0.836126227381,1500.0,0.45
16,Zprime_3000GeV_075,0.776270219363,3000.0,0.75
17,Zprime_1500GeV_060,0.826031265488,1500.0,0.6
18,Zprime_3000GeV_015,0.876726033915,3000.0,0.15
19,Zprime_3500GeV_015,0.879468111619,3500.0,0.15
20,Zprime_3500GeV_030,0.863960542153,3500.0,0.3
21,Zprime_2000GeV_030,0.858115242507,2000.0,0.3
22,Zprime_2000GeV_015,0.869780105195,2000.0,0.15
23,Zprime_3500GeV_075,0.771256830837,3500.0,0.75
24,Zprime_3500GeV_045,0.838083376473,3500.0,0.45
25,Zprime_2500GeV_030,0.857270360661,2500.0,0.3
26,Zprime_2000GeV_060,0.816566939932,2000.0,0.6
27,Zprime_4000GeV_060,0.808266959839,4000.0,0.6
28,Zprime_2500GeV_075,0.78052162588,2500.0,0.75
29,Zprime_4000GeV_045,0.840252708586,4000.0,0.45
