,name,auc,mass,nu
0,Zprime_1500GeV_075,0.792269537569,1500.0,0.75
1,Zprime_1500GeV_015,0.866062682708,1500.0,0.15
2,Zprime_3000GeV_060,0.803500626562,3000.0,0.6
3,Zprime_1500GeV_030,0.854626146253,1500.0,0.3
4,Zprime_3000GeV_045,0.83364295636,3000.0,0.45
5,Zprime_2000GeV_045,0.838885287864,2000.0,0.45
6,Zprime_2500GeV_015,0.871664782028,2500.0,0.15
7,Zprime_3500GeV_060,0.803735256344,3500.0,0.6
8,Zprime_2500GeV_045,0.834264196224,2500.0,0.45
9,Zprime_2000GeV_075,0.789993996593,2000.0,0.75
10,Zprime_2500GeV_060,0.806623236602,2500.0,0.6
11,Zprime_4000GeV_075,0.763832381489,4000.0,0.75
12,Zprime_4000GeV_030,0.86437523263,4000.0,0.3
13,Zprime_4000GeV_015,0.878984344572,4000.0,0.15
14,Zprime_3000GeV_030,0.85439564807,3000.0,0.3
15,Zprime_1500GeV_045,0.835668173794,1500.0,0.45
16,Zprime_3000GeV_075,0.772378545854,3000.0,0.75
17,Zprime_1500GeV_060,0.820482880886,1500.0,0.6
18,Zprime_3000GeV_015,0.873972773284,3000.0,0.15
19,Zprime_3500GeV_015,0.875773331001,3500.0,0.15
20,Zprime_3500GeV_030,0.860101812833,3500.0,0.3
21,Zprime_2000GeV_030,0.858600479711,2000.0,0.3
22,Zprime_2000GeV_015,0.871325167075,2000.0,0.15
23,Zprime_3500GeV_075,0.767276939771,3500.0,0.75
24,Zprime_3500GeV_045,0.833159653745,3500.0,0.45
25,Zprime_2500GeV_030,0.854973521835,2500.0,0.3
26,Zprime_2000GeV_060,0.814894501852,2000.0,0.6
27,Zprime_4000GeV_060,0.806058964901,4000.0,0.6
28,Zprime_2500GeV_075,0.776670791382,2500.0,0.75
29,Zprime_4000GeV_045,0.836122127482,4000.0,0.45
