,name,auc,mass,nu
0,Zprime_1500GeV_075,0.802217480409,1500.0,0.75
1,Zprime_1500GeV_015,0.872350356121,1500.0,0.15
2,Zprime_3000GeV_060,0.807584764979,3000.0,0.6
3,Zprime_1500GeV_030,0.86163631583,1500.0,0.3
4,Zprime_3000GeV_045,0.837355485873,3000.0,0.45
5,Zprime_2000GeV_045,0.843450087661,2000.0,0.45
6,Zprime_2500GeV_015,0.87461101033,2500.0,0.15
7,Zprime_3500GeV_060,0.805795752868,3500.0,0.6
8,Zprime_2500GeV_045,0.838346254728,2500.0,0.45
9,Zprime_2000GeV_075,0.797725276129,2000.0,0.75
10,Zprime_2500GeV_060,0.814787672737,2500.0,0.6
11,Zprime_4000GeV_075,0.766150492217,4000.0,0.75
12,Zprime_4000GeV_030,0.865696779285,4000.0,0.3
13,Zprime_4000GeV_015,0.880715012145,4000.0,0.15
14,Zprime_3000GeV_030,0.859194920109,3000.0,0.3
15,Zprime_1500GeV_045,0.84621576511,1500.0,0.45
16,Zprime_3000GeV_075,0.779135086056,3000.0,0.75
17,Zprime_1500GeV_060,0.830886792984,1500.0,0.6
18,Zprime_3000GeV_015,0.877086820365,3000.0,0.15
19,Zprime_3500GeV_015,0.878381583907,3500.0,0.15
20,Zprime_3500GeV_030,0.86268327681,3500.0,0.3
21,Zprime_2000GeV_030,0.862714946267,2000.0,0.3
22,Zprime_2000GeV_015,0.874744540592,2000.0,0.15
23,Zprime_3500GeV_075,0.771820124472,3500.0,0.75
24,Zprime_3500GeV_045,0.836152192962,3500.0,0.45
25,Zprime_2500GeV_030,0.858842685873,2500.0,0.3
26,Zprime_2000GeV_060,0.821326135807,2000.0,0.6
27,Zprime_4000GeV_060,0.806489043849,4000.0,0.6
28,Zprime_2500GeV_075,0.785406345896,2500.0,0.75
29,Zprime_4000GeV_045,0.838171017649,4000.0,0.45
