,name,auc,mass,nu
0,Zprime_1500GeV_075,0.732047712787,1500.0,0.75
1,Zprime_1500GeV_015,0.829812933275,1500.0,0.15
2,Zprime_3000GeV_060,0.756535544733,3000.0,0.6
3,Zprime_1500GeV_030,0.814626519822,1500.0,0.3
4,Zprime_3000GeV_045,0.787375435496,3000.0,0.45
5,Zprime_2000GeV_045,0.793410487301,2000.0,0.45
6,Zprime_2500GeV_015,0.834327919059,2500.0,0.15
7,Zprime_3500GeV_060,0.756045146671,3500.0,0.6
8,Zprime_2500GeV_045,0.791161209178,2500.0,0.45
9,Zprime_2000GeV_075,0.735059206202,2000.0,0.75
10,Zprime_2500GeV_060,0.761494659147,2500.0,0.6
11,Zprime_4000GeV_075,0.716013107649,4000.0,0.75
12,Zprime_4000GeV_030,0.818593040899,4000.0,0.3
13,Zprime_4000GeV_015,0.839486345496,4000.0,0.15
14,Zprime_3000GeV_030,0.810477371592,3000.0,0.3
15,Zprime_1500GeV_045,0.786336379829,1500.0,0.45
16,Zprime_3000GeV_075,0.723047866368,3000.0,0.75
17,Zprime_1500GeV_060,0.767381764221,1500.0,0.6
18,Zprime_3000GeV_015,0.832116877904,3000.0,0.15
19,Zprime_3500GeV_015,0.832233157392,3500.0,0.15
20,Zprime_3500GeV_030,0.814146270051,3500.0,0.3
21,Zprime_2000GeV_030,0.818565448752,2000.0,0.3
22,Zprime_2000GeV_015,0.836124108608,2000.0,0.15
23,Zprime_3500GeV_075,0.720352451464,3500.0,0.75
24,Zprime_3500GeV_045,0.786093813279,3500.0,0.45
25,Zprime_2500GeV_030,0.814034392176,2500.0,0.3
26,Zprime_2000GeV_060,0.763631687433,2000.0,0.6
27,Zprime_4000GeV_060,0.758263812869,4000.0,0.6
28,Zprime_2500GeV_075,0.724189661591,2500.0,0.75
29,Zprime_4000GeV_045,0.788672986073,4000.0,0.45
