,name,auc,mass,nu
0,Zprime_1500GeV_075,0.807249204648,1500.0,0.75
1,Zprime_1500GeV_015,0.878989800188,1500.0,0.15
2,Zprime_3000GeV_060,0.81444808252,3000.0,0.6
3,Zprime_1500GeV_030,0.868033245189,1500.0,0.3
4,Zprime_3000GeV_045,0.842333154675,3000.0,0.45
5,Zprime_2000GeV_045,0.851941194188,2000.0,0.45
6,Zprime_2500GeV_015,0.879814930836,2500.0,0.15
7,Zprime_3500GeV_060,0.81207065694,3500.0,0.6
8,Zprime_2500GeV_045,0.844988043562,2500.0,0.45
9,Zprime_2000GeV_075,0.805899777922,2000.0,0.75
10,Zprime_2500GeV_060,0.820597684091,2500.0,0.6
11,Zprime_4000GeV_075,0.773895513898,4000.0,0.75
12,Zprime_4000GeV_030,0.867671921769,4000.0,0.3
13,Zprime_4000GeV_015,0.881864177295,4000.0,0.15
14,Zprime_3000GeV_030,0.863090736382,3000.0,0.3
15,Zprime_1500GeV_045,0.852810559189,1500.0,0.45
16,Zprime_3000GeV_075,0.786099237237,3000.0,0.75
17,Zprime_1500GeV_060,0.834404568103,1500.0,0.6
18,Zprime_3000GeV_015,0.880086399871,3000.0,0.15
19,Zprime_3500GeV_015,0.880369573288,3500.0,0.15
20,Zprime_3500GeV_030,0.865200753021,3500.0,0.3
21,Zprime_2000GeV_030,0.869866135799,2000.0,0.3
22,Zprime_2000GeV_015,0.883619317392,2000.0,0.15
23,Zprime_3500GeV_075,0.780561026806,3500.0,0.75
24,Zprime_3500GeV_045,0.841268825461,3500.0,0.45
25,Zprime_2500GeV_030,0.865290989774,2500.0,0.3
26,Zprime_2000GeV_060,0.829775977065,2000.0,0.6
27,Zprime_4000GeV_060,0.811644641541,4000.0,0.6
28,Zprime_2500GeV_075,0.794495347633,2500.0,0.75
29,Zprime_4000GeV_045,0.842260151153,4000.0,0.45
