,name,auc,mass,nu
0,Zprime_1500GeV_075,0.745457786565,1500.0,0.75
1,Zprime_1500GeV_015,0.83707706949,1500.0,0.15
2,Zprime_3000GeV_060,0.768070471906,3000.0,0.6
3,Zprime_1500GeV_030,0.823440939604,1500.0,0.3
4,Zprime_3000GeV_045,0.799499224321,3000.0,0.45
5,Zprime_2000GeV_045,0.804869947174,2000.0,0.45
6,Zprime_2500GeV_015,0.8425265931,2500.0,0.15
7,Zprime_3500GeV_060,0.769365737344,3500.0,0.6
8,Zprime_2500GeV_045,0.800311367176,2500.0,0.45
9,Zprime_2000GeV_075,0.748821646226,2000.0,0.75
10,Zprime_2500GeV_060,0.770521417081,2500.0,0.6
11,Zprime_4000GeV_075,0.728370827419,4000.0,0.75
12,Zprime_4000GeV_030,0.833859956083,4000.0,0.3
13,Zprime_4000GeV_015,0.853534414726,4000.0,0.15
14,Zprime_3000GeV_030,0.822403257509,3000.0,0.3
15,Zprime_1500GeV_045,0.800143165612,1500.0,0.45
16,Zprime_3000GeV_075,0.732525064935,3000.0,0.75
17,Zprime_1500GeV_060,0.780632443733,1500.0,0.6
18,Zprime_3000GeV_015,0.844127168615,3000.0,0.15
19,Zprime_3500GeV_015,0.845070335779,3500.0,0.15
20,Zprime_3500GeV_030,0.828491291388,3500.0,0.3
21,Zprime_2000GeV_030,0.828707642392,2000.0,0.3
22,Zprime_2000GeV_015,0.844933006673,2000.0,0.15
23,Zprime_3500GeV_075,0.730011920033,3500.0,0.75
24,Zprime_3500GeV_045,0.797629235228,3500.0,0.45
25,Zprime_2500GeV_030,0.824092565596,2500.0,0.3
26,Zprime_2000GeV_060,0.77739440766,2000.0,0.6
27,Zprime_4000GeV_060,0.771255678815,4000.0,0.6
28,Zprime_2500GeV_075,0.735426531558,2500.0,0.75
29,Zprime_4000GeV_045,0.802084602965,4000.0,0.45
