,name,auc,mass,nu
0,Zprime_1500GeV_075,0.784206471281,1500.0,0.75
1,Zprime_1500GeV_015,0.867109099109,1500.0,0.15
2,Zprime_3000GeV_060,0.805531771311,3000.0,0.6
3,Zprime_1500GeV_030,0.856936321963,1500.0,0.3
4,Zprime_3000GeV_045,0.833761153035,3000.0,0.45
5,Zprime_2000GeV_045,0.848588934172,2000.0,0.45
6,Zprime_2500GeV_015,0.878293010147,2500.0,0.15
7,Zprime_3500GeV_060,0.798891796409,3500.0,0.6
8,Zprime_2500GeV_045,0.841213708345,2500.0,0.45
9,Zprime_2000GeV_075,0.790863733571,2000.0,0.75
10,Zprime_2500GeV_060,0.813747920724,2500.0,0.6
11,Zprime_4000GeV_075,0.760147698958,4000.0,0.75
12,Zprime_4000GeV_030,0.846841828708,4000.0,0.3
13,Zprime_4000GeV_015,0.860009597066,4000.0,0.15
14,Zprime_3000GeV_030,0.853152336784,3000.0,0.3
15,Zprime_1500GeV_045,0.832702309688,1500.0,0.45
16,Zprime_3000GeV_075,0.77400890318,3000.0,0.75
17,Zprime_1500GeV_060,0.811504315017,1500.0,0.6
18,Zprime_3000GeV_015,0.871287764577,3000.0,0.15
19,Zprime_3500GeV_015,0.862982294189,3500.0,0.15
20,Zprime_3500GeV_030,0.850167499568,3500.0,0.3
21,Zprime_2000GeV_030,0.869888228449,2000.0,0.3
22,Zprime_2000GeV_015,0.884912744897,2000.0,0.15
23,Zprime_3500GeV_075,0.767394521891,3500.0,0.75
24,Zprime_3500GeV_045,0.82726327093,3500.0,0.45
25,Zprime_2500GeV_030,0.860771524609,2500.0,0.3
26,Zprime_2000GeV_060,0.819231744153,2000.0,0.6
27,Zprime_4000GeV_060,0.79654236466,4000.0,0.6
28,Zprime_2500GeV_075,0.778234562284,2500.0,0.75
29,Zprime_4000GeV_045,0.82331130792,4000.0,0.45
