,name,auc,mass,nu
0,Zprime_1500GeV_075,0.806949269766,1500.0,0.75
1,Zprime_1500GeV_015,0.875538041903,1500.0,0.15
2,Zprime_3000GeV_060,0.812775586093,3000.0,0.6
3,Zprime_1500GeV_030,0.867256429079,1500.0,0.3
4,Zprime_3000GeV_045,0.841786900837,3000.0,0.45
5,Zprime_2000GeV_045,0.850487830891,2000.0,0.45
6,Zprime_2500GeV_015,0.878924680597,2500.0,0.15
7,Zprime_3500GeV_060,0.810995823948,3500.0,0.6
8,Zprime_2500GeV_045,0.843733957229,2500.0,0.45
9,Zprime_2000GeV_075,0.803254941853,2000.0,0.75
10,Zprime_2500GeV_060,0.81978066782,2500.0,0.6
11,Zprime_4000GeV_075,0.772050925213,4000.0,0.75
12,Zprime_4000GeV_030,0.867383815312,4000.0,0.3
13,Zprime_4000GeV_015,0.88135319319,4000.0,0.15
14,Zprime_3000GeV_030,0.861581819021,3000.0,0.3
15,Zprime_1500GeV_045,0.851448025546,1500.0,0.45
16,Zprime_3000GeV_075,0.783618161533,3000.0,0.75
17,Zprime_1500GeV_060,0.83541447046,1500.0,0.6
18,Zprime_3000GeV_015,0.878878524951,3000.0,0.15
19,Zprime_3500GeV_015,0.879228765956,3500.0,0.15
20,Zprime_3500GeV_030,0.864357985715,3500.0,0.3
21,Zprime_2000GeV_030,0.869299417046,2000.0,0.3
22,Zprime_2000GeV_015,0.881925407036,2000.0,0.15
23,Zprime_3500GeV_075,0.777750717867,3500.0,0.75
24,Zprime_3500GeV_045,0.840565995876,3500.0,0.45
25,Zprime_2500GeV_030,0.863878568009,2500.0,0.3
26,Zprime_2000GeV_060,0.82840898383,2000.0,0.6
27,Zprime_4000GeV_060,0.811445511459,4000.0,0.6
28,Zprime_2500GeV_075,0.789047489017,2500.0,0.75
29,Zprime_4000GeV_045,0.84228525207,4000.0,0.45
