,name,auc,mass,nu
0,Zprime_1500GeV_075,0.804122956775,1500.0,0.75
1,Zprime_1500GeV_015,0.875770630629,1500.0,0.15
2,Zprime_3000GeV_060,0.826996891486,3000.0,0.6
3,Zprime_1500GeV_030,0.862962578491,1500.0,0.3
4,Zprime_3000GeV_045,0.851222508759,3000.0,0.45
5,Zprime_2000GeV_045,0.859143086682,2000.0,0.45
6,Zprime_2500GeV_015,0.883936152093,2500.0,0.15
7,Zprime_3500GeV_060,0.822525924869,3500.0,0.6
8,Zprime_2500GeV_045,0.853434407696,2500.0,0.45
9,Zprime_2000GeV_075,0.808529036972,2000.0,0.75
10,Zprime_2500GeV_060,0.829843572906,2500.0,0.6
11,Zprime_4000GeV_075,0.788055782385,4000.0,0.75
12,Zprime_4000GeV_030,0.87617508067,4000.0,0.3
13,Zprime_4000GeV_015,0.887679815398,4000.0,0.15
14,Zprime_3000GeV_030,0.869535846131,3000.0,0.3
15,Zprime_1500GeV_045,0.841973947663,1500.0,0.45
16,Zprime_3000GeV_075,0.79518738597,3000.0,0.75
17,Zprime_1500GeV_060,0.825622047169,1500.0,0.6
18,Zprime_3000GeV_015,0.886255829623,3000.0,0.15
19,Zprime_3500GeV_015,0.886283131395,3500.0,0.15
20,Zprime_3500GeV_030,0.873292720218,3500.0,0.3
21,Zprime_2000GeV_030,0.876665333617,2000.0,0.3
22,Zprime_2000GeV_015,0.888373811155,2000.0,0.15
23,Zprime_3500GeV_075,0.792413993893,3500.0,0.75
24,Zprime_3500GeV_045,0.850390737477,3500.0,0.45
25,Zprime_2500GeV_030,0.870374055456,2500.0,0.3
26,Zprime_2000GeV_060,0.832332936081,2000.0,0.6
27,Zprime_4000GeV_060,0.823928318756,4000.0,0.6
28,Zprime_2500GeV_075,0.800334033955,2500.0,0.75
29,Zprime_4000GeV_045,0.851843987838,4000.0,0.45
