,name,auc,mass,nu
0,Zprime_1500GeV_075,0.778126431887,1500.0,0.75
1,Zprime_1500GeV_015,0.85311594096,1500.0,0.15
2,Zprime_3000GeV_060,0.808202482488,3000.0,0.6
3,Zprime_1500GeV_030,0.839945987922,1500.0,0.3
4,Zprime_3000GeV_045,0.836202203422,3000.0,0.45
5,Zprime_2000GeV_045,0.837930232966,2000.0,0.45
6,Zprime_2500GeV_015,0.871762289678,2500.0,0.15
7,Zprime_3500GeV_060,0.807561119046,3500.0,0.6
8,Zprime_2500GeV_045,0.834608100621,2500.0,0.45
9,Zprime_2000GeV_075,0.784908858283,2000.0,0.75
10,Zprime_2500GeV_060,0.807016947869,2500.0,0.6
11,Zprime_4000GeV_075,0.768591803115,4000.0,0.75
12,Zprime_4000GeV_030,0.871004137859,4000.0,0.3
13,Zprime_4000GeV_015,0.886848184535,4000.0,0.15
14,Zprime_3000GeV_030,0.858061376097,3000.0,0.3
15,Zprime_1500GeV_045,0.817999998724,1500.0,0.45
16,Zprime_3000GeV_075,0.775060973367,3000.0,0.75
17,Zprime_1500GeV_060,0.802724533783,1500.0,0.6
18,Zprime_3000GeV_015,0.878488021099,3000.0,0.15
19,Zprime_3500GeV_015,0.882207277596,3500.0,0.15
20,Zprime_3500GeV_030,0.866041723156,3500.0,0.3
21,Zprime_2000GeV_030,0.855719292683,2000.0,0.3
22,Zprime_2000GeV_015,0.870444015382,2000.0,0.15
23,Zprime_3500GeV_075,0.774625407464,3500.0,0.75
24,Zprime_3500GeV_045,0.83957604771,3500.0,0.45
25,Zprime_2500GeV_030,0.85505059874,2500.0,0.3
26,Zprime_2000GeV_060,0.810652087443,2000.0,0.6
27,Zprime_4000GeV_060,0.810873417825,4000.0,0.6
28,Zprime_2500GeV_075,0.775974012509,2500.0,0.75
29,Zprime_4000GeV_045,0.842921782295,4000.0,0.45
