,name,auc,mass,nu
0,Zprime_1500GeV_075,0.807722494587,1500.0,0.75
1,Zprime_1500GeV_015,0.872427319193,1500.0,0.15
2,Zprime_3000GeV_060,0.823822212123,3000.0,0.6
3,Zprime_1500GeV_030,0.86090006276,1500.0,0.3
4,Zprime_3000GeV_045,0.850218946301,3000.0,0.45
5,Zprime_2000GeV_045,0.85719027399,2000.0,0.45
6,Zprime_2500GeV_015,0.885163276534,2500.0,0.15
7,Zprime_3500GeV_060,0.821303184861,3500.0,0.6
8,Zprime_2500GeV_045,0.85097920081,2500.0,0.45
9,Zprime_2000GeV_075,0.807356630509,2000.0,0.75
10,Zprime_2500GeV_060,0.827059490829,2500.0,0.6
11,Zprime_4000GeV_075,0.785934848622,4000.0,0.75
12,Zprime_4000GeV_030,0.877749378046,4000.0,0.3
13,Zprime_4000GeV_015,0.891351966558,4000.0,0.15
14,Zprime_3000GeV_030,0.86973718559,3000.0,0.3
15,Zprime_1500GeV_045,0.842015959718,1500.0,0.45
16,Zprime_3000GeV_075,0.792905560699,3000.0,0.75
17,Zprime_1500GeV_060,0.827154691738,1500.0,0.6
18,Zprime_3000GeV_015,0.887126654538,3000.0,0.15
19,Zprime_3500GeV_015,0.889043265547,3500.0,0.15
20,Zprime_3500GeV_030,0.87475637204,3500.0,0.3
21,Zprime_2000GeV_030,0.874724328839,2000.0,0.3
22,Zprime_2000GeV_015,0.887547050834,2000.0,0.15
23,Zprime_3500GeV_075,0.790646873059,3500.0,0.75
24,Zprime_3500GeV_045,0.850818596918,3500.0,0.45
25,Zprime_2500GeV_030,0.869607154286,2500.0,0.3
26,Zprime_2000GeV_060,0.830722322182,2000.0,0.6
27,Zprime_4000GeV_060,0.82350578278,4000.0,0.6
28,Zprime_2500GeV_075,0.79707226817,2500.0,0.75
29,Zprime_4000GeV_045,0.85259937185,4000.0,0.45
