,name,auc,mass,nu
0,Zprime_1500GeV_075,0.793136825152,1500.0,0.75
1,Zprime_1500GeV_015,0.870763522561,1500.0,0.15
2,Zprime_3000GeV_060,0.803403729977,3000.0,0.6
3,Zprime_1500GeV_030,0.861411895497,1500.0,0.3
4,Zprime_3000GeV_045,0.831969398639,3000.0,0.45
5,Zprime_2000GeV_045,0.842882013338,2000.0,0.45
6,Zprime_2500GeV_015,0.87199846595,2500.0,0.15
7,Zprime_3500GeV_060,0.8006937568,3500.0,0.6
8,Zprime_2500GeV_045,0.836004639,2500.0,0.45
9,Zprime_2000GeV_075,0.795979783568,2000.0,0.75
10,Zprime_2500GeV_060,0.810678492729,2500.0,0.6
11,Zprime_4000GeV_075,0.760275301203,4000.0,0.75
12,Zprime_4000GeV_030,0.855677182653,4000.0,0.3
13,Zprime_4000GeV_015,0.868635988795,4000.0,0.15
14,Zprime_3000GeV_030,0.852402680113,3000.0,0.3
15,Zprime_1500GeV_045,0.839947353506,1500.0,0.45
16,Zprime_3000GeV_075,0.77434345028,3000.0,0.75
17,Zprime_1500GeV_060,0.823779556219,1500.0,0.6
18,Zprime_3000GeV_015,0.869903691473,3000.0,0.15
19,Zprime_3500GeV_015,0.866846077952,3500.0,0.15
20,Zprime_3500GeV_030,0.854079850058,3500.0,0.3
21,Zprime_2000GeV_030,0.862112837076,2000.0,0.3
22,Zprime_2000GeV_015,0.875016237829,2000.0,0.15
23,Zprime_3500GeV_075,0.766740498793,3500.0,0.75
24,Zprime_3500GeV_045,0.829246575516,3500.0,0.45
25,Zprime_2500GeV_030,0.856171915501,2500.0,0.3
26,Zprime_2000GeV_060,0.81920451555,2000.0,0.6
27,Zprime_4000GeV_060,0.801232055419,4000.0,0.6
28,Zprime_2500GeV_075,0.781304030178,2500.0,0.75
29,Zprime_4000GeV_045,0.829115602696,4000.0,0.45
