,name,auc,mass,nu
0,Zprime_1500GeV_075,0.7247267113,1500.0,0.75
1,Zprime_1500GeV_015,0.819302894235,1500.0,0.15
2,Zprime_3000GeV_060,0.752617694162,3000.0,0.6
3,Zprime_1500GeV_030,0.806938227005,1500.0,0.3
4,Zprime_3000GeV_045,0.785601624221,3000.0,0.45
5,Zprime_2000GeV_045,0.78626375805,2000.0,0.45
6,Zprime_2500GeV_015,0.828649190444,2500.0,0.15
7,Zprime_3500GeV_060,0.754498302757,3500.0,0.6
8,Zprime_2500GeV_045,0.785088048464,2500.0,0.45
9,Zprime_2000GeV_075,0.727360669912,2000.0,0.75
10,Zprime_2500GeV_060,0.75423369167,2500.0,0.6
11,Zprime_4000GeV_075,0.712644163674,4000.0,0.75
12,Zprime_4000GeV_030,0.819745555984,4000.0,0.3
13,Zprime_4000GeV_015,0.839990658719,4000.0,0.15
14,Zprime_3000GeV_030,0.80871863118,3000.0,0.3
15,Zprime_1500GeV_045,0.779588295285,1500.0,0.45
16,Zprime_3000GeV_075,0.716260610329,3000.0,0.75
17,Zprime_1500GeV_060,0.759080954947,1500.0,0.6
18,Zprime_3000GeV_015,0.83140166494,3000.0,0.15
19,Zprime_3500GeV_015,0.833626230396,3500.0,0.15
20,Zprime_3500GeV_030,0.816094545921,3500.0,0.3
21,Zprime_2000GeV_030,0.811563643203,2000.0,0.3
22,Zprime_2000GeV_015,0.829364443464,2000.0,0.15
23,Zprime_3500GeV_075,0.714669873081,3500.0,0.75
24,Zprime_3500GeV_045,0.784645434145,3500.0,0.45
25,Zprime_2500GeV_030,0.809768368986,2500.0,0.3
26,Zprime_2000GeV_060,0.75709631628,2000.0,0.6
27,Zprime_4000GeV_060,0.756567690177,4000.0,0.6
28,Zprime_2500GeV_075,0.71811345758,2500.0,0.75
29,Zprime_4000GeV_045,0.788312239618,4000.0,0.45
