,name,auc,mass,nu
0,Zprime_1500GeV_075,0.74921863447,1500.0,0.75
1,Zprime_1500GeV_015,0.837944154115,1500.0,0.15
2,Zprime_3000GeV_060,0.767267087911,3000.0,0.6
3,Zprime_1500GeV_030,0.824539141893,1500.0,0.3
4,Zprime_3000GeV_045,0.799485462047,3000.0,0.45
5,Zprime_2000GeV_045,0.801362455073,2000.0,0.45
6,Zprime_2500GeV_015,0.843005984396,2500.0,0.15
7,Zprime_3500GeV_060,0.768602504177,3500.0,0.6
8,Zprime_2500GeV_045,0.799402614613,2500.0,0.45
9,Zprime_2000GeV_075,0.748446027862,2000.0,0.75
10,Zprime_2500GeV_060,0.769099852198,2500.0,0.6
11,Zprime_4000GeV_075,0.728192383985,4000.0,0.75
12,Zprime_4000GeV_030,0.829144968857,4000.0,0.3
13,Zprime_4000GeV_015,0.846425798715,4000.0,0.15
14,Zprime_3000GeV_030,0.821876617783,3000.0,0.3
15,Zprime_1500GeV_045,0.799430996036,1500.0,0.45
16,Zprime_3000GeV_075,0.732363309683,3000.0,0.75
17,Zprime_1500GeV_060,0.783078518892,1500.0,0.6
18,Zprime_3000GeV_015,0.842755111774,3000.0,0.15
19,Zprime_3500GeV_015,0.841805175216,3500.0,0.15
20,Zprime_3500GeV_030,0.825926119743,3500.0,0.3
21,Zprime_2000GeV_030,0.826459026109,2000.0,0.3
22,Zprime_2000GeV_015,0.843540726804,2000.0,0.15
23,Zprime_3500GeV_075,0.730439537554,3500.0,0.75
24,Zprime_3500GeV_045,0.797668653503,3500.0,0.45
25,Zprime_2500GeV_030,0.82367270903,2500.0,0.3
26,Zprime_2000GeV_060,0.774046784791,2000.0,0.6
27,Zprime_4000GeV_060,0.771053564086,4000.0,0.6
28,Zprime_2500GeV_075,0.735767204066,2500.0,0.75
29,Zprime_4000GeV_045,0.800188523878,4000.0,0.45
