,name,auc,mass,nu
0,Zprime_1500GeV_075,0.741360374609,1500.0,0.75
1,Zprime_1500GeV_015,0.83191664102,1500.0,0.15
2,Zprime_3000GeV_060,0.794945093821,3000.0,0.6
3,Zprime_1500GeV_030,0.818126058202,1500.0,0.3
4,Zprime_3000GeV_045,0.829380708361,3000.0,0.45
5,Zprime_2000GeV_045,0.81812052532,2000.0,0.45
6,Zprime_2500GeV_015,0.867840885931,2500.0,0.15
7,Zprime_3500GeV_060,0.798613998495,3500.0,0.6
8,Zprime_2500GeV_045,0.822689654292,2500.0,0.45
9,Zprime_2000GeV_075,0.749057590343,2000.0,0.75
10,Zprime_2500GeV_060,0.788643233902,2500.0,0.6
11,Zprime_4000GeV_075,0.753107362889,4000.0,0.75
12,Zprime_4000GeV_030,0.872262493951,4000.0,0.3
13,Zprime_4000GeV_015,0.88981564697,4000.0,0.15
14,Zprime_3000GeV_030,0.854959762217,3000.0,0.3
15,Zprime_1500GeV_045,0.789043429082,1500.0,0.45
16,Zprime_3000GeV_075,0.752829295364,3000.0,0.75
17,Zprime_1500GeV_060,0.769597417619,1500.0,0.6
18,Zprime_3000GeV_015,0.877358333694,3000.0,0.15
19,Zprime_3500GeV_015,0.883781833044,3500.0,0.15
20,Zprime_3500GeV_030,0.864952078843,3500.0,0.3
21,Zprime_2000GeV_030,0.840866238476,2000.0,0.3
22,Zprime_2000GeV_015,0.860677027975,2000.0,0.15
23,Zprime_3500GeV_075,0.756051912752,3500.0,0.75
24,Zprime_3500GeV_045,0.837235026639,3500.0,0.45
25,Zprime_2500GeV_030,0.847880848261,2500.0,0.3
26,Zprime_2000GeV_060,0.785787958787,2000.0,0.6
27,Zprime_4000GeV_060,0.804954001349,4000.0,0.6
28,Zprime_2500GeV_075,0.745777076731,2500.0,0.75
29,Zprime_4000GeV_045,0.84034953916,4000.0,0.45
