,name,auc,mass,nu
0,Zprime_1500GeV_075,0.735357735109,1500.0,0.75
1,Zprime_1500GeV_015,0.828202603317,1500.0,0.15
2,Zprime_3000GeV_060,0.765416557969,3000.0,0.6
3,Zprime_1500GeV_030,0.815274087995,1500.0,0.3
4,Zprime_3000GeV_045,0.796414743148,3000.0,0.45
5,Zprime_2000GeV_045,0.800055350832,2000.0,0.45
6,Zprime_2500GeV_015,0.840318732404,2500.0,0.15
7,Zprime_3500GeV_060,0.765052968538,3500.0,0.6
8,Zprime_2500GeV_045,0.798037551948,2500.0,0.45
9,Zprime_2000GeV_075,0.740449132813,2000.0,0.75
10,Zprime_2500GeV_060,0.769327538598,2500.0,0.6
11,Zprime_4000GeV_075,0.724852797105,4000.0,0.75
12,Zprime_4000GeV_030,0.828023171074,4000.0,0.3
13,Zprime_4000GeV_015,0.848428533231,4000.0,0.15
14,Zprime_3000GeV_030,0.819015060446,3000.0,0.3
15,Zprime_1500GeV_045,0.788369810778,1500.0,0.45
16,Zprime_3000GeV_075,0.730146397159,3000.0,0.75
17,Zprime_1500GeV_060,0.767344192848,1500.0,0.6
18,Zprime_3000GeV_015,0.841131652628,3000.0,0.15
19,Zprime_3500GeV_015,0.841420385478,3500.0,0.15
20,Zprime_3500GeV_030,0.823566869555,3500.0,0.3
21,Zprime_2000GeV_030,0.823978731196,2000.0,0.3
22,Zprime_2000GeV_015,0.84131614315,2000.0,0.15
23,Zprime_3500GeV_075,0.728930545567,3500.0,0.75
24,Zprime_3500GeV_045,0.795912815423,3500.0,0.45
25,Zprime_2500GeV_030,0.820792546057,2500.0,0.3
26,Zprime_2000GeV_060,0.769545310684,2000.0,0.6
27,Zprime_4000GeV_060,0.767327382051,4000.0,0.6
28,Zprime_2500GeV_075,0.731224627464,2500.0,0.75
29,Zprime_4000GeV_045,0.798136113562,4000.0,0.45
