,name,auc,mass,nu
0,Zprime_1500GeV_075,0.797329038165,1500.0,0.75
1,Zprime_1500GeV_015,0.870021045694,1500.0,0.15
2,Zprime_3000GeV_060,0.805761885461,3000.0,0.6
3,Zprime_1500GeV_030,0.859934478243,1500.0,0.3
4,Zprime_3000GeV_045,0.836218730261,3000.0,0.45
5,Zprime_2000GeV_045,0.840592553846,2000.0,0.45
6,Zprime_2500GeV_015,0.874491048413,2500.0,0.15
7,Zprime_3500GeV_060,0.803753268931,3500.0,0.6
8,Zprime_2500GeV_045,0.836426601977,2500.0,0.45
9,Zprime_2000GeV_075,0.793236041304,2000.0,0.75
10,Zprime_2500GeV_060,0.809746931867,2500.0,0.6
11,Zprime_4000GeV_075,0.764560680477,4000.0,0.75
12,Zprime_4000GeV_030,0.862647923229,4000.0,0.3
13,Zprime_4000GeV_015,0.876106073845,4000.0,0.15
14,Zprime_3000GeV_030,0.858183294218,3000.0,0.3
15,Zprime_1500GeV_045,0.842596118541,1500.0,0.45
16,Zprime_3000GeV_075,0.776855708402,3000.0,0.75
17,Zprime_1500GeV_060,0.824578182297,1500.0,0.6
18,Zprime_3000GeV_015,0.876944358413,3000.0,0.15
19,Zprime_3500GeV_015,0.876549870225,3500.0,0.15
20,Zprime_3500GeV_030,0.860591017093,3500.0,0.3
21,Zprime_2000GeV_030,0.860391565947,2000.0,0.3
22,Zprime_2000GeV_015,0.873199220588,2000.0,0.15
23,Zprime_3500GeV_075,0.769625148803,3500.0,0.75
24,Zprime_3500GeV_045,0.834639341921,3500.0,0.45
25,Zprime_2500GeV_030,0.857389505715,2500.0,0.3
26,Zprime_2000GeV_060,0.81792700342,2000.0,0.6
27,Zprime_4000GeV_060,0.804417129627,4000.0,0.6
28,Zprime_2500GeV_075,0.78182119458,2500.0,0.75
29,Zprime_4000GeV_045,0.834782378693,4000.0,0.45
