,name,auc,mass,nu
0,Zprime_1500GeV_075,0.78398423424,1500.0,0.75
1,Zprime_1500GeV_015,0.856882414057,1500.0,0.15
2,Zprime_3000GeV_060,0.804952635337,3000.0,0.6
3,Zprime_1500GeV_030,0.844910710651,1500.0,0.3
4,Zprime_3000GeV_045,0.831967505623,3000.0,0.45
5,Zprime_2000GeV_045,0.843913465068,2000.0,0.45
6,Zprime_2500GeV_015,0.870854560267,2500.0,0.15
7,Zprime_3500GeV_060,0.799003251286,3500.0,0.6
8,Zprime_2500GeV_045,0.836538518546,2500.0,0.45
9,Zprime_2000GeV_075,0.791832061683,2000.0,0.75
10,Zprime_2500GeV_060,0.809911007872,2500.0,0.6
11,Zprime_4000GeV_075,0.761236158904,4000.0,0.75
12,Zprime_4000GeV_030,0.860234521277,4000.0,0.3
13,Zprime_4000GeV_015,0.875088464217,4000.0,0.15
14,Zprime_3000GeV_030,0.853004503839,3000.0,0.3
15,Zprime_1500GeV_045,0.823865688284,1500.0,0.45
16,Zprime_3000GeV_075,0.773396919332,3000.0,0.75
17,Zprime_1500GeV_060,0.807494601323,1500.0,0.6
18,Zprime_3000GeV_015,0.872251821994,3000.0,0.15
19,Zprime_3500GeV_015,0.873253342653,3500.0,0.15
20,Zprime_3500GeV_030,0.856058558411,3500.0,0.3
21,Zprime_2000GeV_030,0.862259872675,2000.0,0.3
22,Zprime_2000GeV_015,0.876010947309,2000.0,0.15
23,Zprime_3500GeV_075,0.767731263564,3500.0,0.75
24,Zprime_3500GeV_045,0.830055583068,3500.0,0.45
25,Zprime_2500GeV_030,0.855114041574,2500.0,0.3
26,Zprime_2000GeV_060,0.816673362207,2000.0,0.6
27,Zprime_4000GeV_060,0.799791422026,4000.0,0.6
28,Zprime_2500GeV_075,0.780878730219,2500.0,0.75
29,Zprime_4000GeV_045,0.830764927951,4000.0,0.45
