,name,auc,mass,nu
0,Zprime_1500GeV_075,0.745982237171,1500.0,0.75
1,Zprime_1500GeV_015,0.835059336672,1500.0,0.15
2,Zprime_3000GeV_060,0.762945851103,3000.0,0.6
3,Zprime_1500GeV_030,0.822433804703,1500.0,0.3
4,Zprime_3000GeV_045,0.793776779143,3000.0,0.45
5,Zprime_2000GeV_045,0.800147361473,2000.0,0.45
6,Zprime_2500GeV_015,0.835213167144,2500.0,0.15
7,Zprime_3500GeV_060,0.765988722628,3500.0,0.6
8,Zprime_2500GeV_045,0.794113741445,2500.0,0.45
9,Zprime_2000GeV_075,0.748031091656,2000.0,0.75
10,Zprime_2500GeV_060,0.765333343013,2500.0,0.6
11,Zprime_4000GeV_075,0.726792460925,4000.0,0.75
12,Zprime_4000GeV_030,0.830771810365,4000.0,0.3
13,Zprime_4000GeV_015,0.850895153243,4000.0,0.15
14,Zprime_3000GeV_030,0.816583967848,3000.0,0.3
15,Zprime_1500GeV_045,0.796574543457,1500.0,0.45
16,Zprime_3000GeV_075,0.730200527064,3000.0,0.75
17,Zprime_1500GeV_060,0.777691475315,1500.0,0.6
18,Zprime_3000GeV_015,0.838152414917,3000.0,0.15
19,Zprime_3500GeV_015,0.841134891363,3500.0,0.15
20,Zprime_3500GeV_030,0.824785158778,3500.0,0.3
21,Zprime_2000GeV_030,0.823025879103,2000.0,0.3
22,Zprime_2000GeV_015,0.839127605489,2000.0,0.15
23,Zprime_3500GeV_075,0.72777148537,3500.0,0.75
24,Zprime_3500GeV_045,0.79600564665,3500.0,0.45
25,Zprime_2500GeV_030,0.817623141952,2500.0,0.3
26,Zprime_2000GeV_060,0.771972758985,2000.0,0.6
27,Zprime_4000GeV_060,0.768160620522,4000.0,0.6
28,Zprime_2500GeV_075,0.733223591678,2500.0,0.75
29,Zprime_4000GeV_045,0.799216846239,4000.0,0.45
