,name,auc,mass,nu
0,Zprime_1500GeV_075,0.780179556005,1500.0,0.75
1,Zprime_1500GeV_015,0.848200499828,1500.0,0.15
2,Zprime_3000GeV_060,0.795737981553,3000.0,0.6
3,Zprime_1500GeV_030,0.835792938529,1500.0,0.3
4,Zprime_3000GeV_045,0.821591363709,3000.0,0.45
5,Zprime_2000GeV_045,0.832223289597,2000.0,0.45
6,Zprime_2500GeV_015,0.859110767051,2500.0,0.15
7,Zprime_3500GeV_060,0.792731200901,3500.0,0.6
8,Zprime_2500GeV_045,0.823396276016,2500.0,0.45
9,Zprime_2000GeV_075,0.784839076975,2000.0,0.75
10,Zprime_2500GeV_060,0.799045876632,2500.0,0.6
11,Zprime_4000GeV_075,0.759632450516,4000.0,0.75
12,Zprime_4000GeV_030,0.854090099478,4000.0,0.3
13,Zprime_4000GeV_015,0.86979015968,4000.0,0.15
14,Zprime_3000GeV_030,0.843026314687,3000.0,0.3
15,Zprime_1500GeV_045,0.816397335278,1500.0,0.45
16,Zprime_3000GeV_075,0.766914777783,3000.0,0.75
17,Zprime_1500GeV_060,0.802731851469,1500.0,0.6
18,Zprime_3000GeV_015,0.863251236369,3000.0,0.15
19,Zprime_3500GeV_015,0.866608806207,3500.0,0.15
20,Zprime_3500GeV_030,0.848516057617,3500.0,0.3
21,Zprime_2000GeV_030,0.849025864658,2000.0,0.3
22,Zprime_2000GeV_015,0.862857120558,2000.0,0.15
23,Zprime_3500GeV_075,0.764888447985,3500.0,0.75
24,Zprime_3500GeV_045,0.822295985,3500.0,0.45
25,Zprime_2500GeV_030,0.842523873753,2500.0,0.3
26,Zprime_2000GeV_060,0.806327174117,2000.0,0.6
27,Zprime_4000GeV_060,0.795389051826,4000.0,0.6
28,Zprime_2500GeV_075,0.773785662956,2500.0,0.75
29,Zprime_4000GeV_045,0.82658081263,4000.0,0.45
