,name,auc,mass,nu
0,Zprime_1500GeV_075,0.75398345163,1500.0,0.75
1,Zprime_1500GeV_015,0.837996386445,1500.0,0.15
2,Zprime_3000GeV_060,0.783141829386,3000.0,0.6
3,Zprime_1500GeV_030,0.828071865733,1500.0,0.3
4,Zprime_3000GeV_045,0.815031423207,3000.0,0.45
5,Zprime_2000GeV_045,0.821377618051,2000.0,0.45
6,Zprime_2500GeV_015,0.861145328491,2500.0,0.15
7,Zprime_3500GeV_060,0.779122209172,3500.0,0.6
8,Zprime_2500GeV_045,0.819370318131,2500.0,0.45
9,Zprime_2000GeV_075,0.759294800823,2000.0,0.75
10,Zprime_2500GeV_060,0.788376132204,2500.0,0.6
11,Zprime_4000GeV_075,0.73191725848,4000.0,0.75
12,Zprime_4000GeV_030,0.835350813471,4000.0,0.3
13,Zprime_4000GeV_015,0.847352318063,4000.0,0.15
14,Zprime_3000GeV_030,0.838479104812,3000.0,0.3
15,Zprime_1500GeV_045,0.804372955794,1500.0,0.45
16,Zprime_3000GeV_075,0.742968031092,3000.0,0.75
17,Zprime_1500GeV_060,0.783072336951,1500.0,0.6
18,Zprime_3000GeV_015,0.858765244734,3000.0,0.15
19,Zprime_3500GeV_015,0.850677531987,3500.0,0.15
20,Zprime_3500GeV_030,0.836041230054,3500.0,0.3
21,Zprime_2000GeV_030,0.844823699522,2000.0,0.3
22,Zprime_2000GeV_015,0.861994273704,2000.0,0.15
23,Zprime_3500GeV_075,0.739740506414,3500.0,0.75
24,Zprime_3500GeV_045,0.809728819865,3500.0,0.45
25,Zprime_2500GeV_030,0.843115261607,2500.0,0.3
26,Zprime_2000GeV_060,0.79130228279,2000.0,0.6
27,Zprime_4000GeV_060,0.777597603988,4000.0,0.6
28,Zprime_2500GeV_075,0.747585545223,2500.0,0.75
29,Zprime_4000GeV_045,0.808541733372,4000.0,0.45
