,name,auc,mass,nu
0,Zprime_1500GeV_075,0.773046413309,1500.0,0.75
1,Zprime_1500GeV_015,0.843233964139,1500.0,0.15
2,Zprime_3000GeV_060,0.797135216618,3000.0,0.6
3,Zprime_1500GeV_030,0.83345434026,1500.0,0.3
4,Zprime_3000GeV_045,0.828898691183,3000.0,0.45
5,Zprime_2000GeV_045,0.825402308411,2000.0,0.45
6,Zprime_2500GeV_015,0.86463577409,2500.0,0.15
7,Zprime_3500GeV_060,0.79752502417,3500.0,0.6
8,Zprime_2500GeV_045,0.826902663326,2500.0,0.45
9,Zprime_2000GeV_075,0.771775032557,2000.0,0.75
10,Zprime_2500GeV_060,0.797874782177,2500.0,0.6
11,Zprime_4000GeV_075,0.752979389356,4000.0,0.75
12,Zprime_4000GeV_030,0.858970780122,4000.0,0.3
13,Zprime_4000GeV_015,0.874015635647,4000.0,0.15
14,Zprime_3000GeV_030,0.850863639079,3000.0,0.3
15,Zprime_1500GeV_045,0.812660381636,1500.0,0.45
16,Zprime_3000GeV_075,0.760429243452,3000.0,0.75
17,Zprime_1500GeV_060,0.794114700712,1500.0,0.6
18,Zprime_3000GeV_015,0.870354015708,3000.0,0.15
19,Zprime_3500GeV_015,0.873280264685,3500.0,0.15
20,Zprime_3500GeV_030,0.857277126136,3500.0,0.3
21,Zprime_2000GeV_030,0.846756199988,2000.0,0.3
22,Zprime_2000GeV_015,0.861743285781,2000.0,0.15
23,Zprime_3500GeV_075,0.757296649936,3500.0,0.75
24,Zprime_3500GeV_045,0.829394223563,3500.0,0.45
25,Zprime_2500GeV_030,0.847864293199,2500.0,0.3
26,Zprime_2000GeV_060,0.798528195536,2000.0,0.6
27,Zprime_4000GeV_060,0.798525966484,4000.0,0.6
28,Zprime_2500GeV_075,0.763026025265,2500.0,0.75
29,Zprime_4000GeV_045,0.831107094917,4000.0,0.45
