,name,auc,mass,nu
0,Zprime_1500GeV_075,0.783332242203,1500.0,0.75
1,Zprime_1500GeV_015,0.855581874469,1500.0,0.15
2,Zprime_3000GeV_060,0.80237930533,3000.0,0.6
3,Zprime_1500GeV_030,0.842473699417,1500.0,0.3
4,Zprime_3000GeV_045,0.826597312417,3000.0,0.45
5,Zprime_2000GeV_045,0.835264012156,2000.0,0.45
6,Zprime_2500GeV_015,0.859910533478,2500.0,0.15
7,Zprime_3500GeV_060,0.800433916233,3500.0,0.6
8,Zprime_2500GeV_045,0.827820567372,2500.0,0.45
9,Zprime_2000GeV_075,0.788252229237,2000.0,0.75
10,Zprime_2500GeV_060,0.804539129586,2500.0,0.6
11,Zprime_4000GeV_075,0.76905731593,4000.0,0.75
12,Zprime_4000GeV_030,0.857688855046,4000.0,0.3
13,Zprime_4000GeV_015,0.870022344132,4000.0,0.15
14,Zprime_3000GeV_030,0.845753373936,3000.0,0.3
15,Zprime_1500GeV_045,0.821074234343,1500.0,0.45
16,Zprime_3000GeV_075,0.773591511478,3000.0,0.75
17,Zprime_1500GeV_060,0.804872027887,1500.0,0.6
18,Zprime_3000GeV_015,0.864765227219,3000.0,0.15
19,Zprime_3500GeV_015,0.867507039962,3500.0,0.15
20,Zprime_3500GeV_030,0.852695006055,3500.0,0.3
21,Zprime_2000GeV_030,0.853123785783,2000.0,0.3
22,Zprime_2000GeV_015,0.865156569469,2000.0,0.15
23,Zprime_3500GeV_075,0.772515198485,3500.0,0.75
24,Zprime_3500GeV_045,0.829010186154,3500.0,0.45
25,Zprime_2500GeV_030,0.845572572286,2500.0,0.3
26,Zprime_2000GeV_060,0.809125262733,2000.0,0.6
27,Zprime_4000GeV_060,0.803419267416,4000.0,0.6
28,Zprime_2500GeV_075,0.778022623195,2500.0,0.75
29,Zprime_4000GeV_045,0.831569835395,4000.0,0.45
