,name,auc,mass,nu
0,Zprime_1500GeV_075,0.736585958171,1500.0,0.75
1,Zprime_1500GeV_015,0.829707863157,1500.0,0.15
2,Zprime_3000GeV_060,0.763613422831,3000.0,0.6
3,Zprime_1500GeV_030,0.81692087332,1500.0,0.3
4,Zprime_3000GeV_045,0.797751940065,3000.0,0.45
5,Zprime_2000GeV_045,0.800575472692,2000.0,0.45
6,Zprime_2500GeV_015,0.844025835762,2500.0,0.15
7,Zprime_3500GeV_060,0.763186924023,3500.0,0.6
8,Zprime_2500GeV_045,0.799184284496,2500.0,0.45
9,Zprime_2000GeV_075,0.739781989749,2000.0,0.75
10,Zprime_2500GeV_060,0.767990824591,2500.0,0.6
11,Zprime_4000GeV_075,0.718874604513,4000.0,0.75
12,Zprime_4000GeV_030,0.830639622466,4000.0,0.3
13,Zprime_4000GeV_015,0.851620993634,4000.0,0.15
14,Zprime_3000GeV_030,0.822726794816,3000.0,0.3
15,Zprime_1500GeV_045,0.789651674856,1500.0,0.45
16,Zprime_3000GeV_075,0.725087079225,3000.0,0.75
17,Zprime_1500GeV_060,0.770265459737,1500.0,0.6
18,Zprime_3000GeV_015,0.845375041264,3000.0,0.15
19,Zprime_3500GeV_015,0.845224419937,3500.0,0.15
20,Zprime_3500GeV_030,0.827831571197,3500.0,0.3
21,Zprime_2000GeV_030,0.826311041894,2000.0,0.3
22,Zprime_2000GeV_015,0.842589804752,2000.0,0.15
23,Zprime_3500GeV_075,0.721487824011,3500.0,0.75
24,Zprime_3500GeV_045,0.795577709089,3500.0,0.45
25,Zprime_2500GeV_030,0.824753164571,2500.0,0.3
26,Zprime_2000GeV_060,0.769839342614,2000.0,0.6
27,Zprime_4000GeV_060,0.764705079671,4000.0,0.6
28,Zprime_2500GeV_075,0.728793441974,2500.0,0.75
29,Zprime_4000GeV_045,0.798292198215,4000.0,0.45
