,name,auc,mass,nu
0,Zprime_1500GeV_075,0.796200972374,1500.0,0.75
1,Zprime_1500GeV_015,0.86618850138,1500.0,0.15
2,Zprime_3000GeV_060,0.806170912253,3000.0,0.6
3,Zprime_1500GeV_030,0.853757638368,1500.0,0.3
4,Zprime_3000GeV_045,0.83105342114,3000.0,0.45
5,Zprime_2000GeV_045,0.848635384389,2000.0,0.45
6,Zprime_2500GeV_015,0.872804152405,2500.0,0.15
7,Zprime_3500GeV_060,0.798543069505,3500.0,0.6
8,Zprime_2500GeV_045,0.837532949819,2500.0,0.45
9,Zprime_2000GeV_075,0.799751743459,2000.0,0.75
10,Zprime_2500GeV_060,0.812779516333,2500.0,0.6
11,Zprime_4000GeV_075,0.762365241172,4000.0,0.75
12,Zprime_4000GeV_030,0.852803664947,4000.0,0.3
13,Zprime_4000GeV_015,0.867303480113,4000.0,0.15
14,Zprime_3000GeV_030,0.850997237805,3000.0,0.3
15,Zprime_1500GeV_045,0.833724204203,1500.0,0.45
16,Zprime_3000GeV_075,0.778770499006,3000.0,0.75
17,Zprime_1500GeV_060,0.818844775586,1500.0,0.6
18,Zprime_3000GeV_015,0.870135736395,3000.0,0.15
19,Zprime_3500GeV_015,0.86647596879,3500.0,0.15
20,Zprime_3500GeV_030,0.851766436789,3500.0,0.3
21,Zprime_2000GeV_030,0.865971593947,2000.0,0.3
22,Zprime_2000GeV_015,0.879759145707,2000.0,0.15
23,Zprime_3500GeV_075,0.77211522645,3500.0,0.75
24,Zprime_3500GeV_045,0.827008507004,3500.0,0.45
25,Zprime_2500GeV_030,0.856358180183,2500.0,0.3
26,Zprime_2000GeV_060,0.822922488686,2000.0,0.6
27,Zprime_4000GeV_060,0.797725258923,4000.0,0.6
28,Zprime_2500GeV_075,0.785897944075,2500.0,0.75
29,Zprime_4000GeV_045,0.82627811895,4000.0,0.45
