,name,auc,mass,nu
0,Zprime_1500GeV_075,0.702427692815,1500.0,0.75
1,Zprime_1500GeV_015,0.799594795415,1500.0,0.15
2,Zprime_3000GeV_060,0.73433937647,3000.0,0.6
3,Zprime_1500GeV_030,0.784254197549,1500.0,0.3
4,Zprime_3000GeV_045,0.76927319707,3000.0,0.45
5,Zprime_2000GeV_045,0.765102937979,2000.0,0.45
6,Zprime_2500GeV_015,0.812981220157,2500.0,0.15
7,Zprime_3500GeV_060,0.739269609019,3500.0,0.6
8,Zprime_2500GeV_045,0.764308861348,2500.0,0.45
9,Zprime_2000GeV_075,0.708121457456,2000.0,0.75
10,Zprime_2500GeV_060,0.73403272298,2500.0,0.6
11,Zprime_4000GeV_075,0.699277988161,4000.0,0.75
12,Zprime_4000GeV_030,0.818892325226,4000.0,0.3
13,Zprime_4000GeV_015,0.840985295412,4000.0,0.15
14,Zprime_3000GeV_030,0.797249265018,3000.0,0.3
15,Zprime_1500GeV_045,0.756402277809,1500.0,0.45
16,Zprime_3000GeV_075,0.697832149965,3000.0,0.75
17,Zprime_1500GeV_060,0.737642103958,1500.0,0.6
18,Zprime_3000GeV_015,0.823667595376,3000.0,0.15
19,Zprime_3500GeV_015,0.831433930212,3500.0,0.15
20,Zprime_3500GeV_030,0.809965156055,3500.0,0.3
21,Zprime_2000GeV_030,0.789648513369,2000.0,0.3
22,Zprime_2000GeV_015,0.806675435391,2000.0,0.15
23,Zprime_3500GeV_075,0.697348288302,3500.0,0.75
24,Zprime_3500GeV_045,0.773633982683,3500.0,0.45
25,Zprime_2500GeV_030,0.791662180391,2500.0,0.3
26,Zprime_2000GeV_060,0.734913344228,2000.0,0.6
27,Zprime_4000GeV_060,0.745760919419,4000.0,0.6
28,Zprime_2500GeV_075,0.69375249525,2500.0,0.75
29,Zprime_4000GeV_045,0.784302788252,4000.0,0.45
