,name,auc,mass,nu
0,Zprime_1500GeV_075,0.719401966802,1500.0,0.75
1,Zprime_1500GeV_015,0.810571665272,1500.0,0.15
2,Zprime_3000GeV_060,0.752126567182,3000.0,0.6
3,Zprime_1500GeV_030,0.799708260209,1500.0,0.3
4,Zprime_3000GeV_045,0.786014518183,3000.0,0.45
5,Zprime_2000GeV_045,0.788349907806,2000.0,0.45
6,Zprime_2500GeV_015,0.833131045607,2500.0,0.15
7,Zprime_3500GeV_060,0.750683005386,3500.0,0.6
8,Zprime_2500GeV_045,0.786606182553,2500.0,0.45
9,Zprime_2000GeV_075,0.72269902686,2000.0,0.75
10,Zprime_2500GeV_060,0.753416406532,2500.0,0.6
11,Zprime_4000GeV_075,0.706079867096,4000.0,0.75
12,Zprime_4000GeV_030,0.816049481144,4000.0,0.3
13,Zprime_4000GeV_015,0.835277359995,4000.0,0.15
14,Zprime_3000GeV_030,0.810557337836,3000.0,0.3
15,Zprime_1500GeV_045,0.7693486111,1500.0,0.45
16,Zprime_3000GeV_075,0.711791342589,3000.0,0.75
17,Zprime_1500GeV_060,0.747567869643,1500.0,0.6
18,Zprime_3000GeV_015,0.833961477609,3000.0,0.15
19,Zprime_3500GeV_015,0.832869160586,3500.0,0.15
20,Zprime_3500GeV_030,0.815137790196,3500.0,0.3
21,Zprime_2000GeV_030,0.813296719722,2000.0,0.3
22,Zprime_2000GeV_015,0.832029151422,2000.0,0.15
23,Zprime_3500GeV_075,0.709674680122,3500.0,0.75
24,Zprime_3500GeV_045,0.78337189049,3500.0,0.45
25,Zprime_2500GeV_030,0.812174152139,2500.0,0.3
26,Zprime_2000GeV_060,0.756304497468,2000.0,0.6
27,Zprime_4000GeV_060,0.750719670023,4000.0,0.6
28,Zprime_2500GeV_075,0.712614003084,2500.0,0.75
29,Zprime_4000GeV_045,0.783223704463,4000.0,0.45
