,name,auc,mass,nu
0,Zprime_1500GeV_075,0.724836886917,1500.0,0.75
1,Zprime_1500GeV_015,0.821808252997,1500.0,0.15
2,Zprime_3000GeV_060,0.751787226725,3000.0,0.6
3,Zprime_1500GeV_030,0.807824855374,1500.0,0.3
4,Zprime_3000GeV_045,0.784269434021,3000.0,0.45
5,Zprime_2000GeV_045,0.786839975318,2000.0,0.45
6,Zprime_2500GeV_015,0.825742518512,2500.0,0.15
7,Zprime_3500GeV_060,0.754234746222,3500.0,0.6
8,Zprime_2500GeV_045,0.783548613284,2500.0,0.45
9,Zprime_2000GeV_075,0.730034964246,2000.0,0.75
10,Zprime_2500GeV_060,0.753488074165,2500.0,0.6
11,Zprime_4000GeV_075,0.71402083902,4000.0,0.75
12,Zprime_4000GeV_030,0.820723798092,4000.0,0.3
13,Zprime_4000GeV_015,0.840981683722,4000.0,0.15
14,Zprime_3000GeV_030,0.80712574379,3000.0,0.3
15,Zprime_1500GeV_045,0.780123645772,1500.0,0.45
16,Zprime_3000GeV_075,0.716916524714,3000.0,0.75
17,Zprime_1500GeV_060,0.758362683197,1500.0,0.6
18,Zprime_3000GeV_015,0.829582107992,3000.0,0.15
19,Zprime_3500GeV_015,0.832586481548,3500.0,0.15
20,Zprime_3500GeV_030,0.815668815164,3500.0,0.3
21,Zprime_2000GeV_030,0.812007386572,2000.0,0.3
22,Zprime_2000GeV_015,0.828899833926,2000.0,0.15
23,Zprime_3500GeV_075,0.715004135092,3500.0,0.75
24,Zprime_3500GeV_045,0.785491898158,3500.0,0.45
25,Zprime_2500GeV_030,0.807635817197,2500.0,0.3
26,Zprime_2000GeV_060,0.758041246073,2000.0,0.6
27,Zprime_4000GeV_060,0.75725975134,4000.0,0.6
28,Zprime_2500GeV_075,0.717009287621,2500.0,0.75
29,Zprime_4000GeV_045,0.788257178858,4000.0,0.45
