,name,auc,mass,nu
0,Zprime_1500GeV_075,0.738164260229,1500.0,0.75
1,Zprime_1500GeV_015,0.835634264893,1500.0,0.15
2,Zprime_3000GeV_060,0.766224579022,3000.0,0.6
3,Zprime_1500GeV_030,0.817763701663,1500.0,0.3
4,Zprime_3000GeV_045,0.799470670774,3000.0,0.45
5,Zprime_2000GeV_045,0.800379639519,2000.0,0.45
6,Zprime_2500GeV_015,0.844230132529,2500.0,0.15
7,Zprime_3500GeV_060,0.766252719646,3500.0,0.6
8,Zprime_2500GeV_045,0.80035808738,2500.0,0.45
9,Zprime_2000GeV_075,0.740976550665,2000.0,0.75
10,Zprime_2500GeV_060,0.76852182058,2500.0,0.6
11,Zprime_4000GeV_075,0.72207591742,4000.0,0.75
12,Zprime_4000GeV_030,0.829436091022,4000.0,0.3
13,Zprime_4000GeV_015,0.843927069116,4000.0,0.15
14,Zprime_3000GeV_030,0.823253451774,3000.0,0.3
15,Zprime_1500GeV_045,0.794692333643,1500.0,0.45
16,Zprime_3000GeV_075,0.729517677453,3000.0,0.75
17,Zprime_1500GeV_060,0.772782807113,1500.0,0.6
18,Zprime_3000GeV_015,0.845507499346,3000.0,0.15
19,Zprime_3500GeV_015,0.842562604933,3500.0,0.15
20,Zprime_3500GeV_030,0.827196783775,3500.0,0.3
21,Zprime_2000GeV_030,0.825759624518,2000.0,0.3
22,Zprime_2000GeV_015,0.843509486944,2000.0,0.15
23,Zprime_3500GeV_075,0.727651778459,3500.0,0.75
24,Zprime_3500GeV_045,0.796764858908,3500.0,0.45
25,Zprime_2500GeV_030,0.825551241177,2500.0,0.3
26,Zprime_2000GeV_060,0.771771959762,2000.0,0.6
27,Zprime_4000GeV_060,0.767061881094,4000.0,0.6
28,Zprime_2500GeV_075,0.730647733545,2500.0,0.75
29,Zprime_4000GeV_045,0.799733569942,4000.0,0.45
