,name,auc,mass,nu
0,Zprime_1500GeV_075,0.733344296329,1500.0,0.75
1,Zprime_1500GeV_015,0.818243716658,1500.0,0.15
2,Zprime_3000GeV_060,0.751065916094,3000.0,0.6
3,Zprime_1500GeV_030,0.807195261552,1500.0,0.3
4,Zprime_3000GeV_045,0.778170382614,3000.0,0.45
5,Zprime_2000GeV_045,0.796453542719,2000.0,0.45
6,Zprime_2500GeV_015,0.822261020829,2500.0,0.15
7,Zprime_3500GeV_060,0.747357445279,3500.0,0.6
8,Zprime_2500GeV_045,0.785491365195,2500.0,0.45
9,Zprime_2000GeV_075,0.741759015564,2000.0,0.75
10,Zprime_2500GeV_060,0.759732882696,2500.0,0.6
11,Zprime_4000GeV_075,0.709743898118,4000.0,0.75
12,Zprime_4000GeV_030,0.803498184388,4000.0,0.3
13,Zprime_4000GeV_015,0.824506975437,4000.0,0.15
14,Zprime_3000GeV_030,0.798458036304,3000.0,0.3
15,Zprime_1500GeV_045,0.77965497115,1500.0,0.45
16,Zprime_3000GeV_075,0.723715517221,3000.0,0.75
17,Zprime_1500GeV_060,0.761558746624,1500.0,0.6
18,Zprime_3000GeV_015,0.815858859082,3000.0,0.15
19,Zprime_3500GeV_015,0.817134615467,3500.0,0.15
20,Zprime_3500GeV_030,0.799724921406,3500.0,0.3
21,Zprime_2000GeV_030,0.816022975697,2000.0,0.3
22,Zprime_2000GeV_015,0.830376081769,2000.0,0.15
23,Zprime_3500GeV_075,0.716343946693,3500.0,0.75
24,Zprime_3500GeV_045,0.776404008927,3500.0,0.45
25,Zprime_2500GeV_030,0.804546829174,2500.0,0.3
26,Zprime_2000GeV_060,0.769859327943,2000.0,0.6
27,Zprime_4000GeV_060,0.747696257228,4000.0,0.6
28,Zprime_2500GeV_075,0.724464915735,2500.0,0.75
29,Zprime_4000GeV_045,0.776985316455,4000.0,0.45
