,name,auc,mass,nu
0,Zprime_1500GeV_075,0.732255688417,1500.0,0.75
1,Zprime_1500GeV_015,0.827156908807,1500.0,0.15
2,Zprime_3000GeV_060,0.761462403491,3000.0,0.6
3,Zprime_1500GeV_030,0.812397966,1500.0,0.3
4,Zprime_3000GeV_045,0.790297460614,3000.0,0.45
5,Zprime_2000GeV_045,0.796409526911,2000.0,0.45
6,Zprime_2500GeV_015,0.832468277411,2500.0,0.15
7,Zprime_3500GeV_060,0.760836796276,3500.0,0.6
8,Zprime_2500GeV_045,0.792367816779,2500.0,0.45
9,Zprime_2000GeV_075,0.740584715892,2000.0,0.75
10,Zprime_2500GeV_060,0.764964174191,2500.0,0.6
11,Zprime_4000GeV_075,0.724869696351,4000.0,0.75
12,Zprime_4000GeV_030,0.817858165284,4000.0,0.3
13,Zprime_4000GeV_015,0.835947582419,4000.0,0.15
14,Zprime_3000GeV_030,0.810652190053,3000.0,0.3
15,Zprime_1500GeV_045,0.78667600144,1500.0,0.45
16,Zprime_3000GeV_075,0.729146091692,3000.0,0.75
17,Zprime_1500GeV_060,0.766114924265,1500.0,0.6
18,Zprime_3000GeV_015,0.830836813418,3000.0,0.15
19,Zprime_3500GeV_015,0.829671582484,3500.0,0.15
20,Zprime_3500GeV_030,0.814058027847,3500.0,0.3
21,Zprime_2000GeV_030,0.820447537012,2000.0,0.3
22,Zprime_2000GeV_015,0.836682417166,2000.0,0.15
23,Zprime_3500GeV_075,0.726613556325,3500.0,0.75
24,Zprime_3500GeV_045,0.788068124714,3500.0,0.45
25,Zprime_2500GeV_030,0.814881464238,2500.0,0.3
26,Zprime_2000GeV_060,0.767436105555,2000.0,0.6
27,Zprime_4000GeV_060,0.763320760114,4000.0,0.6
28,Zprime_2500GeV_075,0.731216043823,2500.0,0.75
29,Zprime_4000GeV_045,0.790054646874,4000.0,0.45
