,name,auc,mass,nu
0,Zprime_1500GeV_075,0.800117006427,1500.0,0.75
1,Zprime_1500GeV_015,0.873769408165,1500.0,0.15
2,Zprime_3000GeV_060,0.811284445817,3000.0,0.6
3,Zprime_1500GeV_030,0.863164494352,1500.0,0.3
4,Zprime_3000GeV_045,0.839697644438,3000.0,0.45
5,Zprime_2000GeV_045,0.848988038563,2000.0,0.45
6,Zprime_2500GeV_015,0.876063460483,2500.0,0.15
7,Zprime_3500GeV_060,0.810065687762,3500.0,0.6
8,Zprime_2500GeV_045,0.842259705735,2500.0,0.45
9,Zprime_2000GeV_075,0.801125606892,2000.0,0.75
10,Zprime_2500GeV_060,0.817815606099,2500.0,0.6
11,Zprime_4000GeV_075,0.770895602422,4000.0,0.75
12,Zprime_4000GeV_030,0.867949684045,4000.0,0.3
13,Zprime_4000GeV_015,0.881277985475,4000.0,0.15
14,Zprime_3000GeV_030,0.860496809313,3000.0,0.3
15,Zprime_1500GeV_045,0.846646940275,1500.0,0.45
16,Zprime_3000GeV_075,0.781240372412,3000.0,0.75
17,Zprime_1500GeV_060,0.827192772585,1500.0,0.6
18,Zprime_3000GeV_015,0.877577492521,3000.0,0.15
19,Zprime_3500GeV_015,0.878944926959,3500.0,0.15
20,Zprime_3500GeV_030,0.863948310151,3500.0,0.3
21,Zprime_2000GeV_030,0.867110071301,2000.0,0.3
22,Zprime_2000GeV_015,0.87987833733,2000.0,0.15
23,Zprime_3500GeV_075,0.775890705079,3500.0,0.75
24,Zprime_3500GeV_045,0.840710800192,3500.0,0.45
25,Zprime_2500GeV_030,0.861548273066,2500.0,0.3
26,Zprime_2000GeV_060,0.825329305848,2000.0,0.6
27,Zprime_4000GeV_060,0.811672058406,4000.0,0.6
28,Zprime_2500GeV_075,0.787469942646,2500.0,0.75
29,Zprime_4000GeV_045,0.842129291462,4000.0,0.45
