,name,auc,mass,nu
0,Zprime_1500GeV_075,0.729678262577,1500.0,0.75
1,Zprime_1500GeV_015,0.823711810552,1500.0,0.15
2,Zprime_3000GeV_060,0.754781789445,3000.0,0.6
3,Zprime_1500GeV_030,0.808865282014,1500.0,0.3
4,Zprime_3000GeV_045,0.785807801793,3000.0,0.45
5,Zprime_2000GeV_045,0.788289403886,2000.0,0.45
6,Zprime_2500GeV_015,0.82908223513,2500.0,0.15
7,Zprime_3500GeV_060,0.756508114476,3500.0,0.6
8,Zprime_2500GeV_045,0.78612058358,2500.0,0.45
9,Zprime_2000GeV_075,0.732188684053,2000.0,0.75
10,Zprime_2500GeV_060,0.755803188857,2500.0,0.6
11,Zprime_4000GeV_075,0.715838886213,4000.0,0.75
12,Zprime_4000GeV_030,0.816965878449,4000.0,0.3
13,Zprime_4000GeV_015,0.834066864338,4000.0,0.15
14,Zprime_3000GeV_030,0.808403194697,3000.0,0.3
15,Zprime_1500GeV_045,0.78337183049,1500.0,0.45
16,Zprime_3000GeV_075,0.721051001163,3000.0,0.75
17,Zprime_1500GeV_060,0.764664490478,1500.0,0.6
18,Zprime_3000GeV_015,0.829140022144,3000.0,0.15
19,Zprime_3500GeV_015,0.828904703463,3500.0,0.15
20,Zprime_3500GeV_030,0.813764774141,3500.0,0.3
21,Zprime_2000GeV_030,0.813797805516,2000.0,0.3
22,Zprime_2000GeV_015,0.831281388966,2000.0,0.15
23,Zprime_3500GeV_075,0.71838503914,3500.0,0.75
24,Zprime_3500GeV_045,0.784156724326,3500.0,0.45
25,Zprime_2500GeV_030,0.810731116053,2500.0,0.3
26,Zprime_2000GeV_060,0.759909156098,2000.0,0.6
27,Zprime_4000GeV_060,0.757533771633,4000.0,0.6
28,Zprime_2500GeV_075,0.720636154897,2500.0,0.75
29,Zprime_4000GeV_045,0.787026721093,4000.0,0.45
