,name,auc,mass,nu
0,Zprime_1500GeV_075,0.738130224044,1500.0,0.75
1,Zprime_1500GeV_015,0.820001987763,1500.0,0.15
2,Zprime_3000GeV_060,0.757585770671,3000.0,0.6
3,Zprime_1500GeV_030,0.808309246197,1500.0,0.3
4,Zprime_3000GeV_045,0.794478479632,3000.0,0.45
5,Zprime_2000GeV_045,0.783977058454,2000.0,0.45
6,Zprime_2500GeV_015,0.835988620718,2500.0,0.15
7,Zprime_3500GeV_060,0.763174773899,3500.0,0.6
8,Zprime_2500GeV_045,0.787354867916,2500.0,0.45
9,Zprime_2000GeV_075,0.7322738063,2000.0,0.75
10,Zprime_2500GeV_060,0.756016122648,2500.0,0.6
11,Zprime_4000GeV_075,0.719811080946,4000.0,0.75
12,Zprime_4000GeV_030,0.833189978959,4000.0,0.3
13,Zprime_4000GeV_015,0.852720423881,4000.0,0.15
14,Zprime_3000GeV_030,0.821263866255,3000.0,0.3
15,Zprime_1500GeV_045,0.785073882849,1500.0,0.45
16,Zprime_3000GeV_075,0.719075862485,3000.0,0.75
17,Zprime_1500GeV_060,0.764073946131,1500.0,0.6
18,Zprime_3000GeV_015,0.84632684519,3000.0,0.15
19,Zprime_3500GeV_015,0.848967233366,3500.0,0.15
20,Zprime_3500GeV_030,0.830844243584,3500.0,0.3
21,Zprime_2000GeV_030,0.810603598434,2000.0,0.3
22,Zprime_2000GeV_015,0.826708162228,2000.0,0.15
23,Zprime_3500GeV_075,0.719552975552,3500.0,0.75
24,Zprime_3500GeV_045,0.797215720303,3500.0,0.45
25,Zprime_2500GeV_030,0.814923882791,2500.0,0.3
26,Zprime_2000GeV_060,0.758882687881,2000.0,0.6
27,Zprime_4000GeV_060,0.768012487764,4000.0,0.6
28,Zprime_2500GeV_075,0.718923728488,2500.0,0.75
29,Zprime_4000GeV_045,0.801052226578,4000.0,0.45
