,name,auc,mass,nu
0,Zprime_1500GeV_075,0.724299824981,1500.0,0.75
1,Zprime_1500GeV_015,0.825871802534,1500.0,0.15
2,Zprime_3000GeV_060,0.765412924408,3000.0,0.6
3,Zprime_1500GeV_030,0.809267718831,1500.0,0.3
4,Zprime_3000GeV_045,0.804352063739,3000.0,0.45
5,Zprime_2000GeV_045,0.804926109989,2000.0,0.45
6,Zprime_2500GeV_015,0.854632422243,2500.0,0.15
7,Zprime_3500GeV_060,0.763859958081,3500.0,0.6
8,Zprime_2500GeV_045,0.806119471229,2500.0,0.45
9,Zprime_2000GeV_075,0.731307391725,2000.0,0.75
10,Zprime_2500GeV_060,0.771093108409,2500.0,0.6
11,Zprime_4000GeV_075,0.711206360764,4000.0,0.75
12,Zprime_4000GeV_030,0.827844737256,4000.0,0.3
13,Zprime_4000GeV_015,0.840800553588,4000.0,0.15
14,Zprime_3000GeV_030,0.829504470155,3000.0,0.3
15,Zprime_1500GeV_045,0.78385593934,1500.0,0.45
16,Zprime_3000GeV_075,0.724015681246,3000.0,0.75
17,Zprime_1500GeV_060,0.75578200091,1500.0,0.6
18,Zprime_3000GeV_015,0.8523902152,3000.0,0.15
19,Zprime_3500GeV_015,0.846462952593,3500.0,0.15
20,Zprime_3500GeV_030,0.829279562036,3500.0,0.3
21,Zprime_2000GeV_030,0.830669205181,2000.0,0.3
22,Zprime_2000GeV_015,0.852250624027,2000.0,0.15
23,Zprime_3500GeV_075,0.719269999077,3500.0,0.75
24,Zprime_3500GeV_045,0.799496016824,3500.0,0.45
25,Zprime_2500GeV_030,0.833611880042,2500.0,0.3
26,Zprime_2000GeV_060,0.770223632768,2000.0,0.6
27,Zprime_4000GeV_060,0.761620785307,4000.0,0.6
28,Zprime_2500GeV_075,0.724954962412,2500.0,0.75
29,Zprime_4000GeV_045,0.794482831097,4000.0,0.45
