,name,auc,mass,nu
0,Zprime_1500GeV_075,0.760730783058,1500.0,0.75
1,Zprime_1500GeV_015,0.847315961328,1500.0,0.15
2,Zprime_3000GeV_060,0.809490589924,3000.0,0.6
3,Zprime_1500GeV_030,0.834155097006,1500.0,0.3
4,Zprime_3000GeV_045,0.842569088638,3000.0,0.45
5,Zprime_2000GeV_045,0.834362978683,2000.0,0.45
6,Zprime_2500GeV_015,0.880451253943,2500.0,0.15
7,Zprime_3500GeV_060,0.811530615677,3500.0,0.6
8,Zprime_2500GeV_045,0.837492815711,2500.0,0.45
9,Zprime_2000GeV_075,0.766624372783,2000.0,0.75
10,Zprime_2500GeV_060,0.803965305589,2500.0,0.6
11,Zprime_4000GeV_075,0.766624710299,4000.0,0.75
12,Zprime_4000GeV_030,0.880818576989,4000.0,0.3
13,Zprime_4000GeV_015,0.896109390521,4000.0,0.15
14,Zprime_3000GeV_030,0.866753207932,3000.0,0.3
15,Zprime_1500GeV_045,0.807435106167,1500.0,0.45
16,Zprime_3000GeV_075,0.768856276181,3000.0,0.75
17,Zprime_1500GeV_060,0.78691856742,1500.0,0.6
18,Zprime_3000GeV_015,0.887696802247,3000.0,0.15
19,Zprime_3500GeV_015,0.891997032346,3500.0,0.15
20,Zprime_3500GeV_030,0.874327654398,3500.0,0.3
21,Zprime_2000GeV_030,0.8557803085,2000.0,0.3
22,Zprime_2000GeV_015,0.874013223146,2000.0,0.15
23,Zprime_3500GeV_075,0.770084120844,3500.0,0.75
24,Zprime_3500GeV_045,0.848602625058,3500.0,0.45
25,Zprime_2500GeV_030,0.86161407216,2500.0,0.3
26,Zprime_2000GeV_060,0.802786787138,2000.0,0.6
27,Zprime_4000GeV_060,0.81638291238,4000.0,0.6
28,Zprime_2500GeV_075,0.762484101094,2500.0,0.75
29,Zprime_4000GeV_045,0.850343009843,4000.0,0.45
