,name,auc,mass,nu
0,Zprime_1500GeV_075,0.70219943167,1500.0,0.75
1,Zprime_1500GeV_015,0.799520859772,1500.0,0.15
2,Zprime_3000GeV_060,0.745761465724,3000.0,0.6
3,Zprime_1500GeV_030,0.789779204826,1500.0,0.3
4,Zprime_3000GeV_045,0.778568386122,3000.0,0.45
5,Zprime_2000GeV_045,0.791170157031,2000.0,0.45
6,Zprime_2500GeV_015,0.825901707611,2500.0,0.15
7,Zprime_3500GeV_060,0.740873665789,3500.0,0.6
8,Zprime_2500GeV_045,0.784458228961,2500.0,0.45
9,Zprime_2000GeV_075,0.721386554117,2000.0,0.75
10,Zprime_2500GeV_060,0.752651626418,2500.0,0.6
11,Zprime_4000GeV_075,0.697574837838,4000.0,0.75
12,Zprime_4000GeV_030,0.80327908409,4000.0,0.3
13,Zprime_4000GeV_015,0.824806926395,4000.0,0.15
14,Zprime_3000GeV_030,0.801318829374,3000.0,0.3
15,Zprime_1500GeV_045,0.76238028584,1500.0,0.45
16,Zprime_3000GeV_075,0.709711447817,3000.0,0.75
17,Zprime_1500GeV_060,0.737643772101,1500.0,0.6
18,Zprime_3000GeV_015,0.822758989319,3000.0,0.15
19,Zprime_3500GeV_015,0.821583224431,3500.0,0.15
20,Zprime_3500GeV_030,0.801672688529,3500.0,0.3
21,Zprime_2000GeV_030,0.81419244553,2000.0,0.3
22,Zprime_2000GeV_015,0.831938077043,2000.0,0.15
23,Zprime_3500GeV_075,0.702397692266,3500.0,0.75
24,Zprime_3500GeV_045,0.774777822595,3500.0,0.45
25,Zprime_2500GeV_030,0.807401734649,2500.0,0.3
26,Zprime_2000GeV_060,0.756491806996,2000.0,0.6
27,Zprime_4000GeV_060,0.74122607251,4000.0,0.6
28,Zprime_2500GeV_075,0.7111982597,2500.0,0.75
29,Zprime_4000GeV_045,0.772442419543,4000.0,0.45
