,name,auc,mass,nu
0,Zprime_1500GeV_075,0.802154580909,1500.0,0.75
1,Zprime_1500GeV_015,0.869897602278,1500.0,0.15
2,Zprime_3000GeV_060,0.804653128708,3000.0,0.6
3,Zprime_1500GeV_030,0.858516178404,1500.0,0.3
4,Zprime_3000GeV_045,0.831870813037,3000.0,0.45
5,Zprime_2000GeV_045,0.839310887636,2000.0,0.45
6,Zprime_2500GeV_015,0.867623468049,2500.0,0.15
7,Zprime_3500GeV_060,0.804407880488,3500.0,0.6
8,Zprime_2500GeV_045,0.833132232771,2500.0,0.45
9,Zprime_2000GeV_075,0.796948468441,2000.0,0.75
10,Zprime_2500GeV_060,0.809193207859,2500.0,0.6
11,Zprime_4000GeV_075,0.766788914108,4000.0,0.75
12,Zprime_4000GeV_030,0.859876198959,4000.0,0.3
13,Zprime_4000GeV_015,0.873262736576,4000.0,0.15
14,Zprime_3000GeV_030,0.851739705908,3000.0,0.3
15,Zprime_1500GeV_045,0.840245359865,1500.0,0.45
16,Zprime_3000GeV_075,0.776864015283,3000.0,0.75
17,Zprime_1500GeV_060,0.829699293388,1500.0,0.6
18,Zprime_3000GeV_015,0.869171557944,3000.0,0.15
19,Zprime_3500GeV_015,0.87018649137,3500.0,0.15
20,Zprime_3500GeV_030,0.856320905354,3500.0,0.3
21,Zprime_2000GeV_030,0.858413945288,2000.0,0.3
22,Zprime_2000GeV_015,0.868863611862,2000.0,0.15
23,Zprime_3500GeV_075,0.770333899687,3500.0,0.75
24,Zprime_3500GeV_045,0.830958945703,3500.0,0.45
25,Zprime_2500GeV_030,0.852061203761,2500.0,0.3
26,Zprime_2000GeV_060,0.817888838893,2000.0,0.6
27,Zprime_4000GeV_060,0.805568418047,4000.0,0.6
28,Zprime_2500GeV_075,0.7841907733,2500.0,0.75
29,Zprime_4000GeV_045,0.832951650033,4000.0,0.45
