,name,auc,mass,nu
0,Zprime_1500GeV_075,0.797340156565,1500.0,0.75
1,Zprime_1500GeV_015,0.869432727553,1500.0,0.15
2,Zprime_3000GeV_060,0.801463082845,3000.0,0.6
3,Zprime_1500GeV_030,0.859290696242,1500.0,0.3
4,Zprime_3000GeV_045,0.830761800361,3000.0,0.45
5,Zprime_2000GeV_045,0.839574591514,2000.0,0.45
6,Zprime_2500GeV_015,0.869835329869,2500.0,0.15
7,Zprime_3500GeV_060,0.799428244396,3500.0,0.6
8,Zprime_2500GeV_045,0.833973338018,2500.0,0.45
9,Zprime_2000GeV_075,0.792152006798,2000.0,0.75
10,Zprime_2500GeV_060,0.807037181985,2500.0,0.6
11,Zprime_4000GeV_075,0.758769667847,4000.0,0.75
12,Zprime_4000GeV_030,0.853161958778,4000.0,0.3
13,Zprime_4000GeV_015,0.86368841115,4000.0,0.15
14,Zprime_3000GeV_030,0.85098384793,3000.0,0.3
15,Zprime_1500GeV_045,0.840077241108,1500.0,0.45
16,Zprime_3000GeV_075,0.771402097053,3000.0,0.75
17,Zprime_1500GeV_060,0.826282926086,1500.0,0.6
18,Zprime_3000GeV_015,0.867571865049,3000.0,0.15
19,Zprime_3500GeV_015,0.863925982001,3500.0,0.15
20,Zprime_3500GeV_030,0.851762497786,3500.0,0.3
21,Zprime_2000GeV_030,0.86024481682,2000.0,0.3
22,Zprime_2000GeV_015,0.873110875927,2000.0,0.15
23,Zprime_3500GeV_075,0.763623789664,3500.0,0.75
24,Zprime_3500GeV_045,0.826612328441,3500.0,0.45
25,Zprime_2500GeV_030,0.854686566078,2500.0,0.3
26,Zprime_2000GeV_060,0.815903517074,2000.0,0.6
27,Zprime_4000GeV_060,0.799739415856,4000.0,0.6
28,Zprime_2500GeV_075,0.778097566559,2500.0,0.75
29,Zprime_4000GeV_045,0.826903719187,4000.0,0.45
