,name,auc,mass,nu
0,Zprime_1500GeV_075,0.72442851817,1500.0,0.75
1,Zprime_1500GeV_015,0.821629666399,1500.0,0.15
2,Zprime_3000GeV_060,0.761619824473,3000.0,0.6
3,Zprime_1500GeV_030,0.80864621546,1500.0,0.3
4,Zprime_3000GeV_045,0.797537598206,3000.0,0.45
5,Zprime_2000GeV_045,0.802728474321,2000.0,0.45
6,Zprime_2500GeV_015,0.846491267735,2500.0,0.15
7,Zprime_3500GeV_060,0.758096105403,3500.0,0.6
8,Zprime_2500GeV_045,0.801936788493,2500.0,0.45
9,Zprime_2000GeV_075,0.731689441053,2000.0,0.75
10,Zprime_2500GeV_060,0.768220654619,2500.0,0.6
11,Zprime_4000GeV_075,0.70573757861,4000.0,0.75
12,Zprime_4000GeV_030,0.814996805363,4000.0,0.3
13,Zprime_4000GeV_015,0.825746719297,4000.0,0.15
14,Zprime_3000GeV_030,0.821559139876,3000.0,0.3
15,Zprime_1500GeV_045,0.781916634316,1500.0,0.45
16,Zprime_3000GeV_075,0.719164985944,3000.0,0.75
17,Zprime_1500GeV_060,0.754400985848,1500.0,0.6
18,Zprime_3000GeV_015,0.843602208312,3000.0,0.15
19,Zprime_3500GeV_015,0.833845613776,3500.0,0.15
20,Zprime_3500GeV_030,0.819193903938,3500.0,0.3
21,Zprime_2000GeV_030,0.828024295238,2000.0,0.3
22,Zprime_2000GeV_015,0.847446408267,2000.0,0.15
23,Zprime_3500GeV_075,0.713015328473,3500.0,0.75
24,Zprime_3500GeV_045,0.791228270093,3500.0,0.45
25,Zprime_2500GeV_030,0.827606414945,2500.0,0.3
26,Zprime_2000GeV_060,0.769756960079,2000.0,0.6
27,Zprime_4000GeV_060,0.753624126297,4000.0,0.6
28,Zprime_2500GeV_075,0.722765905464,2500.0,0.75
29,Zprime_4000GeV_045,0.784555381264,4000.0,0.45
