,name,auc,mass,nu
0,Zprime_1500GeV_075,0.768245844403,1500.0,0.75
1,Zprime_1500GeV_015,0.854693476562,1500.0,0.15
2,Zprime_3000GeV_060,0.784422698658,3000.0,0.6
3,Zprime_1500GeV_030,0.843531335312,1500.0,0.3
4,Zprime_3000GeV_045,0.818818461256,3000.0,0.45
5,Zprime_2000GeV_045,0.823506576039,2000.0,0.45
6,Zprime_2500GeV_015,0.866215037749,2500.0,0.15
7,Zprime_3500GeV_060,0.782620683442,3500.0,0.6
8,Zprime_2500GeV_045,0.820508342407,2500.0,0.45
9,Zprime_2000GeV_075,0.764859632988,2000.0,0.75
10,Zprime_2500GeV_060,0.788062487314,2500.0,0.6
11,Zprime_4000GeV_075,0.735028593029,4000.0,0.75
12,Zprime_4000GeV_030,0.847217552116,4000.0,0.3
13,Zprime_4000GeV_015,0.86282981134,4000.0,0.15
14,Zprime_3000GeV_030,0.843103644547,3000.0,0.3
15,Zprime_1500GeV_045,0.818250864786,1500.0,0.45
16,Zprime_3000GeV_075,0.746532600989,3000.0,0.75
17,Zprime_1500GeV_060,0.798365695449,1500.0,0.6
18,Zprime_3000GeV_015,0.863946053607,3000.0,0.15
19,Zprime_3500GeV_015,0.861867127432,3500.0,0.15
20,Zprime_3500GeV_030,0.845277529185,3500.0,0.3
21,Zprime_2000GeV_030,0.848327790369,2000.0,0.3
22,Zprime_2000GeV_015,0.86536425873,2000.0,0.15
23,Zprime_3500GeV_075,0.741477534168,3500.0,0.75
24,Zprime_3500GeV_045,0.815558005031,3500.0,0.45
25,Zprime_2500GeV_030,0.846266422163,2500.0,0.3
26,Zprime_2000GeV_060,0.794936297718,2000.0,0.6
27,Zprime_4000GeV_060,0.783187527204,4000.0,0.6
28,Zprime_2500GeV_075,0.750489919064,2500.0,0.75
29,Zprime_4000GeV_045,0.815820802717,4000.0,0.45
