,name,auc,mass,nu
0,Zprime_1500GeV_075,0.723805403223,1500.0,0.75
1,Zprime_1500GeV_015,0.821824157893,1500.0,0.15
2,Zprime_3000GeV_060,0.754555505166,3000.0,0.6
3,Zprime_1500GeV_030,0.805359938171,1500.0,0.3
4,Zprime_3000GeV_045,0.788421273891,3000.0,0.45
5,Zprime_2000GeV_045,0.78487568275,2000.0,0.45
6,Zprime_2500GeV_015,0.830474788117,2500.0,0.15
7,Zprime_3500GeV_060,0.758266460036,3500.0,0.6
8,Zprime_2500GeV_045,0.785330638774,2500.0,0.45
9,Zprime_2000GeV_075,0.726029029374,2000.0,0.75
10,Zprime_2500GeV_060,0.753988886926,2500.0,0.6
11,Zprime_4000GeV_075,0.717494798531,4000.0,0.75
12,Zprime_4000GeV_030,0.826270613665,4000.0,0.3
13,Zprime_4000GeV_015,0.847051248471,4000.0,0.15
14,Zprime_3000GeV_030,0.813174962248,3000.0,0.3
15,Zprime_1500GeV_045,0.778492716622,1500.0,0.45
16,Zprime_3000GeV_075,0.718587590118,3000.0,0.75
17,Zprime_1500GeV_060,0.758337922725,1500.0,0.6
18,Zprime_3000GeV_015,0.836781395741,3000.0,0.15
19,Zprime_3500GeV_015,0.840606720717,3500.0,0.15
20,Zprime_3500GeV_030,0.821595945454,3500.0,0.3
21,Zprime_2000GeV_030,0.811257782054,2000.0,0.3
22,Zprime_2000GeV_015,0.829014093782,2000.0,0.15
23,Zprime_3500GeV_075,0.717698869151,3500.0,0.75
24,Zprime_3500GeV_045,0.790971904319,3500.0,0.45
25,Zprime_2500GeV_030,0.810505002476,2500.0,0.3
26,Zprime_2000GeV_060,0.756385792038,2000.0,0.6
27,Zprime_4000GeV_060,0.761930329885,4000.0,0.6
28,Zprime_2500GeV_075,0.715691718797,2500.0,0.75
29,Zprime_4000GeV_045,0.79534666238,4000.0,0.45
