,name,auc,mass,nu
0,Zprime_1500GeV_075,0.735670674197,1500.0,0.75
1,Zprime_1500GeV_015,0.830319048951,1500.0,0.15
2,Zprime_3000GeV_060,0.758204036926,3000.0,0.6
3,Zprime_1500GeV_030,0.814187762329,1500.0,0.3
4,Zprime_3000GeV_045,0.791079984779,3000.0,0.45
5,Zprime_2000GeV_045,0.792130901125,2000.0,0.45
6,Zprime_2500GeV_015,0.833777279613,2500.0,0.15
7,Zprime_3500GeV_060,0.761577385524,3500.0,0.6
8,Zprime_2500GeV_045,0.790442505711,2500.0,0.45
9,Zprime_2000GeV_075,0.736605575161,2000.0,0.75
10,Zprime_2500GeV_060,0.759999275696,2500.0,0.6
11,Zprime_4000GeV_075,0.721182549816,4000.0,0.75
12,Zprime_4000GeV_030,0.824758737476,4000.0,0.3
13,Zprime_4000GeV_015,0.844601578503,4000.0,0.15
14,Zprime_3000GeV_030,0.815042095783,3000.0,0.3
15,Zprime_1500GeV_045,0.789341321114,1500.0,0.45
16,Zprime_3000GeV_075,0.724644477262,3000.0,0.75
17,Zprime_1500GeV_060,0.771174030598,1500.0,0.6
18,Zprime_3000GeV_015,0.838049493991,3000.0,0.15
19,Zprime_3500GeV_015,0.83957168735,3500.0,0.15
20,Zprime_3500GeV_030,0.821045356452,3500.0,0.3
21,Zprime_2000GeV_030,0.817964445994,2000.0,0.3
22,Zprime_2000GeV_015,0.834451072034,2000.0,0.15
23,Zprime_3500GeV_075,0.723097240099,3500.0,0.75
24,Zprime_3500GeV_045,0.791069105134,3500.0,0.45
25,Zprime_2500GeV_030,0.814507311136,2500.0,0.3
26,Zprime_2000GeV_060,0.763766589738,2000.0,0.6
27,Zprime_4000GeV_060,0.763879487832,4000.0,0.6
28,Zprime_2500GeV_075,0.723695192122,2500.0,0.75
29,Zprime_4000GeV_045,0.794226793572,4000.0,0.45
