,name,auc,mass,nu
0,Zprime_1500GeV_075,0.757634582273,1500.0,0.75
1,Zprime_1500GeV_015,0.845946924873,1500.0,0.15
2,Zprime_3000GeV_060,0.791541418957,3000.0,0.6
3,Zprime_1500GeV_030,0.835980487162,1500.0,0.3
4,Zprime_3000GeV_045,0.824139595632,3000.0,0.45
5,Zprime_2000GeV_045,0.830688654294,2000.0,0.45
6,Zprime_2500GeV_015,0.870551381554,2500.0,0.15
7,Zprime_3500GeV_060,0.786701261764,3500.0,0.6
8,Zprime_2500GeV_045,0.828152025239,2500.0,0.45
9,Zprime_2000GeV_075,0.765027991746,2000.0,0.75
10,Zprime_2500GeV_060,0.796690790396,2500.0,0.6
11,Zprime_4000GeV_075,0.736685363248,4000.0,0.75
12,Zprime_4000GeV_030,0.846509048753,4000.0,0.3
13,Zprime_4000GeV_015,0.857539880347,4000.0,0.15
14,Zprime_3000GeV_030,0.847665948221,3000.0,0.3
15,Zprime_1500GeV_045,0.811636989428,1500.0,0.45
16,Zprime_3000GeV_075,0.749522358697,3000.0,0.75
17,Zprime_1500GeV_060,0.790318291236,1500.0,0.6
18,Zprime_3000GeV_015,0.867469760701,3000.0,0.15
19,Zprime_3500GeV_015,0.861564820802,3500.0,0.15
20,Zprime_3500GeV_030,0.847676753976,3500.0,0.3
21,Zprime_2000GeV_030,0.854782575116,2000.0,0.3
22,Zprime_2000GeV_015,0.872895646177,2000.0,0.15
23,Zprime_3500GeV_075,0.745838193109,3500.0,0.75
24,Zprime_3500GeV_045,0.820392356204,3500.0,0.45
25,Zprime_2500GeV_030,0.852256784964,2500.0,0.3
26,Zprime_2000GeV_060,0.799530487348,2000.0,0.6
27,Zprime_4000GeV_060,0.784809536391,4000.0,0.6
28,Zprime_2500GeV_075,0.754771064004,2500.0,0.75
29,Zprime_4000GeV_045,0.817732650619,4000.0,0.45
