,name,auc,mass,nu
0,Zprime_1500GeV_075,0.779703663341,1500.0,0.75
1,Zprime_1500GeV_015,0.852686152951,1500.0,0.15
2,Zprime_3000GeV_060,0.806876310813,3000.0,0.6
3,Zprime_1500GeV_030,0.842824091763,1500.0,0.3
4,Zprime_3000GeV_045,0.838796234102,3000.0,0.45
5,Zprime_2000GeV_045,0.836812540839,2000.0,0.45
6,Zprime_2500GeV_015,0.877774249519,2500.0,0.15
7,Zprime_3500GeV_060,0.805673183072,3500.0,0.6
8,Zprime_2500GeV_045,0.83700148108,2500.0,0.45
9,Zprime_2000GeV_075,0.777159450223,2000.0,0.75
10,Zprime_2500GeV_060,0.809604999385,2500.0,0.6
11,Zprime_4000GeV_075,0.760398487367,4000.0,0.75
12,Zprime_4000GeV_030,0.867659492419,4000.0,0.3
13,Zprime_4000GeV_015,0.885008410222,4000.0,0.15
14,Zprime_3000GeV_030,0.86111467555,3000.0,0.3
15,Zprime_1500GeV_045,0.824386713521,1500.0,0.45
16,Zprime_3000GeV_075,0.769709819668,3000.0,0.75
17,Zprime_1500GeV_060,0.802456210489,1500.0,0.6
18,Zprime_3000GeV_015,0.880425192009,3000.0,0.15
19,Zprime_3500GeV_015,0.88270377807,3500.0,0.15
20,Zprime_3500GeV_030,0.86606739424,3500.0,0.3
21,Zprime_2000GeV_030,0.857150471808,2000.0,0.3
22,Zprime_2000GeV_015,0.87362626737,2000.0,0.15
23,Zprime_3500GeV_075,0.766437727161,3500.0,0.75
24,Zprime_3500GeV_045,0.838690661087,3500.0,0.45
25,Zprime_2500GeV_030,0.859493655719,2500.0,0.3
26,Zprime_2000GeV_060,0.808399902591,2000.0,0.6
27,Zprime_4000GeV_060,0.806964091482,4000.0,0.6
28,Zprime_2500GeV_075,0.772098433977,2500.0,0.75
29,Zprime_4000GeV_045,0.839849696137,4000.0,0.45
