,name,auc,mass,nu
0,Zprime_1500GeV_075,0.744544807466,1500.0,0.75
1,Zprime_1500GeV_015,0.83697991689,1500.0,0.15
2,Zprime_3000GeV_060,0.764738931763,3000.0,0.6
3,Zprime_1500GeV_030,0.82324381956,1500.0,0.3
4,Zprime_3000GeV_045,0.797461841328,3000.0,0.45
5,Zprime_2000GeV_045,0.797603194246,2000.0,0.45
6,Zprime_2500GeV_015,0.838882174528,2500.0,0.15
7,Zprime_3500GeV_060,0.767404257939,3500.0,0.6
8,Zprime_2500GeV_045,0.796289005185,2500.0,0.45
9,Zprime_2000GeV_075,0.744975938741,2000.0,0.75
10,Zprime_2500GeV_060,0.766071359184,2500.0,0.6
11,Zprime_4000GeV_075,0.723839449919,4000.0,0.75
12,Zprime_4000GeV_030,0.831168554473,4000.0,0.3
13,Zprime_4000GeV_015,0.846595179776,4000.0,0.15
14,Zprime_3000GeV_030,0.820617911688,3000.0,0.3
15,Zprime_1500GeV_045,0.797047608259,1500.0,0.45
16,Zprime_3000GeV_075,0.729054936209,3000.0,0.75
17,Zprime_1500GeV_060,0.778560119778,1500.0,0.6
18,Zprime_3000GeV_015,0.842828769887,3000.0,0.15
19,Zprime_3500GeV_015,0.84283235021,3500.0,0.15
20,Zprime_3500GeV_030,0.828446364424,3500.0,0.3
21,Zprime_2000GeV_030,0.822808625278,2000.0,0.3
22,Zprime_2000GeV_015,0.838607010449,2000.0,0.15
23,Zprime_3500GeV_075,0.727871867329,3500.0,0.75
24,Zprime_3500GeV_045,0.79716273931,3500.0,0.45
25,Zprime_2500GeV_030,0.820817160128,2500.0,0.3
26,Zprime_2000GeV_060,0.770032287587,2000.0,0.6
27,Zprime_4000GeV_060,0.769642833019,4000.0,0.6
28,Zprime_2500GeV_075,0.731943007065,2500.0,0.75
29,Zprime_4000GeV_045,0.800928736964,4000.0,0.45
