,name,auc,mass,nu
0,Zprime_1500GeV_075,0.789184450039,1500.0,0.75
1,Zprime_1500GeV_015,0.868243446531,1500.0,0.15
2,Zprime_3000GeV_060,0.804645536028,3000.0,0.6
3,Zprime_1500GeV_030,0.858485729614,1500.0,0.3
4,Zprime_3000GeV_045,0.835944737895,3000.0,0.45
5,Zprime_2000GeV_045,0.842435516938,2000.0,0.45
6,Zprime_2500GeV_015,0.877640356985,2500.0,0.15
7,Zprime_3500GeV_060,0.802035288073,3500.0,0.6
8,Zprime_2500GeV_045,0.838261990596,2500.0,0.45
9,Zprime_2000GeV_075,0.789067182488,2000.0,0.75
10,Zprime_2500GeV_060,0.809992047853,2500.0,0.6
11,Zprime_4000GeV_075,0.758959601532,4000.0,0.75
12,Zprime_4000GeV_030,0.861911211222,4000.0,0.3
13,Zprime_4000GeV_015,0.875357076353,4000.0,0.15
14,Zprime_3000GeV_030,0.8574136024,3000.0,0.3
15,Zprime_1500GeV_045,0.837457286632,1500.0,0.45
16,Zprime_3000GeV_075,0.771577090988,3000.0,0.75
17,Zprime_1500GeV_060,0.821342803035,1500.0,0.6
18,Zprime_3000GeV_015,0.876301531897,3000.0,0.15
19,Zprime_3500GeV_015,0.874651303069,3500.0,0.15
20,Zprime_3500GeV_030,0.860376719914,3500.0,0.3
21,Zprime_2000GeV_030,0.864939303348,2000.0,0.3
22,Zprime_2000GeV_015,0.878325728177,2000.0,0.15
23,Zprime_3500GeV_075,0.764492953399,3500.0,0.75
24,Zprime_3500GeV_045,0.832653837543,3500.0,0.45
25,Zprime_2500GeV_030,0.860438123829,2500.0,0.3
26,Zprime_2000GeV_060,0.816852257424,2000.0,0.6
27,Zprime_4000GeV_060,0.802788182444,4000.0,0.6
28,Zprime_2500GeV_075,0.777321203721,2500.0,0.75
29,Zprime_4000GeV_045,0.833170285028,4000.0,0.45
