,name,auc,mass,nu
0,Zprime_1500GeV_075,0.714157067869,1500.0,0.75
1,Zprime_1500GeV_015,0.80657553107,1500.0,0.15
2,Zprime_3000GeV_060,0.736782835286,3000.0,0.6
3,Zprime_1500GeV_030,0.791530169649,1500.0,0.3
4,Zprime_3000GeV_045,0.769586417304,3000.0,0.45
5,Zprime_2000GeV_045,0.76929360341,2000.0,0.45
6,Zprime_2500GeV_015,0.81242831231,2500.0,0.15
7,Zprime_3500GeV_060,0.740939083869,3500.0,0.6
8,Zprime_2500GeV_045,0.767295269568,2500.0,0.45
9,Zprime_2000GeV_075,0.716485621735,2000.0,0.75
10,Zprime_2500GeV_060,0.73790572098,2500.0,0.6
11,Zprime_4000GeV_075,0.702045605326,4000.0,0.75
12,Zprime_4000GeV_030,0.808595338534,4000.0,0.3
13,Zprime_4000GeV_015,0.826870469615,4000.0,0.15
14,Zprime_3000GeV_030,0.793850158399,3000.0,0.3
15,Zprime_1500GeV_045,0.762663543937,1500.0,0.45
16,Zprime_3000GeV_075,0.703133682162,3000.0,0.75
17,Zprime_1500GeV_060,0.744802514138,1500.0,0.6
18,Zprime_3000GeV_015,0.815825971702,3000.0,0.15
19,Zprime_3500GeV_015,0.819957265768,3500.0,0.15
20,Zprime_3500GeV_030,0.801789131069,3500.0,0.3
21,Zprime_2000GeV_030,0.791945263804,2000.0,0.3
22,Zprime_2000GeV_015,0.810050902697,2000.0,0.15
23,Zprime_3500GeV_075,0.702104772745,3500.0,0.75
24,Zprime_3500GeV_045,0.770462236401,3500.0,0.45
25,Zprime_2500GeV_030,0.791856628517,2500.0,0.3
26,Zprime_2000GeV_060,0.741612054841,2000.0,0.6
27,Zprime_4000GeV_060,0.745506690305,4000.0,0.6
28,Zprime_2500GeV_075,0.701750776749,2500.0,0.75
29,Zprime_4000GeV_045,0.777857867179,4000.0,0.45
