,name,auc,mass,nu
0,Zprime_1500GeV_075,0.790311415776,1500.0,0.75
1,Zprime_1500GeV_015,0.863199475432,1500.0,0.15
2,Zprime_3000GeV_060,0.797644205355,3000.0,0.6
3,Zprime_1500GeV_030,0.85180546178,1500.0,0.3
4,Zprime_3000GeV_045,0.826672018991,3000.0,0.45
5,Zprime_2000GeV_045,0.834163726771,2000.0,0.45
6,Zprime_2500GeV_015,0.865153235923,2500.0,0.15
7,Zprime_3500GeV_060,0.795990410973,3500.0,0.6
8,Zprime_2500GeV_045,0.828740004254,2500.0,0.45
9,Zprime_2000GeV_075,0.788869374732,2000.0,0.75
10,Zprime_2500GeV_060,0.802234454048,2500.0,0.6
11,Zprime_4000GeV_075,0.756725418849,4000.0,0.75
12,Zprime_4000GeV_030,0.851718957713,4000.0,0.3
13,Zprime_4000GeV_015,0.865777120239,4000.0,0.15
14,Zprime_3000GeV_030,0.847385330483,3000.0,0.3
15,Zprime_1500GeV_045,0.832389680826,1500.0,0.45
16,Zprime_3000GeV_075,0.768653664053,3000.0,0.75
17,Zprime_1500GeV_060,0.816915192319,1500.0,0.6
18,Zprime_3000GeV_015,0.865723161482,3000.0,0.15
19,Zprime_3500GeV_015,0.864363724055,3500.0,0.15
20,Zprime_3500GeV_030,0.849650194241,3500.0,0.3
21,Zprime_2000GeV_030,0.853155820868,2000.0,0.3
22,Zprime_2000GeV_015,0.865821325564,2000.0,0.15
23,Zprime_3500GeV_075,0.761638292219,3500.0,0.75
24,Zprime_3500GeV_045,0.823525052177,3500.0,0.45
25,Zprime_2500GeV_030,0.848142016404,2500.0,0.3
26,Zprime_2000GeV_060,0.811077239847,2000.0,0.6
27,Zprime_4000GeV_060,0.797030954912,4000.0,0.6
28,Zprime_2500GeV_075,0.774701658345,2500.0,0.75
29,Zprime_4000GeV_045,0.824930072775,4000.0,0.45
