,name,auc,mass,nu
0,Zprime_1500GeV_075,0.798424311878,1500.0,0.75
1,Zprime_1500GeV_015,0.872088006842,1500.0,0.15
2,Zprime_3000GeV_060,0.803790405491,3000.0,0.6
3,Zprime_1500GeV_030,0.862359368306,1500.0,0.3
4,Zprime_3000GeV_045,0.827585095455,3000.0,0.45
5,Zprime_2000GeV_045,0.848749131374,2000.0,0.45
6,Zprime_2500GeV_015,0.870734755462,2500.0,0.15
7,Zprime_3500GeV_060,0.796316841343,3500.0,0.6
8,Zprime_2500GeV_045,0.837190782213,2500.0,0.45
9,Zprime_2000GeV_075,0.801170104718,2000.0,0.75
10,Zprime_2500GeV_060,0.813757959394,2500.0,0.6
11,Zprime_4000GeV_075,0.76337937594,4000.0,0.75
12,Zprime_4000GeV_030,0.842014217703,4000.0,0.3
13,Zprime_4000GeV_015,0.855873452413,4000.0,0.15
14,Zprime_3000GeV_030,0.845427913101,3000.0,0.3
15,Zprime_1500GeV_045,0.841374939561,1500.0,0.45
16,Zprime_3000GeV_075,0.77921956115,3000.0,0.75
17,Zprime_1500GeV_060,0.822364327877,1500.0,0.6
18,Zprime_3000GeV_015,0.861978555898,3000.0,0.15
19,Zprime_3500GeV_015,0.855028780119,3500.0,0.15
20,Zprime_3500GeV_030,0.841662033617,3500.0,0.3
21,Zprime_2000GeV_030,0.867881682698,2000.0,0.3
22,Zprime_2000GeV_015,0.881179967697,2000.0,0.15
23,Zprime_3500GeV_075,0.770991637843,3500.0,0.75
24,Zprime_3500GeV_045,0.822393587096,3500.0,0.45
25,Zprime_2500GeV_030,0.854551350555,2500.0,0.3
26,Zprime_2000GeV_060,0.823572086886,2000.0,0.6
27,Zprime_4000GeV_060,0.793918852711,4000.0,0.6
28,Zprime_2500GeV_075,0.785620624618,2500.0,0.75
29,Zprime_4000GeV_045,0.81907493325,4000.0,0.45
