,name,auc,mass,nu
0,Zprime_1500GeV_075,0.78038643001,1500.0,0.75
1,Zprime_1500GeV_015,0.85752082214,1500.0,0.15
2,Zprime_3000GeV_060,0.795201664684,3000.0,0.6
3,Zprime_1500GeV_030,0.846217524347,1500.0,0.3
4,Zprime_3000GeV_045,0.827867625942,3000.0,0.45
5,Zprime_2000GeV_045,0.833088731092,2000.0,0.45
6,Zprime_2500GeV_015,0.871651183591,2500.0,0.15
7,Zprime_3500GeV_060,0.792686519328,3500.0,0.6
8,Zprime_2500GeV_045,0.830682775181,2500.0,0.45
9,Zprime_2000GeV_075,0.78028286032,2000.0,0.75
10,Zprime_2500GeV_060,0.801323055278,2500.0,0.6
11,Zprime_4000GeV_075,0.747720134785,4000.0,0.75
12,Zprime_4000GeV_030,0.850214037783,4000.0,0.3
13,Zprime_4000GeV_015,0.862152113162,4000.0,0.15
14,Zprime_3000GeV_030,0.851027006712,3000.0,0.3
15,Zprime_1500GeV_045,0.831560085358,1500.0,0.45
16,Zprime_3000GeV_075,0.760817017819,3000.0,0.75
17,Zprime_1500GeV_060,0.810786010558,1500.0,0.6
18,Zprime_3000GeV_015,0.870732528003,3000.0,0.15
19,Zprime_3500GeV_015,0.864621012391,3500.0,0.15
20,Zprime_3500GeV_030,0.850347794759,3500.0,0.3
21,Zprime_2000GeV_030,0.856953166382,2000.0,0.3
22,Zprime_2000GeV_015,0.872276532278,2000.0,0.15
23,Zprime_3500GeV_075,0.754610055734,3500.0,0.75
24,Zprime_3500GeV_045,0.82492285009,3500.0,0.45
25,Zprime_2500GeV_030,0.85369592711,2500.0,0.3
26,Zprime_2000GeV_060,0.806641858277,2000.0,0.6
27,Zprime_4000GeV_060,0.790486159248,4000.0,0.6
28,Zprime_2500GeV_075,0.765517229081,2500.0,0.75
29,Zprime_4000GeV_045,0.822733100357,4000.0,0.45
