,name,auc,mass,nu
0,Zprime_1500GeV_075,0.746464283325,1500.0,0.75
1,Zprime_1500GeV_015,0.830157368582,1500.0,0.15
2,Zprime_3000GeV_060,0.763720722619,3000.0,0.6
3,Zprime_1500GeV_030,0.81763057456,1500.0,0.3
4,Zprime_3000GeV_045,0.792865597602,3000.0,0.45
5,Zprime_2000GeV_045,0.800890824942,2000.0,0.45
6,Zprime_2500GeV_015,0.836353210859,2500.0,0.15
7,Zprime_3500GeV_060,0.763466672849,3500.0,0.6
8,Zprime_2500GeV_045,0.795490610936,2500.0,0.45
9,Zprime_2000GeV_075,0.746234484974,2000.0,0.75
10,Zprime_2500GeV_060,0.76679600069,2500.0,0.6
11,Zprime_4000GeV_075,0.724308879352,4000.0,0.75
12,Zprime_4000GeV_030,0.82475778035,4000.0,0.3
13,Zprime_4000GeV_015,0.839914475609,4000.0,0.15
14,Zprime_3000GeV_030,0.81664533524,3000.0,0.3
15,Zprime_1500GeV_045,0.79055759544,1500.0,0.45
16,Zprime_3000GeV_075,0.731144476555,3000.0,0.75
17,Zprime_1500GeV_060,0.775739726465,1500.0,0.6
18,Zprime_3000GeV_015,0.837232183133,3000.0,0.15
19,Zprime_3500GeV_015,0.836229630276,3500.0,0.15
20,Zprime_3500GeV_030,0.819457785397,3500.0,0.3
21,Zprime_2000GeV_030,0.822369161835,2000.0,0.3
22,Zprime_2000GeV_015,0.837425412322,2000.0,0.15
23,Zprime_3500GeV_075,0.729345232471,3500.0,0.75
24,Zprime_3500GeV_045,0.79220315997,3500.0,0.45
25,Zprime_2500GeV_030,0.818349849891,2500.0,0.3
26,Zprime_2000GeV_060,0.772317024887,2000.0,0.6
27,Zprime_4000GeV_060,0.766544100642,4000.0,0.6
28,Zprime_2500GeV_075,0.733088943358,2500.0,0.75
29,Zprime_4000GeV_045,0.795685058082,4000.0,0.45
