,name,auc,mass,nu
0,Zprime_1500GeV_075,0.800555718323,1500.0,0.75
1,Zprime_1500GeV_015,0.872804635343,1500.0,0.15
2,Zprime_3000GeV_060,0.804438262102,3000.0,0.6
3,Zprime_1500GeV_030,0.860923346527,1500.0,0.3
4,Zprime_3000GeV_045,0.832992088834,3000.0,0.45
5,Zprime_2000GeV_045,0.843640227707,2000.0,0.45
6,Zprime_2500GeV_015,0.872363250611,2500.0,0.15
7,Zprime_3500GeV_060,0.802104619094,3500.0,0.6
8,Zprime_2500GeV_045,0.836587403405,2500.0,0.45
9,Zprime_2000GeV_075,0.79692606663,2000.0,0.75
10,Zprime_2500GeV_060,0.811334117279,2500.0,0.6
11,Zprime_4000GeV_075,0.762844611007,4000.0,0.75
12,Zprime_4000GeV_030,0.855311296378,4000.0,0.3
13,Zprime_4000GeV_015,0.868560405928,4000.0,0.15
14,Zprime_3000GeV_030,0.85238841954,3000.0,0.3
15,Zprime_1500GeV_045,0.843102143995,1500.0,0.45
16,Zprime_3000GeV_075,0.77451663676,3000.0,0.75
17,Zprime_1500GeV_060,0.826237199348,1500.0,0.6
18,Zprime_3000GeV_015,0.869398617876,3000.0,0.15
19,Zprime_3500GeV_015,0.866556647774,3500.0,0.15
20,Zprime_3500GeV_030,0.853292585876,3500.0,0.3
21,Zprime_2000GeV_030,0.862272762198,2000.0,0.3
22,Zprime_2000GeV_015,0.875458102757,2000.0,0.15
23,Zprime_3500GeV_075,0.769083870488,3500.0,0.75
24,Zprime_3500GeV_045,0.829223681679,3500.0,0.45
25,Zprime_2500GeV_030,0.856080023981,2500.0,0.3
26,Zprime_2000GeV_060,0.819596027541,2000.0,0.6
27,Zprime_4000GeV_060,0.802301784425,4000.0,0.6
28,Zprime_2500GeV_075,0.781409461878,2500.0,0.75
29,Zprime_4000GeV_045,0.829754658767,4000.0,0.45
