,name,auc,mass,nu
0,Zprime_1500GeV_075,0.793401086864,1500.0,0.75
1,Zprime_1500GeV_015,0.869987838693,1500.0,0.15
2,Zprime_3000GeV_060,0.804578202973,3000.0,0.6
3,Zprime_1500GeV_030,0.859569491312,1500.0,0.3
4,Zprime_3000GeV_045,0.835584726312,3000.0,0.45
5,Zprime_2000GeV_045,0.840646989078,2000.0,0.45
6,Zprime_2500GeV_015,0.874855107365,2500.0,0.15
7,Zprime_3500GeV_060,0.803798209383,3500.0,0.6
8,Zprime_2500GeV_045,0.837030663249,2500.0,0.45
9,Zprime_2000GeV_075,0.790713954185,2000.0,0.75
10,Zprime_2500GeV_060,0.809516520267,2500.0,0.6
11,Zprime_4000GeV_075,0.762525241139,4000.0,0.75
12,Zprime_4000GeV_030,0.864485645902,4000.0,0.3
13,Zprime_4000GeV_015,0.878923232336,4000.0,0.15
14,Zprime_3000GeV_030,0.857104113819,3000.0,0.3
15,Zprime_1500GeV_045,0.839733023527,1500.0,0.45
16,Zprime_3000GeV_075,0.77237805529,3000.0,0.75
17,Zprime_1500GeV_060,0.822793967315,1500.0,0.6
18,Zprime_3000GeV_015,0.876129845863,3000.0,0.15
19,Zprime_3500GeV_015,0.876572108869,3500.0,0.15
20,Zprime_3500GeV_030,0.861077815487,3500.0,0.3
21,Zprime_2000GeV_030,0.862078815527,2000.0,0.3
22,Zprime_2000GeV_015,0.874514924425,2000.0,0.15
23,Zprime_3500GeV_075,0.766935926337,3500.0,0.75
24,Zprime_3500GeV_045,0.834236449992,3500.0,0.45
25,Zprime_2500GeV_030,0.858146798636,2500.0,0.3
26,Zprime_2000GeV_060,0.817891561485,2000.0,0.6
27,Zprime_4000GeV_060,0.805348369253,4000.0,0.6
28,Zprime_2500GeV_075,0.777487587336,2500.0,0.75
29,Zprime_4000GeV_045,0.8361647051,4000.0,0.45
