,name,auc,mass,nu
0,Zprime_1500GeV_075,0.795861220999,1500.0,0.75
1,Zprime_1500GeV_015,0.862835209643,1500.0,0.15
2,Zprime_3000GeV_060,0.814058190384,3000.0,0.6
3,Zprime_1500GeV_030,0.850551239327,1500.0,0.3
4,Zprime_3000GeV_045,0.837964835668,3000.0,0.45
5,Zprime_2000GeV_045,0.844640068546,2000.0,0.45
6,Zprime_2500GeV_015,0.86995133895,2500.0,0.15
7,Zprime_3500GeV_060,0.81131442379,3500.0,0.6
8,Zprime_2500GeV_045,0.839162129038,2500.0,0.45
9,Zprime_2000GeV_075,0.800382563044,2000.0,0.75
10,Zprime_2500GeV_060,0.817087005744,2500.0,0.6
11,Zprime_4000GeV_075,0.780469311452,4000.0,0.75
12,Zprime_4000GeV_030,0.866921307822,4000.0,0.3
13,Zprime_4000GeV_015,0.878835608421,4000.0,0.15
14,Zprime_3000GeV_030,0.856435259867,3000.0,0.3
15,Zprime_1500GeV_045,0.829837027516,1500.0,0.45
16,Zprime_3000GeV_075,0.785869775075,3000.0,0.75
17,Zprime_1500GeV_060,0.814711694785,1500.0,0.6
18,Zprime_3000GeV_015,0.873661971148,3000.0,0.15
19,Zprime_3500GeV_015,0.876454771538,3500.0,0.15
20,Zprime_3500GeV_030,0.86214368945,3500.0,0.3
21,Zprime_2000GeV_030,0.862627587842,2000.0,0.3
22,Zprime_2000GeV_015,0.874067746276,2000.0,0.15
23,Zprime_3500GeV_075,0.784252022017,3500.0,0.75
24,Zprime_3500GeV_045,0.839663062263,3500.0,0.45
25,Zprime_2500GeV_030,0.855940112198,2500.0,0.3
26,Zprime_2000GeV_060,0.820415421941,2000.0,0.6
27,Zprime_4000GeV_060,0.814316310113,4000.0,0.6
28,Zprime_2500GeV_075,0.791418011614,2500.0,0.75
29,Zprime_4000GeV_045,0.841763627201,4000.0,0.45
