,name,auc,mass,nu
0,Zprime_1500GeV_075,0.772122970604,1500.0,0.75
1,Zprime_1500GeV_015,0.851149851784,1500.0,0.15
2,Zprime_3000GeV_060,0.806118024431,3000.0,0.6
3,Zprime_1500GeV_030,0.834343997566,1500.0,0.3
4,Zprime_3000GeV_045,0.834244868682,3000.0,0.45
5,Zprime_2000GeV_045,0.83531287755,2000.0,0.45
6,Zprime_2500GeV_015,0.870007801684,2500.0,0.15
7,Zprime_3500GeV_060,0.804408830933,3500.0,0.6
8,Zprime_2500GeV_045,0.832698588686,2500.0,0.45
9,Zprime_2000GeV_075,0.778152825736,2000.0,0.75
10,Zprime_2500GeV_060,0.803442769513,2500.0,0.6
11,Zprime_4000GeV_075,0.762956230976,4000.0,0.75
12,Zprime_4000GeV_030,0.867563935496,4000.0,0.3
13,Zprime_4000GeV_015,0.882100516141,4000.0,0.15
14,Zprime_3000GeV_030,0.855953773478,3000.0,0.3
15,Zprime_1500GeV_045,0.812033980636,1500.0,0.45
16,Zprime_3000GeV_075,0.770084531956,3000.0,0.75
17,Zprime_1500GeV_060,0.793604674236,1500.0,0.6
18,Zprime_3000GeV_015,0.874587047054,3000.0,0.15
19,Zprime_3500GeV_015,0.87858748564,3500.0,0.15
20,Zprime_3500GeV_030,0.861815205859,3500.0,0.3
21,Zprime_2000GeV_030,0.854020468755,2000.0,0.3
22,Zprime_2000GeV_015,0.869557513199,2000.0,0.15
23,Zprime_3500GeV_075,0.768359006236,3500.0,0.75
24,Zprime_3500GeV_045,0.837508508796,3500.0,0.45
25,Zprime_2500GeV_030,0.85317351596,2500.0,0.3
26,Zprime_2000GeV_060,0.808819213964,2000.0,0.6
27,Zprime_4000GeV_060,0.806939011717,4000.0,0.6
28,Zprime_2500GeV_075,0.770710681458,2500.0,0.75
29,Zprime_4000GeV_045,0.838796952201,4000.0,0.45
