,name,auc,mass,nu
0,Zprime_1500GeV_075,0.772749235172,1500.0,0.75
1,Zprime_1500GeV_015,0.847024826298,1500.0,0.15
2,Zprime_3000GeV_060,0.795605945485,3000.0,0.6
3,Zprime_1500GeV_030,0.832030070436,1500.0,0.3
4,Zprime_3000GeV_045,0.819563937785,3000.0,0.45
5,Zprime_2000GeV_045,0.827625505571,2000.0,0.45
6,Zprime_2500GeV_015,0.853803908524,2500.0,0.15
7,Zprime_3500GeV_060,0.793894907551,3500.0,0.6
8,Zprime_2500GeV_045,0.820333985762,2500.0,0.45
9,Zprime_2000GeV_075,0.779385455352,2000.0,0.75
10,Zprime_2500GeV_060,0.795919512416,2500.0,0.6
11,Zprime_4000GeV_075,0.763601604991,4000.0,0.75
12,Zprime_4000GeV_030,0.851754047275,4000.0,0.3
13,Zprime_4000GeV_015,0.866412524358,4000.0,0.15
14,Zprime_3000GeV_030,0.840610916919,3000.0,0.3
15,Zprime_1500GeV_045,0.807170244649,1500.0,0.45
16,Zprime_3000GeV_075,0.767840370338,3000.0,0.75
17,Zprime_1500GeV_060,0.79374354035,1500.0,0.6
18,Zprime_3000GeV_015,0.858817291096,3000.0,0.15
19,Zprime_3500GeV_015,0.863068199179,3500.0,0.15
20,Zprime_3500GeV_030,0.846109234441,3500.0,0.3
21,Zprime_2000GeV_030,0.844721394809,2000.0,0.3
22,Zprime_2000GeV_015,0.858595384158,2000.0,0.15
23,Zprime_3500GeV_075,0.766072525065,3500.0,0.75
24,Zprime_3500GeV_045,0.823688188138,3500.0,0.45
25,Zprime_2500GeV_030,0.83815685863,2500.0,0.3
26,Zprime_2000GeV_060,0.803457074217,2000.0,0.6
27,Zprime_4000GeV_060,0.797897277157,4000.0,0.6
28,Zprime_2500GeV_075,0.769934523798,2500.0,0.75
29,Zprime_4000GeV_045,0.826915550253,4000.0,0.45
