,name,auc,mass,nu
0,Zprime_1500GeV_075,0.79232909762,1500.0,0.75
1,Zprime_1500GeV_015,0.868411647209,1500.0,0.15
2,Zprime_3000GeV_060,0.804942867399,3000.0,0.6
3,Zprime_1500GeV_030,0.857927089975,1500.0,0.3
4,Zprime_3000GeV_045,0.83369865013,3000.0,0.45
5,Zprime_2000GeV_045,0.842907374331,2000.0,0.45
6,Zprime_2500GeV_015,0.871660243729,2500.0,0.15
7,Zprime_3500GeV_060,0.803047284748,3500.0,0.6
8,Zprime_2500GeV_045,0.836582229996,2500.0,0.45
9,Zprime_2000GeV_075,0.794571309685,2000.0,0.75
10,Zprime_2500GeV_060,0.811463861616,2500.0,0.6
11,Zprime_4000GeV_075,0.762880822873,4000.0,0.75
12,Zprime_4000GeV_030,0.857239121872,4000.0,0.3
13,Zprime_4000GeV_015,0.871970798862,4000.0,0.15
14,Zprime_3000GeV_030,0.853508105073,3000.0,0.3
15,Zprime_1500GeV_045,0.838627635554,1500.0,0.45
16,Zprime_3000GeV_075,0.775350961584,3000.0,0.75
17,Zprime_1500GeV_060,0.82199022778,1500.0,0.6
18,Zprime_3000GeV_015,0.870942265537,3000.0,0.15
19,Zprime_3500GeV_015,0.869077747939,3500.0,0.15
20,Zprime_3500GeV_030,0.854682157599,3500.0,0.3
21,Zprime_2000GeV_030,0.862422257682,2000.0,0.3
22,Zprime_2000GeV_015,0.874190400851,2000.0,0.15
23,Zprime_3500GeV_075,0.768798809145,3500.0,0.75
24,Zprime_3500GeV_045,0.830867420352,3500.0,0.45
25,Zprime_2500GeV_030,0.856711975334,2500.0,0.3
26,Zprime_2000GeV_060,0.819363513869,2000.0,0.6
27,Zprime_4000GeV_060,0.804227239734,4000.0,0.6
28,Zprime_2500GeV_075,0.78035154821,2500.0,0.75
29,Zprime_4000GeV_045,0.832294087084,4000.0,0.45
