,name,auc,mass,nu
0,Zprime_1500GeV_075,0.762245628777,1500.0,0.75
1,Zprime_1500GeV_015,0.832849597629,1500.0,0.15
2,Zprime_3000GeV_060,0.752556855384,3000.0,0.6
3,Zprime_1500GeV_030,0.818874248658,1500.0,0.3
4,Zprime_3000GeV_045,0.772087094581,3000.0,0.45
5,Zprime_2000GeV_045,0.804293415682,2000.0,0.45
6,Zprime_2500GeV_015,0.816423676483,2500.0,0.15
7,Zprime_3500GeV_060,0.745871216656,3500.0,0.6
8,Zprime_2500GeV_045,0.783095308494,2500.0,0.45
9,Zprime_2000GeV_075,0.761116089506,2000.0,0.75
10,Zprime_2500GeV_060,0.762266849224,2500.0,0.6
11,Zprime_4000GeV_075,0.723032535182,4000.0,0.75
12,Zprime_4000GeV_030,0.791852546121,4000.0,0.3
13,Zprime_4000GeV_015,0.807772495777,4000.0,0.15
14,Zprime_3000GeV_030,0.788457013994,3000.0,0.3
15,Zprime_1500GeV_045,0.79651438366,1500.0,0.45
16,Zprime_3000GeV_075,0.733610844291,3000.0,0.75
17,Zprime_1500GeV_060,0.784780775711,1500.0,0.6
18,Zprime_3000GeV_015,0.805553163191,3000.0,0.15
19,Zprime_3500GeV_015,0.803280824675,3500.0,0.15
20,Zprime_3500GeV_030,0.788090282725,3500.0,0.3
21,Zprime_2000GeV_030,0.821175912601,2000.0,0.3
22,Zprime_2000GeV_015,0.833985298506,2000.0,0.15
23,Zprime_3500GeV_075,0.727641457909,3500.0,0.75
24,Zprime_3500GeV_045,0.768779607376,3500.0,0.45
25,Zprime_2500GeV_030,0.800813926776,2500.0,0.3
26,Zprime_2000GeV_060,0.781552780209,2000.0,0.6
27,Zprime_4000GeV_060,0.746018718423,4000.0,0.6
28,Zprime_2500GeV_075,0.743438919669,2500.0,0.75
29,Zprime_4000GeV_045,0.769469603625,4000.0,0.45
