,name,auc,mass,nu
0,Zprime_1500GeV_075,0.788290774263,1500.0,0.75
1,Zprime_1500GeV_015,0.864842011057,1500.0,0.15
2,Zprime_3000GeV_060,0.800499844113,3000.0,0.6
3,Zprime_1500GeV_030,0.853049996275,1500.0,0.3
4,Zprime_3000GeV_045,0.829740766674,3000.0,0.45
5,Zprime_2000GeV_045,0.837604334259,2000.0,0.45
6,Zprime_2500GeV_015,0.86995431769,2500.0,0.15
7,Zprime_3500GeV_060,0.798141358112,3500.0,0.6
8,Zprime_2500GeV_045,0.831796705126,2500.0,0.45
9,Zprime_2000GeV_075,0.788072569894,2000.0,0.75
10,Zprime_2500GeV_060,0.805216563144,2500.0,0.6
11,Zprime_4000GeV_075,0.755424280994,4000.0,0.75
12,Zprime_4000GeV_030,0.85385023145,4000.0,0.3
13,Zprime_4000GeV_015,0.866873852803,4000.0,0.15
14,Zprime_3000GeV_030,0.85065018662,3000.0,0.3
15,Zprime_1500GeV_045,0.834115296106,1500.0,0.45
16,Zprime_3000GeV_075,0.768322284905,3000.0,0.75
17,Zprime_1500GeV_060,0.818047479661,1500.0,0.6
18,Zprime_3000GeV_015,0.868674517783,3000.0,0.15
19,Zprime_3500GeV_015,0.865677919908,3500.0,0.15
20,Zprime_3500GeV_030,0.852558447904,3500.0,0.3
21,Zprime_2000GeV_030,0.857601306644,2000.0,0.3
22,Zprime_2000GeV_015,0.870648484666,2000.0,0.15
23,Zprime_3500GeV_075,0.762450175314,3500.0,0.75
24,Zprime_3500GeV_045,0.826576519825,3500.0,0.45
25,Zprime_2500GeV_030,0.853254119203,2500.0,0.3
26,Zprime_2000GeV_060,0.813295123572,2000.0,0.6
27,Zprime_4000GeV_060,0.79800443166,4000.0,0.6
28,Zprime_2500GeV_075,0.773405699745,2500.0,0.75
29,Zprime_4000GeV_045,0.826790479907,4000.0,0.45
