,name,auc,mass,nu
0,Zprime_1500GeV_075,0.740794802948,1500.0,0.75
1,Zprime_1500GeV_015,0.83514275005,1500.0,0.15
2,Zprime_3000GeV_060,0.772675591031,3000.0,0.6
3,Zprime_1500GeV_030,0.818637789169,1500.0,0.3
4,Zprime_3000GeV_045,0.806478486193,3000.0,0.45
5,Zprime_2000GeV_045,0.814282261761,2000.0,0.45
6,Zprime_2500GeV_015,0.854435090784,2500.0,0.15
7,Zprime_3500GeV_060,0.768352645713,3500.0,0.6
8,Zprime_2500GeV_045,0.810704463904,2500.0,0.45
9,Zprime_2000GeV_075,0.753017975639,2000.0,0.75
10,Zprime_2500GeV_060,0.780833824775,2500.0,0.6
11,Zprime_4000GeV_075,0.72215868097,4000.0,0.75
12,Zprime_4000GeV_030,0.82927229706,4000.0,0.3
13,Zprime_4000GeV_015,0.844164560701,4000.0,0.15
14,Zprime_3000GeV_030,0.830480224153,3000.0,0.3
15,Zprime_1500GeV_045,0.796317054804,1500.0,0.45
16,Zprime_3000GeV_075,0.73493884618,3000.0,0.75
17,Zprime_1500GeV_060,0.77091954615,1500.0,0.6
18,Zprime_3000GeV_015,0.851140165552,3000.0,0.15
19,Zprime_3500GeV_015,0.844786962141,3500.0,0.15
20,Zprime_3500GeV_030,0.829657947554,3500.0,0.3
21,Zprime_2000GeV_030,0.83906719278,2000.0,0.3
22,Zprime_2000GeV_015,0.856262908428,2000.0,0.15
23,Zprime_3500GeV_075,0.732688706484,3500.0,0.75
24,Zprime_3500GeV_045,0.802613262257,3500.0,0.45
25,Zprime_2500GeV_030,0.835198105678,2500.0,0.3
26,Zprime_2000GeV_060,0.783182995323,2000.0,0.6
27,Zprime_4000GeV_060,0.767459460548,4000.0,0.6
28,Zprime_2500GeV_075,0.740185468986,2500.0,0.75
29,Zprime_4000GeV_045,0.800674954936,4000.0,0.45
