,name,auc,mass,nu
0,Zprime_1500GeV_075,0.806527561765,1500.0,0.75
1,Zprime_1500GeV_015,0.878840583137,1500.0,0.15
2,Zprime_3000GeV_060,0.821705431789,3000.0,0.6
3,Zprime_1500GeV_030,0.867185584299,1500.0,0.3
4,Zprime_3000GeV_045,0.847291889868,3000.0,0.45
5,Zprime_2000GeV_045,0.859896037414,2000.0,0.45
6,Zprime_2500GeV_015,0.884516443433,2500.0,0.15
7,Zprime_3500GeV_060,0.816138475062,3500.0,0.6
8,Zprime_2500GeV_045,0.851906304032,2500.0,0.45
9,Zprime_2000GeV_075,0.809534341678,2000.0,0.75
10,Zprime_2500GeV_060,0.827862430781,2500.0,0.6
11,Zprime_4000GeV_075,0.780403317001,4000.0,0.75
12,Zprime_4000GeV_030,0.8716663488,4000.0,0.3
13,Zprime_4000GeV_015,0.88535000571,4000.0,0.15
14,Zprime_3000GeV_030,0.866761622984,3000.0,0.3
15,Zprime_1500GeV_045,0.846535288219,1500.0,0.45
16,Zprime_3000GeV_075,0.790903246389,3000.0,0.75
17,Zprime_1500GeV_060,0.829017774148,1500.0,0.6
18,Zprime_3000GeV_015,0.884451845309,3000.0,0.15
19,Zprime_3500GeV_015,0.883906103585,3500.0,0.15
20,Zprime_3500GeV_030,0.86925449084,3500.0,0.3
21,Zprime_2000GeV_030,0.878478621071,2000.0,0.3
22,Zprime_2000GeV_015,0.890740536665,2000.0,0.15
23,Zprime_3500GeV_075,0.785911551604,3500.0,0.75
24,Zprime_3500GeV_045,0.845065119271,3500.0,0.45
25,Zprime_2500GeV_030,0.869628530367,2500.0,0.3
26,Zprime_2000GeV_060,0.833189081223,2000.0,0.6
27,Zprime_4000GeV_060,0.816913789269,4000.0,0.6
28,Zprime_2500GeV_075,0.798112446323,2500.0,0.75
29,Zprime_4000GeV_045,0.844738288981,4000.0,0.45
