,name,auc,mass,nu
0,Zprime_1500GeV_075,0.744472190826,1500.0,0.75
1,Zprime_1500GeV_015,0.836963499684,1500.0,0.15
2,Zprime_3000GeV_060,0.772822358851,3000.0,0.6
3,Zprime_1500GeV_030,0.822657055973,1500.0,0.3
4,Zprime_3000GeV_045,0.805610627539,3000.0,0.45
5,Zprime_2000GeV_045,0.80603646045,2000.0,0.45
6,Zprime_2500GeV_015,0.847379245085,2500.0,0.15
7,Zprime_3500GeV_060,0.77462569892,3500.0,0.6
8,Zprime_2500GeV_045,0.803641679796,2500.0,0.45
9,Zprime_2000GeV_075,0.750968786804,2000.0,0.75
10,Zprime_2500GeV_060,0.773468694767,2500.0,0.6
11,Zprime_4000GeV_075,0.732064212724,4000.0,0.75
12,Zprime_4000GeV_030,0.840985705567,4000.0,0.3
13,Zprime_4000GeV_015,0.857348525619,4000.0,0.15
14,Zprime_3000GeV_030,0.831212268222,3000.0,0.3
15,Zprime_1500GeV_045,0.797720460568,1500.0,0.45
16,Zprime_3000GeV_075,0.738041130512,3000.0,0.75
17,Zprime_1500GeV_060,0.778341473143,1500.0,0.6
18,Zprime_3000GeV_015,0.854710185125,3000.0,0.15
19,Zprime_3500GeV_015,0.854453766422,3500.0,0.15
20,Zprime_3500GeV_030,0.837215680123,3500.0,0.3
21,Zprime_2000GeV_030,0.828840685464,2000.0,0.3
22,Zprime_2000GeV_015,0.84433956812,2000.0,0.15
23,Zprime_3500GeV_075,0.735336264859,3500.0,0.75
24,Zprime_3500GeV_045,0.806720544135,3500.0,0.45
25,Zprime_2500GeV_030,0.828506022318,2500.0,0.3
26,Zprime_2000GeV_060,0.776652225244,2000.0,0.6
27,Zprime_4000GeV_060,0.776591824978,4000.0,0.6
28,Zprime_2500GeV_075,0.736105196704,2500.0,0.75
29,Zprime_4000GeV_045,0.809774001888,4000.0,0.45
