,name,auc,mass,nu
0,Zprime_1500GeV_075,0.794647972359,1500.0,0.75
1,Zprime_1500GeV_015,0.864519257706,1500.0,0.15
2,Zprime_3000GeV_060,0.811829825844,3000.0,0.6
3,Zprime_1500GeV_030,0.852738989299,1500.0,0.3
4,Zprime_3000GeV_045,0.835740364655,3000.0,0.45
5,Zprime_2000GeV_045,0.845952805817,2000.0,0.45
6,Zprime_2500GeV_015,0.86985023758,2500.0,0.15
7,Zprime_3500GeV_060,0.806516609987,3500.0,0.6
8,Zprime_2500GeV_045,0.838676923731,2500.0,0.45
9,Zprime_2000GeV_075,0.799404128268,2000.0,0.75
10,Zprime_2500GeV_060,0.816365105071,2500.0,0.6
11,Zprime_4000GeV_075,0.772695431006,4000.0,0.75
12,Zprime_4000GeV_030,0.860787151925,4000.0,0.3
13,Zprime_4000GeV_015,0.873359299248,4000.0,0.15
14,Zprime_3000GeV_030,0.854091091168,3000.0,0.3
15,Zprime_1500GeV_045,0.831551950535,1500.0,0.45
16,Zprime_3000GeV_075,0.782546225274,3000.0,0.75
17,Zprime_1500GeV_060,0.813734822849,1500.0,0.6
18,Zprime_3000GeV_015,0.872025637327,3000.0,0.15
19,Zprime_3500GeV_015,0.872389418588,3500.0,0.15
20,Zprime_3500GeV_030,0.858157535085,3500.0,0.3
21,Zprime_2000GeV_030,0.863499026646,2000.0,0.3
22,Zprime_2000GeV_015,0.875408693369,2000.0,0.15
23,Zprime_3500GeV_075,0.778303672659,3500.0,0.75
24,Zprime_3500GeV_045,0.834861603847,3500.0,0.45
25,Zprime_2500GeV_030,0.855664774961,2500.0,0.3
26,Zprime_2000GeV_060,0.82124769411,2000.0,0.6
27,Zprime_4000GeV_060,0.806986356095,4000.0,0.6
28,Zprime_2500GeV_075,0.789448622409,2500.0,0.75
29,Zprime_4000GeV_045,0.834818536598,4000.0,0.45
