,name,auc,mass,nu
0,Zprime_1500GeV_075,0.757657657209,1500.0,0.75
1,Zprime_1500GeV_015,0.845334132288,1500.0,0.15
2,Zprime_3000GeV_060,0.779577435292,3000.0,0.6
3,Zprime_1500GeV_030,0.832693452639,1500.0,0.3
4,Zprime_3000GeV_045,0.811826481369,3000.0,0.45
5,Zprime_2000GeV_045,0.813183488224,2000.0,0.45
6,Zprime_2500GeV_015,0.853971083019,2500.0,0.15
7,Zprime_3500GeV_060,0.781993472193,3500.0,0.6
8,Zprime_2500GeV_045,0.811357116343,2500.0,0.45
9,Zprime_2000GeV_075,0.757459969748,2000.0,0.75
10,Zprime_2500GeV_060,0.781440271529,2500.0,0.6
11,Zprime_4000GeV_075,0.741409006236,4000.0,0.75
12,Zprime_4000GeV_030,0.847458047229,4000.0,0.3
13,Zprime_4000GeV_015,0.865355023249,4000.0,0.15
14,Zprime_3000GeV_030,0.835624595151,3000.0,0.3
15,Zprime_1500GeV_045,0.80701816524,1500.0,0.45
16,Zprime_3000GeV_075,0.744722753984,3000.0,0.75
17,Zprime_1500GeV_060,0.78931852857,1500.0,0.6
18,Zprime_3000GeV_015,0.856638926108,3000.0,0.15
19,Zprime_3500GeV_015,0.859458309377,3500.0,0.15
20,Zprime_3500GeV_030,0.842027989976,3500.0,0.3
21,Zprime_2000GeV_030,0.837119746025,2000.0,0.3
22,Zprime_2000GeV_015,0.85287665702,2000.0,0.15
23,Zprime_3500GeV_075,0.742848971442,3500.0,0.75
24,Zprime_3500GeV_045,0.813413201706,3500.0,0.45
25,Zprime_2500GeV_030,0.834253196478,2500.0,0.3
26,Zprime_2000GeV_060,0.784387908565,2000.0,0.6
27,Zprime_4000GeV_060,0.785261846597,4000.0,0.6
28,Zprime_2500GeV_075,0.745146105198,2500.0,0.75
29,Zprime_4000GeV_045,0.819032750457,4000.0,0.45
