,name,auc,mass,nu
0,Zprime_1500GeV_075,0.780221710063,1500.0,0.75
1,Zprime_1500GeV_015,0.851340314659,1500.0,0.15
2,Zprime_3000GeV_060,0.802392945246,3000.0,0.6
3,Zprime_1500GeV_030,0.838180850613,1500.0,0.3
4,Zprime_3000GeV_045,0.827562428853,3000.0,0.45
5,Zprime_2000GeV_045,0.83491684506,2000.0,0.45
6,Zprime_2500GeV_015,0.863534782489,2500.0,0.15
7,Zprime_3500GeV_060,0.798393370361,3500.0,0.6
8,Zprime_2500GeV_045,0.829851120887,2500.0,0.45
9,Zprime_2000GeV_075,0.787631451138,2000.0,0.75
10,Zprime_2500GeV_060,0.805765451931,2500.0,0.6
11,Zprime_4000GeV_075,0.765010943556,4000.0,0.75
12,Zprime_4000GeV_030,0.856978147291,4000.0,0.3
13,Zprime_4000GeV_015,0.870880368849,4000.0,0.15
14,Zprime_3000GeV_030,0.847620984187,3000.0,0.3
15,Zprime_1500GeV_045,0.817739911811,1500.0,0.45
16,Zprime_3000GeV_075,0.772696128167,3000.0,0.75
17,Zprime_1500GeV_060,0.803843407491,1500.0,0.6
18,Zprime_3000GeV_015,0.866134974287,3000.0,0.15
19,Zprime_3500GeV_015,0.868860209946,3500.0,0.15
20,Zprime_3500GeV_030,0.85258329795,3500.0,0.3
21,Zprime_2000GeV_030,0.853275881785,2000.0,0.3
22,Zprime_2000GeV_015,0.865671202459,2000.0,0.15
23,Zprime_3500GeV_075,0.76971568087,3500.0,0.75
24,Zprime_3500GeV_045,0.8285207861,3500.0,0.45
25,Zprime_2500GeV_030,0.848330483503,2500.0,0.3
26,Zprime_2000GeV_060,0.809948358212,2000.0,0.6
27,Zprime_4000GeV_060,0.801049698706,4000.0,0.6
28,Zprime_2500GeV_075,0.778772715637,2500.0,0.75
29,Zprime_4000GeV_045,0.830469506205,4000.0,0.45
