,name,auc,mass,nu
0,Zprime_1500GeV_075,0.729510792496,1500.0,0.75
1,Zprime_1500GeV_015,0.816697076145,1500.0,0.15
2,Zprime_3000GeV_060,0.762467259908,3000.0,0.6
3,Zprime_1500GeV_030,0.804926401609,1500.0,0.3
4,Zprime_3000GeV_045,0.791514431467,3000.0,0.45
5,Zprime_2000GeV_045,0.791470689047,2000.0,0.45
6,Zprime_2500GeV_015,0.829159592701,2500.0,0.15
7,Zprime_3500GeV_060,0.763422563341,3500.0,0.6
8,Zprime_2500GeV_045,0.79051831723,2500.0,0.45
9,Zprime_2000GeV_075,0.740774100382,2000.0,0.75
10,Zprime_2500GeV_060,0.763714203358,2500.0,0.6
11,Zprime_4000GeV_075,0.728567115197,4000.0,0.75
12,Zprime_4000GeV_030,0.824673587405,4000.0,0.3
13,Zprime_4000GeV_015,0.842328038918,4000.0,0.15
14,Zprime_3000GeV_030,0.812524438297,3000.0,0.3
15,Zprime_1500GeV_045,0.779729478456,1500.0,0.45
16,Zprime_3000GeV_075,0.728839445683,3000.0,0.75
17,Zprime_1500GeV_060,0.758142226681,1500.0,0.6
18,Zprime_3000GeV_015,0.833012005606,3000.0,0.15
19,Zprime_3500GeV_015,0.83490681268,3500.0,0.15
20,Zprime_3500GeV_030,0.818364183458,3500.0,0.3
21,Zprime_2000GeV_030,0.812926302886,2000.0,0.3
22,Zprime_2000GeV_015,0.82869866394,2000.0,0.15
23,Zprime_3500GeV_075,0.728454958338,3500.0,0.75
24,Zprime_3500GeV_045,0.792361670992,3500.0,0.45
25,Zprime_2500GeV_030,0.811526915376,2500.0,0.3
26,Zprime_2000GeV_060,0.765235270189,2000.0,0.6
27,Zprime_4000GeV_060,0.767305047814,4000.0,0.6
28,Zprime_2500GeV_075,0.728667696328,2500.0,0.75
29,Zprime_4000GeV_045,0.797023648111,4000.0,0.45
