,name,auc,mass,nu
0,Zprime_1500GeV_075,0.733732811726,1500.0,0.75
1,Zprime_1500GeV_015,0.830909043743,1500.0,0.15
2,Zprime_3000GeV_060,0.77352508711,3000.0,0.6
3,Zprime_1500GeV_030,0.821090431205,1500.0,0.3
4,Zprime_3000GeV_045,0.81074985214,3000.0,0.45
5,Zprime_2000GeV_045,0.809909603079,2000.0,0.45
6,Zprime_2500GeV_015,0.857427357457,2500.0,0.15
7,Zprime_3500GeV_060,0.774758530457,3500.0,0.6
8,Zprime_2500GeV_045,0.810073502384,2500.0,0.45
9,Zprime_2000GeV_075,0.741762332977,2000.0,0.75
10,Zprime_2500GeV_060,0.776234244752,2500.0,0.6
11,Zprime_4000GeV_075,0.727975475639,4000.0,0.75
12,Zprime_4000GeV_030,0.848545821445,4000.0,0.3
13,Zprime_4000GeV_015,0.87144696069,4000.0,0.15
14,Zprime_3000GeV_030,0.83581870071,3000.0,0.3
15,Zprime_1500GeV_045,0.792455159452,1500.0,0.45
16,Zprime_3000GeV_075,0.732576323406,3000.0,0.75
17,Zprime_1500GeV_060,0.768572447462,1500.0,0.6
18,Zprime_3000GeV_015,0.859199571492,3000.0,0.15
19,Zprime_3500GeV_015,0.863510985211,3500.0,0.15
20,Zprime_3500GeV_030,0.843025590275,3500.0,0.3
21,Zprime_2000GeV_030,0.835369935769,2000.0,0.3
22,Zprime_2000GeV_015,0.853795541998,2000.0,0.15
23,Zprime_3500GeV_075,0.729830447798,3500.0,0.75
24,Zprime_3500GeV_045,0.812594201098,3500.0,0.45
25,Zprime_2500GeV_030,0.835855684802,2500.0,0.3
26,Zprime_2000GeV_060,0.776943845429,2000.0,0.6
27,Zprime_4000GeV_060,0.77887575039,4000.0,0.6
28,Zprime_2500GeV_075,0.732036644654,2500.0,0.75
29,Zprime_4000GeV_045,0.815559316298,4000.0,0.45
