,name,auc,mass,nu
0,Zprime_1500GeV_075,0.833198790653,1500.0,0.75
1,Zprime_1500GeV_015,0.897235393763,1500.0,0.15
2,Zprime_3000GeV_060,0.846590525339,3000.0,0.6
3,Zprime_1500GeV_030,0.886339676601,1500.0,0.3
4,Zprime_3000GeV_045,0.871976083417,3000.0,0.45
5,Zprime_2000GeV_045,0.881480130701,2000.0,0.45
6,Zprime_2500GeV_015,0.905113261066,2500.0,0.15
7,Zprime_3500GeV_060,0.84159296703,3500.0,0.6
8,Zprime_2500GeV_045,0.875467413864,2500.0,0.45
9,Zprime_2000GeV_075,0.833010912513,2000.0,0.75
10,Zprime_2500GeV_060,0.852187474823,2500.0,0.6
11,Zprime_4000GeV_075,0.802489741021,4000.0,0.75
12,Zprime_4000GeV_030,0.89218050817,4000.0,0.3
13,Zprime_4000GeV_015,0.903007786788,4000.0,0.15
14,Zprime_3000GeV_030,0.889773948976,3000.0,0.3
15,Zprime_1500GeV_045,0.869374755539,1500.0,0.45
16,Zprime_3000GeV_075,0.814418875365,3000.0,0.75
17,Zprime_1500GeV_060,0.852091079113,1500.0,0.6
18,Zprime_3000GeV_015,0.904672799473,3000.0,0.15
19,Zprime_3500GeV_015,0.903665484112,3500.0,0.15
20,Zprime_3500GeV_030,0.891753625559,3500.0,0.3
21,Zprime_2000GeV_030,0.899705219312,2000.0,0.3
22,Zprime_2000GeV_015,0.910145028422,2000.0,0.15
23,Zprime_3500GeV_075,0.809765866926,3500.0,0.75
24,Zprime_3500GeV_045,0.869256876702,3500.0,0.45
25,Zprime_2500GeV_030,0.892289536105,2500.0,0.3
26,Zprime_2000GeV_060,0.857599375236,2000.0,0.6
27,Zprime_4000GeV_060,0.840980596616,4000.0,0.6
28,Zprime_2500GeV_075,0.821605002874,2500.0,0.75
29,Zprime_4000GeV_045,0.867421187764,4000.0,0.45
