,name,auc,mass,nu
0,Zprime_1500GeV_075,0.741935100288,1500.0,0.75
1,Zprime_1500GeV_015,0.832110014747,1500.0,0.15
2,Zprime_3000GeV_060,0.760743735117,3000.0,0.6
3,Zprime_1500GeV_030,0.817306637698,1500.0,0.3
4,Zprime_3000GeV_045,0.791161912793,3000.0,0.45
5,Zprime_2000GeV_045,0.797186180388,2000.0,0.45
6,Zprime_2500GeV_015,0.834023481951,2500.0,0.15
7,Zprime_3500GeV_060,0.761079543083,3500.0,0.6
8,Zprime_2500GeV_045,0.793140362999,2500.0,0.45
9,Zprime_2000GeV_075,0.744222399283,2000.0,0.75
10,Zprime_2500GeV_060,0.763360883069,2500.0,0.6
11,Zprime_4000GeV_075,0.720822667325,4000.0,0.75
12,Zprime_4000GeV_030,0.818477895168,4000.0,0.3
13,Zprime_4000GeV_015,0.835267718592,4000.0,0.15
14,Zprime_3000GeV_030,0.813131748731,3000.0,0.3
15,Zprime_1500GeV_045,0.792133052831,1500.0,0.45
16,Zprime_3000GeV_075,0.728613882247,3000.0,0.75
17,Zprime_1500GeV_060,0.774348353654,1500.0,0.6
18,Zprime_3000GeV_015,0.833376524748,3000.0,0.15
19,Zprime_3500GeV_015,0.831870225758,3500.0,0.15
20,Zprime_3500GeV_030,0.816636571695,3500.0,0.3
21,Zprime_2000GeV_030,0.82203331033,2000.0,0.3
22,Zprime_2000GeV_015,0.837748793754,2000.0,0.15
23,Zprime_3500GeV_075,0.724938981458,3500.0,0.75
24,Zprime_3500GeV_045,0.788821551519,3500.0,0.45
25,Zprime_2500GeV_030,0.816294054953,2500.0,0.3
26,Zprime_2000GeV_060,0.769641732255,2000.0,0.6
27,Zprime_4000GeV_060,0.761445019254,4000.0,0.6
28,Zprime_2500GeV_075,0.730987086267,2500.0,0.75
29,Zprime_4000GeV_045,0.789844381877,4000.0,0.45
