,name,auc,mass,nu
0,Zprime_1500GeV_075,0.786293521988,1500.0,0.75
1,Zprime_1500GeV_015,0.865724138965,1500.0,0.15
2,Zprime_3000GeV_060,0.796656338883,3000.0,0.6
3,Zprime_1500GeV_030,0.853042131666,1500.0,0.3
4,Zprime_3000GeV_045,0.826245078564,3000.0,0.45
5,Zprime_2000GeV_045,0.837039555246,2000.0,0.45
6,Zprime_2500GeV_015,0.867331275221,2500.0,0.15
7,Zprime_3500GeV_060,0.794264070652,3500.0,0.6
8,Zprime_2500GeV_045,0.829692537993,2500.0,0.45
9,Zprime_2000GeV_075,0.786001461108,2000.0,0.75
10,Zprime_2500GeV_060,0.802445781944,2500.0,0.6
11,Zprime_4000GeV_075,0.754191893367,4000.0,0.75
12,Zprime_4000GeV_030,0.85001487572,4000.0,0.3
13,Zprime_4000GeV_015,0.86377819863,4000.0,0.15
14,Zprime_3000GeV_030,0.846209465248,3000.0,0.3
15,Zprime_1500GeV_045,0.831958928673,1500.0,0.45
16,Zprime_3000GeV_075,0.76553262492,3000.0,0.75
17,Zprime_1500GeV_060,0.81697374086,1500.0,0.6
18,Zprime_3000GeV_015,0.864932495873,3000.0,0.15
19,Zprime_3500GeV_015,0.861614781527,3500.0,0.15
20,Zprime_3500GeV_030,0.847551497281,3500.0,0.3
21,Zprime_2000GeV_030,0.858465688645,2000.0,0.3
22,Zprime_2000GeV_015,0.871660584397,2000.0,0.15
23,Zprime_3500GeV_075,0.759605712244,3500.0,0.75
24,Zprime_3500GeV_045,0.822600611533,3500.0,0.45
25,Zprime_2500GeV_030,0.850843853314,2500.0,0.3
26,Zprime_2000GeV_060,0.811328916174,2000.0,0.6
27,Zprime_4000GeV_060,0.79515606581,4000.0,0.6
28,Zprime_2500GeV_075,0.771746954678,2500.0,0.75
29,Zprime_4000GeV_045,0.823332062731,4000.0,0.45
