,name,auc,mass,nu
0,Zprime_1500GeV_075,0.794691292713,1500.0,0.75
1,Zprime_1500GeV_015,0.867699792505,1500.0,0.15
2,Zprime_3000GeV_060,0.802671489399,3000.0,0.6
3,Zprime_1500GeV_030,0.856153673819,1500.0,0.3
4,Zprime_3000GeV_045,0.83147566765,3000.0,0.45
5,Zprime_2000GeV_045,0.83919904157,2000.0,0.45
6,Zprime_2500GeV_015,0.868561290374,2500.0,0.15
7,Zprime_3500GeV_060,0.800783969804,3500.0,0.6
8,Zprime_2500GeV_045,0.83333360484,2500.0,0.45
9,Zprime_2000GeV_075,0.793253795956,2000.0,0.75
10,Zprime_2500GeV_060,0.808336516191,2500.0,0.6
11,Zprime_4000GeV_075,0.762831804372,4000.0,0.75
12,Zprime_4000GeV_030,0.856047879248,4000.0,0.3
13,Zprime_4000GeV_015,0.869621393341,4000.0,0.15
14,Zprime_3000GeV_030,0.851369444929,3000.0,0.3
15,Zprime_1500GeV_045,0.837527861068,1500.0,0.45
16,Zprime_3000GeV_075,0.773507828187,3000.0,0.75
17,Zprime_1500GeV_060,0.823503538556,1500.0,0.6
18,Zprime_3000GeV_015,0.868149460652,3000.0,0.15
19,Zprime_3500GeV_015,0.867895115635,3500.0,0.15
20,Zprime_3500GeV_030,0.854068101987,3500.0,0.3
21,Zprime_2000GeV_030,0.858405654755,2000.0,0.3
22,Zprime_2000GeV_015,0.870549890426,2000.0,0.15
23,Zprime_3500GeV_075,0.767345731544,3500.0,0.75
24,Zprime_3500GeV_045,0.829336231044,3500.0,0.45
25,Zprime_2500GeV_030,0.853283600446,2500.0,0.3
26,Zprime_2000GeV_060,0.815586825457,2000.0,0.6
27,Zprime_4000GeV_060,0.802020276332,4000.0,0.6
28,Zprime_2500GeV_075,0.780455226913,2500.0,0.75
29,Zprime_4000GeV_045,0.830295683147,4000.0,0.45
