,name,auc,mass,nu
0,Zprime_1500GeV_075,0.808368718831,1500.0,0.75
1,Zprime_1500GeV_015,0.879497988392,1500.0,0.15
2,Zprime_3000GeV_060,0.817601950064,3000.0,0.6
3,Zprime_1500GeV_030,0.869125894427,1500.0,0.3
4,Zprime_3000GeV_045,0.847785981928,3000.0,0.45
5,Zprime_2000GeV_045,0.852796626985,2000.0,0.45
6,Zprime_2500GeV_015,0.883884932012,2500.0,0.15
7,Zprime_3500GeV_060,0.816361048619,3500.0,0.6
8,Zprime_2500GeV_045,0.848705041306,2500.0,0.45
9,Zprime_2000GeV_075,0.805582473765,2000.0,0.75
10,Zprime_2500GeV_060,0.8219790563,2500.0,0.6
11,Zprime_4000GeV_075,0.774819532481,4000.0,0.75
12,Zprime_4000GeV_030,0.872725131657,4000.0,0.3
13,Zprime_4000GeV_015,0.885572833004,4000.0,0.15
14,Zprime_3000GeV_030,0.868386759634,3000.0,0.3
15,Zprime_1500GeV_045,0.850987651109,1500.0,0.45
16,Zprime_3000GeV_075,0.786675355417,3000.0,0.75
17,Zprime_1500GeV_060,0.835965459109,1500.0,0.6
18,Zprime_3000GeV_015,0.8859185609,3000.0,0.15
19,Zprime_3500GeV_015,0.884949234594,3500.0,0.15
20,Zprime_3500GeV_030,0.870802808752,3500.0,0.3
21,Zprime_2000GeV_030,0.872151495971,2000.0,0.3
22,Zprime_2000GeV_015,0.883995975166,2000.0,0.15
23,Zprime_3500GeV_075,0.780290264553,3500.0,0.75
24,Zprime_3500GeV_045,0.845400717014,3500.0,0.45
25,Zprime_2500GeV_030,0.868944449366,2500.0,0.3
26,Zprime_2000GeV_060,0.829327692594,2000.0,0.6
27,Zprime_4000GeV_060,0.816788869646,4000.0,0.6
28,Zprime_2500GeV_075,0.791761696243,2500.0,0.75
29,Zprime_4000GeV_045,0.845950982884,4000.0,0.45
