,name,auc,mass,nu
0,Zprime_1500GeV_075,0.718501049006,1500.0,0.75
1,Zprime_1500GeV_015,0.800619205774,1500.0,0.15
2,Zprime_3000GeV_060,0.747960583413,3000.0,0.6
3,Zprime_1500GeV_030,0.79326994866,1500.0,0.3
4,Zprime_3000GeV_045,0.781406218282,3000.0,0.45
5,Zprime_2000GeV_045,0.778082455093,2000.0,0.45
6,Zprime_2500GeV_015,0.823343120058,2500.0,0.15
7,Zprime_3500GeV_060,0.750752097405,3500.0,0.6
8,Zprime_2500GeV_045,0.777825976653,2500.0,0.45
9,Zprime_2000GeV_075,0.72012136379,2000.0,0.75
10,Zprime_2500GeV_060,0.748871251593,2500.0,0.6
11,Zprime_4000GeV_075,0.71101875607,4000.0,0.75
12,Zprime_4000GeV_030,0.824855016042,4000.0,0.3
13,Zprime_4000GeV_015,0.845411333542,4000.0,0.15
14,Zprime_3000GeV_030,0.805318943759,3000.0,0.3
15,Zprime_1500GeV_045,0.766882438698,1500.0,0.45
16,Zprime_3000GeV_075,0.713087798178,3000.0,0.75
17,Zprime_1500GeV_060,0.745875555154,1500.0,0.6
18,Zprime_3000GeV_015,0.830900725867,3000.0,0.15
19,Zprime_3500GeV_015,0.838145360686,3500.0,0.15
20,Zprime_3500GeV_030,0.818116652238,3500.0,0.3
21,Zprime_2000GeV_030,0.800585556944,2000.0,0.3
22,Zprime_2000GeV_015,0.819409981842,2000.0,0.15
23,Zprime_3500GeV_075,0.713702445524,3500.0,0.75
24,Zprime_3500GeV_045,0.786086347984,3500.0,0.45
25,Zprime_2500GeV_030,0.802651843132,2500.0,0.3
26,Zprime_2000GeV_060,0.750684750725,2000.0,0.6
27,Zprime_4000GeV_060,0.754428240893,4000.0,0.6
28,Zprime_2500GeV_075,0.710616895973,2500.0,0.75
29,Zprime_4000GeV_045,0.791013272581,4000.0,0.45
