,name,auc,mass,nu
0,Zprime_1500GeV_075,0.730973772258,1500.0,0.75
1,Zprime_1500GeV_015,0.824443924786,1500.0,0.15
2,Zprime_3000GeV_060,0.757365314721,3000.0,0.6
3,Zprime_1500GeV_030,0.810893381305,1500.0,0.3
4,Zprime_3000GeV_045,0.789260754472,3000.0,0.45
5,Zprime_2000GeV_045,0.791479800746,2000.0,0.45
6,Zprime_2500GeV_015,0.831405465577,2500.0,0.15
7,Zprime_3500GeV_060,0.76122881286,3500.0,0.6
8,Zprime_2500GeV_045,0.789012212875,2500.0,0.45
9,Zprime_2000GeV_075,0.732725016296,2000.0,0.75
10,Zprime_2500GeV_060,0.758160172258,2500.0,0.6
11,Zprime_4000GeV_075,0.720896896869,4000.0,0.75
12,Zprime_4000GeV_030,0.827245997686,4000.0,0.3
13,Zprime_4000GeV_015,0.844608389214,4000.0,0.15
14,Zprime_3000GeV_030,0.813672971359,3000.0,0.3
15,Zprime_1500GeV_045,0.783586549182,1500.0,0.45
16,Zprime_3000GeV_075,0.722067384042,3000.0,0.75
17,Zprime_1500GeV_060,0.76912833151,1500.0,0.6
18,Zprime_3000GeV_015,0.834975554376,3000.0,0.15
19,Zprime_3500GeV_015,0.837159733282,3500.0,0.15
20,Zprime_3500GeV_030,0.820540915959,3500.0,0.3
21,Zprime_2000GeV_030,0.814092115155,2000.0,0.3
22,Zprime_2000GeV_015,0.831148160421,2000.0,0.15
23,Zprime_3500GeV_075,0.722489605314,3500.0,0.75
24,Zprime_3500GeV_045,0.790325117438,3500.0,0.45
25,Zprime_2500GeV_030,0.81324156718,2500.0,0.3
26,Zprime_2000GeV_060,0.762186336598,2000.0,0.6
27,Zprime_4000GeV_060,0.764907629006,4000.0,0.6
28,Zprime_2500GeV_075,0.722023776445,2500.0,0.75
29,Zprime_4000GeV_045,0.79547213066,4000.0,0.45
