,name,auc,mass,nu
0,Zprime_1500GeV_075,0.799669821498,1500.0,0.75
1,Zprime_1500GeV_015,0.868850790001,1500.0,0.15
2,Zprime_3000GeV_060,0.802491665928,3000.0,0.6
3,Zprime_1500GeV_030,0.857483815645,1500.0,0.3
4,Zprime_3000GeV_045,0.830463787196,3000.0,0.45
5,Zprime_2000GeV_045,0.839973366565,2000.0,0.45
6,Zprime_2500GeV_015,0.867209368105,2500.0,0.15
7,Zprime_3500GeV_060,0.800262530221,3500.0,0.6
8,Zprime_2500GeV_045,0.833368576324,2500.0,0.45
9,Zprime_2000GeV_075,0.794902508988,2000.0,0.75
10,Zprime_2500GeV_060,0.807971843584,2500.0,0.6
11,Zprime_4000GeV_075,0.761187787345,4000.0,0.75
12,Zprime_4000GeV_030,0.854091231714,4000.0,0.3
13,Zprime_4000GeV_015,0.867581382373,4000.0,0.15
14,Zprime_3000GeV_030,0.850217344949,3000.0,0.3
15,Zprime_1500GeV_045,0.838507157114,1500.0,0.45
16,Zprime_3000GeV_075,0.772813972504,3000.0,0.75
17,Zprime_1500GeV_060,0.824327568377,1500.0,0.6
18,Zprime_3000GeV_015,0.867405244695,3000.0,0.15
19,Zprime_3500GeV_015,0.866702002444,3500.0,0.15
20,Zprime_3500GeV_030,0.852564617675,3500.0,0.3
21,Zprime_2000GeV_030,0.85884268919,2000.0,0.3
22,Zprime_2000GeV_015,0.869903447361,2000.0,0.15
23,Zprime_3500GeV_075,0.765304282008,3500.0,0.75
24,Zprime_3500GeV_045,0.827136056951,3500.0,0.45
25,Zprime_2500GeV_030,0.851928071278,2500.0,0.3
26,Zprime_2000GeV_060,0.81822653145,2000.0,0.6
27,Zprime_4000GeV_060,0.800212402162,4000.0,0.6
28,Zprime_2500GeV_075,0.77871752309,2500.0,0.75
29,Zprime_4000GeV_045,0.827717171644,4000.0,0.45
