,name,auc,mass,nu
0,Zprime_1500GeV_075,0.745341023722,1500.0,0.75
1,Zprime_1500GeV_015,0.837686834789,1500.0,0.15
2,Zprime_3000GeV_060,0.779750804924,3000.0,0.6
3,Zprime_1500GeV_030,0.82353815786,1500.0,0.3
4,Zprime_3000GeV_045,0.814936443395,3000.0,0.45
5,Zprime_2000GeV_045,0.820106619714,2000.0,0.45
6,Zprime_2500GeV_015,0.861348983343,2500.0,0.15
7,Zprime_3500GeV_060,0.777559518961,3500.0,0.6
8,Zprime_2500GeV_045,0.818506715896,2500.0,0.45
9,Zprime_2000GeV_075,0.753367031525,2000.0,0.75
10,Zprime_2500GeV_060,0.786244843543,2500.0,0.6
11,Zprime_4000GeV_075,0.729114948355,4000.0,0.75
12,Zprime_4000GeV_030,0.838534094519,4000.0,0.3
13,Zprime_4000GeV_015,0.851700969188,4000.0,0.15
14,Zprime_3000GeV_030,0.838519412291,3000.0,0.3
15,Zprime_1500GeV_045,0.801225585166,1500.0,0.45
16,Zprime_3000GeV_075,0.740995515296,3000.0,0.75
17,Zprime_1500GeV_060,0.776852541238,1500.0,0.6
18,Zprime_3000GeV_015,0.858729484812,3000.0,0.15
19,Zprime_3500GeV_015,0.85459850902,3500.0,0.15
20,Zprime_3500GeV_030,0.838942675598,3500.0,0.3
21,Zprime_2000GeV_030,0.844676681077,2000.0,0.3
22,Zprime_2000GeV_015,0.863500722057,2000.0,0.15
23,Zprime_3500GeV_075,0.737480447376,3500.0,0.75
24,Zprime_3500GeV_045,0.811950735903,3500.0,0.45
25,Zprime_2500GeV_030,0.842784051105,2500.0,0.3
26,Zprime_2000GeV_060,0.787581053797,2000.0,0.6
27,Zprime_4000GeV_060,0.775978169277,4000.0,0.6
28,Zprime_2500GeV_075,0.742728355995,2500.0,0.75
29,Zprime_4000GeV_045,0.809679041062,4000.0,0.45
