,name,auc,mass,nu
0,Zprime_1500GeV_075,0.748469445511,1500.0,0.75
1,Zprime_1500GeV_015,0.833299132762,1500.0,0.15
2,Zprime_3000GeV_060,0.775005752244,3000.0,0.6
3,Zprime_1500GeV_030,0.82110388872,1500.0,0.3
4,Zprime_3000GeV_045,0.805515765981,3000.0,0.45
5,Zprime_2000GeV_045,0.805309319461,2000.0,0.45
6,Zprime_2500GeV_015,0.844324954994,2500.0,0.15
7,Zprime_3500GeV_060,0.77668072622,3500.0,0.6
8,Zprime_2500GeV_045,0.803820222098,2500.0,0.45
9,Zprime_2000GeV_075,0.750865441947,2000.0,0.75
10,Zprime_2500GeV_060,0.775931784139,2500.0,0.6
11,Zprime_4000GeV_075,0.738055453851,4000.0,0.75
12,Zprime_4000GeV_030,0.843893867833,4000.0,0.3
13,Zprime_4000GeV_015,0.860883762268,4000.0,0.15
14,Zprime_3000GeV_030,0.82959551016,3000.0,0.3
15,Zprime_1500GeV_045,0.797222220825,1500.0,0.45
16,Zprime_3000GeV_075,0.741446110179,3000.0,0.75
17,Zprime_1500GeV_060,0.78187592969,1500.0,0.6
18,Zprime_3000GeV_015,0.850156645855,3000.0,0.15
19,Zprime_3500GeV_015,0.85478266727,3500.0,0.15
20,Zprime_3500GeV_030,0.837614574099,3500.0,0.3
21,Zprime_2000GeV_030,0.82739259881,2000.0,0.3
22,Zprime_2000GeV_015,0.842180305835,2000.0,0.15
23,Zprime_3500GeV_075,0.740713365717,3500.0,0.75
24,Zprime_3500GeV_045,0.808449580748,3500.0,0.45
25,Zprime_2500GeV_030,0.826115382939,2500.0,0.3
26,Zprime_2000GeV_060,0.776484804575,2000.0,0.6
27,Zprime_4000GeV_060,0.78191290129,4000.0,0.6
28,Zprime_2500GeV_075,0.740412639962,2500.0,0.75
29,Zprime_4000GeV_045,0.812689785126,4000.0,0.45
