,name,auc,mass,nu
0,Zprime_1500GeV_075,0.809999967522,1500.0,0.75
1,Zprime_1500GeV_015,0.883248958986,1500.0,0.15
2,Zprime_3000GeV_060,0.830535562895,3000.0,0.6
3,Zprime_1500GeV_030,0.871113900154,1500.0,0.3
4,Zprime_3000GeV_045,0.857596205789,3000.0,0.45
5,Zprime_2000GeV_045,0.867211447703,2000.0,0.45
6,Zprime_2500GeV_015,0.894057005929,2500.0,0.15
7,Zprime_3500GeV_060,0.825308843815,3500.0,0.6
8,Zprime_2500GeV_045,0.86085291148,2500.0,0.45
9,Zprime_2000GeV_075,0.814738633558,2000.0,0.75
10,Zprime_2500GeV_060,0.835149856339,2500.0,0.6
11,Zprime_4000GeV_075,0.785510488187,4000.0,0.75
12,Zprime_4000GeV_030,0.882311077842,4000.0,0.3
13,Zprime_4000GeV_015,0.896304467786,4000.0,0.15
14,Zprime_3000GeV_030,0.877497940615,3000.0,0.3
15,Zprime_1500GeV_045,0.850943463486,1500.0,0.45
16,Zprime_3000GeV_075,0.797639688469,3000.0,0.75
17,Zprime_1500GeV_060,0.83219093174,1500.0,0.6
18,Zprime_3000GeV_015,0.895201161447,3000.0,0.15
19,Zprime_3500GeV_015,0.894991028572,3500.0,0.15
20,Zprime_3500GeV_030,0.880217350161,3500.0,0.3
21,Zprime_2000GeV_030,0.88546459297,2000.0,0.3
22,Zprime_2000GeV_015,0.898531206231,2000.0,0.15
23,Zprime_3500GeV_075,0.79240009847,3500.0,0.75
24,Zprime_3500GeV_045,0.855562628754,3500.0,0.45
25,Zprime_2500GeV_030,0.878886717118,2500.0,0.3
26,Zprime_2000GeV_060,0.839619715916,2000.0,0.6
27,Zprime_4000GeV_060,0.825907070092,4000.0,0.6
28,Zprime_2500GeV_075,0.803343560762,2500.0,0.75
29,Zprime_4000GeV_045,0.856023189962,4000.0,0.45
