,name,auc,mass,nu
0,Zprime_1500GeV_075,0.772819767675,1500.0,0.75
1,Zprime_1500GeV_015,0.847186262504,1500.0,0.15
2,Zprime_3000GeV_060,0.804955278204,3000.0,0.6
3,Zprime_1500GeV_030,0.83238470389,1500.0,0.3
4,Zprime_3000GeV_045,0.833191417743,3000.0,0.45
5,Zprime_2000GeV_045,0.83067949982,2000.0,0.45
6,Zprime_2500GeV_015,0.867055126621,2500.0,0.15
7,Zprime_3500GeV_060,0.806425596393,3500.0,0.6
8,Zprime_2500GeV_045,0.828956650597,2500.0,0.45
9,Zprime_2000GeV_075,0.778675096429,2000.0,0.75
10,Zprime_2500GeV_060,0.801044207984,2500.0,0.6
11,Zprime_4000GeV_075,0.770050095712,4000.0,0.75
12,Zprime_4000GeV_030,0.871244318191,4000.0,0.3
13,Zprime_4000GeV_015,0.886646676003,4000.0,0.15
14,Zprime_3000GeV_030,0.856135421518,3000.0,0.3
15,Zprime_1500GeV_045,0.810725669656,1500.0,0.45
16,Zprime_3000GeV_075,0.771945634121,3000.0,0.75
17,Zprime_1500GeV_060,0.797510693375,1500.0,0.6
18,Zprime_3000GeV_015,0.876744288472,3000.0,0.15
19,Zprime_3500GeV_015,0.881934288376,3500.0,0.15
20,Zprime_3500GeV_030,0.865566076358,3500.0,0.3
21,Zprime_2000GeV_030,0.84766628671,2000.0,0.3
22,Zprime_2000GeV_015,0.863538543004,2000.0,0.15
23,Zprime_3500GeV_075,0.77324861514,3500.0,0.75
24,Zprime_3500GeV_045,0.839161655027,3500.0,0.45
25,Zprime_2500GeV_030,0.849670425724,2500.0,0.3
26,Zprime_2000GeV_060,0.803722685801,2000.0,0.6
27,Zprime_4000GeV_060,0.811563401201,4000.0,0.6
28,Zprime_2500GeV_075,0.770774022515,2500.0,0.75
29,Zprime_4000GeV_045,0.843406424522,4000.0,0.45
