,name,auc,mass,nu
0,Zprime_1500GeV_075,0.811578636266,1500.0,0.75
1,Zprime_1500GeV_015,0.882914047986,1500.0,0.15
2,Zprime_3000GeV_060,0.821672717464,3000.0,0.6
3,Zprime_1500GeV_030,0.874550840498,1500.0,0.3
4,Zprime_3000GeV_045,0.851773516594,3000.0,0.45
5,Zprime_2000GeV_045,0.858033483492,2000.0,0.45
6,Zprime_2500GeV_015,0.889168167258,2500.0,0.15
7,Zprime_3500GeV_060,0.820135362943,3500.0,0.6
8,Zprime_2500GeV_045,0.853531350219,2500.0,0.45
9,Zprime_2000GeV_075,0.8106541881,2000.0,0.75
10,Zprime_2500GeV_060,0.827514627643,2500.0,0.6
11,Zprime_4000GeV_075,0.780419227534,4000.0,0.75
12,Zprime_4000GeV_030,0.878938293351,4000.0,0.3
13,Zprime_4000GeV_015,0.892621690734,4000.0,0.15
14,Zprime_3000GeV_030,0.872944629748,3000.0,0.3
15,Zprime_1500GeV_045,0.856620835622,1500.0,0.45
16,Zprime_3000GeV_075,0.792070173235,3000.0,0.75
17,Zprime_1500GeV_060,0.840787372983,1500.0,0.6
18,Zprime_3000GeV_015,0.890770160306,3000.0,0.15
19,Zprime_3500GeV_015,0.891542778022,3500.0,0.15
20,Zprime_3500GeV_030,0.875665273674,3500.0,0.3
21,Zprime_2000GeV_030,0.877217776802,2000.0,0.3
22,Zprime_2000GeV_015,0.890070784734,2000.0,0.15
23,Zprime_3500GeV_075,0.785343073062,3500.0,0.75
24,Zprime_3500GeV_045,0.852007142733,3500.0,0.45
25,Zprime_2500GeV_030,0.873328731382,2500.0,0.3
26,Zprime_2000GeV_060,0.835975510025,2000.0,0.6
27,Zprime_4000GeV_060,0.821659887328,4000.0,0.6
28,Zprime_2500GeV_075,0.798275279775,2500.0,0.75
29,Zprime_4000GeV_045,0.852438171462,4000.0,0.45
