,name,auc,mass,nu
0,Zprime_1500GeV_075,0.728884128567,1500.0,0.75
1,Zprime_1500GeV_015,0.828727627889,1500.0,0.15
2,Zprime_3000GeV_060,0.770197274416,3000.0,0.6
3,Zprime_1500GeV_030,0.815287399377,1500.0,0.3
4,Zprime_3000GeV_045,0.806209829557,3000.0,0.45
5,Zprime_2000GeV_045,0.810330104845,2000.0,0.45
6,Zprime_2500GeV_015,0.856030725537,2500.0,0.15
7,Zprime_3500GeV_060,0.765563383523,3500.0,0.6
8,Zprime_2500GeV_045,0.810019388124,2500.0,0.45
9,Zprime_2000GeV_075,0.736178629546,2000.0,0.75
10,Zprime_2500GeV_060,0.775632899162,2500.0,0.6
11,Zprime_4000GeV_075,0.712098389479,4000.0,0.75
12,Zprime_4000GeV_030,0.826822478726,4000.0,0.3
13,Zprime_4000GeV_015,0.835743278131,4000.0,0.15
14,Zprime_3000GeV_030,0.830957944713,3000.0,0.3
15,Zprime_1500GeV_045,0.787333213731,1500.0,0.45
16,Zprime_3000GeV_075,0.726120777918,3000.0,0.75
17,Zprime_1500GeV_060,0.760196506346,1500.0,0.6
18,Zprime_3000GeV_015,0.852367807757,3000.0,0.15
19,Zprime_3500GeV_015,0.844098666843,3500.0,0.15
20,Zprime_3500GeV_030,0.829797582919,3500.0,0.3
21,Zprime_2000GeV_030,0.836228094295,2000.0,0.3
22,Zprime_2000GeV_015,0.856239494524,2000.0,0.15
23,Zprime_3500GeV_075,0.721825009273,3500.0,0.75
24,Zprime_3500GeV_045,0.801628779287,3500.0,0.45
25,Zprime_2500GeV_030,0.836084168736,2500.0,0.3
26,Zprime_2000GeV_060,0.77696664714,2000.0,0.6
27,Zprime_4000GeV_060,0.764529811059,4000.0,0.6
28,Zprime_2500GeV_075,0.729064108774,2500.0,0.75
29,Zprime_4000GeV_045,0.796667919418,4000.0,0.45
