,name,auc,mass,nu
0,Zprime_1500GeV_075,0.731030411928,1500.0,0.75
1,Zprime_1500GeV_015,0.822956619082,1500.0,0.15
2,Zprime_3000GeV_060,0.751793156258,3000.0,0.6
3,Zprime_1500GeV_030,0.809673662838,1500.0,0.3
4,Zprime_3000GeV_045,0.783276351169,3000.0,0.45
5,Zprime_2000GeV_045,0.785526663719,2000.0,0.45
6,Zprime_2500GeV_015,0.823533406904,2500.0,0.15
7,Zprime_3500GeV_060,0.755979058833,3500.0,0.6
8,Zprime_2500GeV_045,0.781684640444,2500.0,0.45
9,Zprime_2000GeV_075,0.733746200634,2000.0,0.75
10,Zprime_2500GeV_060,0.753015195794,2500.0,0.6
11,Zprime_4000GeV_075,0.717040245948,4000.0,0.75
12,Zprime_4000GeV_030,0.823802110474,4000.0,0.3
13,Zprime_4000GeV_015,0.843606307462,4000.0,0.15
14,Zprime_3000GeV_030,0.807214924822,3000.0,0.3
15,Zprime_1500GeV_045,0.782406493845,1500.0,0.45
16,Zprime_3000GeV_075,0.718358496802,3000.0,0.75
17,Zprime_1500GeV_060,0.76540710839,1500.0,0.6
18,Zprime_3000GeV_015,0.830259521207,3000.0,0.15
19,Zprime_3500GeV_015,0.835035542813,3500.0,0.15
20,Zprime_3500GeV_030,0.816296078912,3500.0,0.3
21,Zprime_2000GeV_030,0.809241235515,2000.0,0.3
22,Zprime_2000GeV_015,0.825324050956,2000.0,0.15
23,Zprime_3500GeV_075,0.718117805636,3500.0,0.75
24,Zprime_3500GeV_045,0.787129283431,3500.0,0.45
25,Zprime_2500GeV_030,0.804445611015,2500.0,0.3
26,Zprime_2000GeV_060,0.758643906352,2000.0,0.6
27,Zprime_4000GeV_060,0.761249737796,4000.0,0.6
28,Zprime_2500GeV_075,0.717273462958,2500.0,0.75
29,Zprime_4000GeV_045,0.792421572757,4000.0,0.45
