,name,auc,mass,nu
0,Zprime_1500GeV_075,0.804368268752,1500.0,0.75
1,Zprime_1500GeV_015,0.87604313296,1500.0,0.15
2,Zprime_3000GeV_060,0.811727736601,3000.0,0.6
3,Zprime_1500GeV_030,0.867383325605,1500.0,0.3
4,Zprime_3000GeV_045,0.838496637861,3000.0,0.45
5,Zprime_2000GeV_045,0.849987975869,2000.0,0.45
6,Zprime_2500GeV_015,0.875402342713,2500.0,0.15
7,Zprime_3500GeV_060,0.810225625025,3500.0,0.6
8,Zprime_2500GeV_045,0.841843098932,2500.0,0.45
9,Zprime_2000GeV_075,0.805538170536,2000.0,0.75
10,Zprime_2500GeV_060,0.818842161717,2500.0,0.6
11,Zprime_4000GeV_075,0.773556451683,4000.0,0.75
12,Zprime_4000GeV_030,0.866327271145,4000.0,0.3
13,Zprime_4000GeV_015,0.880735266934,4000.0,0.15
14,Zprime_3000GeV_030,0.858412331032,3000.0,0.3
15,Zprime_1500GeV_045,0.849881851557,1500.0,0.45
16,Zprime_3000GeV_075,0.783838640548,3000.0,0.75
17,Zprime_1500GeV_060,0.831871095347,1500.0,0.6
18,Zprime_3000GeV_015,0.87454744309,3000.0,0.15
19,Zprime_3500GeV_015,0.876272461431,3500.0,0.15
20,Zprime_3500GeV_030,0.86074887224,3500.0,0.3
21,Zprime_2000GeV_030,0.867759448367,2000.0,0.3
22,Zprime_2000GeV_015,0.880751059224,2000.0,0.15
23,Zprime_3500GeV_075,0.77882239326,3500.0,0.75
24,Zprime_3500GeV_045,0.839266370685,3500.0,0.45
25,Zprime_2500GeV_030,0.861253357443,2500.0,0.3
26,Zprime_2000GeV_060,0.827005525008,2000.0,0.6
27,Zprime_4000GeV_060,0.811646002959,4000.0,0.6
28,Zprime_2500GeV_075,0.791427323778,2500.0,0.75
29,Zprime_4000GeV_045,0.841427396115,4000.0,0.45
