,name,auc,mass,nu
0,Zprime_1500GeV_075,0.736420701293,1500.0,0.75
1,Zprime_1500GeV_015,0.816776880066,1500.0,0.15
2,Zprime_3000GeV_060,0.757552438236,3000.0,0.6
3,Zprime_1500GeV_030,0.806204028571,1500.0,0.3
4,Zprime_3000GeV_045,0.785271891356,3000.0,0.45
5,Zprime_2000GeV_045,0.78826329562,2000.0,0.45
6,Zprime_2500GeV_015,0.825956230042,2500.0,0.15
7,Zprime_3500GeV_060,0.75818073941,3500.0,0.6
8,Zprime_2500GeV_045,0.785609343642,2500.0,0.45
9,Zprime_2000GeV_075,0.739795148206,2000.0,0.75
10,Zprime_2500GeV_060,0.759672573228,2500.0,0.6
11,Zprime_4000GeV_075,0.723857977771,4000.0,0.75
12,Zprime_4000GeV_030,0.819938416965,4000.0,0.3
13,Zprime_4000GeV_015,0.839024830278,4000.0,0.15
14,Zprime_3000GeV_030,0.807632267281,3000.0,0.3
15,Zprime_1500GeV_045,0.781478862448,1500.0,0.45
16,Zprime_3000GeV_075,0.727677868988,3000.0,0.75
17,Zprime_1500GeV_060,0.765321302615,1500.0,0.6
18,Zprime_3000GeV_015,0.829197561745,3000.0,0.15
19,Zprime_3500GeV_015,0.83189745268,3500.0,0.15
20,Zprime_3500GeV_030,0.814302254275,3500.0,0.3
21,Zprime_2000GeV_030,0.810420053955,2000.0,0.3
22,Zprime_2000GeV_015,0.82540470215,2000.0,0.15
23,Zprime_3500GeV_075,0.725787538268,3500.0,0.75
24,Zprime_3500GeV_045,0.786226818711,3500.0,0.45
25,Zprime_2500GeV_030,0.806577320077,2500.0,0.3
26,Zprime_2000GeV_060,0.761429281753,2000.0,0.6
27,Zprime_4000GeV_060,0.762112814012,4000.0,0.6
28,Zprime_2500GeV_075,0.727346977482,2500.0,0.75
29,Zprime_4000GeV_045,0.791534319699,4000.0,0.45
