,name,auc,mass,nu
0,Zprime_1500GeV_075,0.692044678734,1500.0,0.75
1,Zprime_1500GeV_015,0.794778173509,1500.0,0.15
2,Zprime_3000GeV_060,0.724353952122,3000.0,0.6
3,Zprime_1500GeV_030,0.769695132689,1500.0,0.3
4,Zprime_3000GeV_045,0.757286989022,3000.0,0.45
5,Zprime_2000GeV_045,0.752947965172,2000.0,0.45
6,Zprime_2500GeV_015,0.797367866569,2500.0,0.15
7,Zprime_3500GeV_060,0.729259344943,3500.0,0.6
8,Zprime_2500GeV_045,0.753105117726,2500.0,0.45
9,Zprime_2000GeV_075,0.697346070696,2000.0,0.75
10,Zprime_2500GeV_060,0.72359573933,2500.0,0.6
11,Zprime_4000GeV_075,0.692258877409,4000.0,0.75
12,Zprime_4000GeV_030,0.803691102341,4000.0,0.3
13,Zprime_4000GeV_015,0.82275116587,4000.0,0.15
14,Zprime_3000GeV_030,0.780924165331,3000.0,0.3
15,Zprime_1500GeV_045,0.745588600403,1500.0,0.45
16,Zprime_3000GeV_075,0.68956528578,3000.0,0.75
17,Zprime_1500GeV_060,0.72516038375,1500.0,0.6
18,Zprime_3000GeV_015,0.802745920479,3000.0,0.15
19,Zprime_3500GeV_015,0.810162694165,3500.0,0.15
20,Zprime_3500GeV_030,0.792933943184,3500.0,0.3
21,Zprime_2000GeV_030,0.77574633565,2000.0,0.3
22,Zprime_2000GeV_015,0.79466610095,2000.0,0.15
23,Zprime_3500GeV_075,0.691346973522,3500.0,0.75
24,Zprime_3500GeV_045,0.762168062167,3500.0,0.45
25,Zprime_2500GeV_030,0.778197498442,2500.0,0.3
26,Zprime_2000GeV_060,0.723222313093,2000.0,0.6
27,Zprime_4000GeV_060,0.738384932649,4000.0,0.6
28,Zprime_2500GeV_075,0.686763030065,2500.0,0.75
29,Zprime_4000GeV_045,0.771705970158,4000.0,0.45
