,name,auc,mass,nu
0,Zprime_1500GeV_075,0.790028544822,1500.0,0.75
1,Zprime_1500GeV_015,0.8647825831,1500.0,0.15
2,Zprime_3000GeV_060,0.801300762652,3000.0,0.6
3,Zprime_1500GeV_030,0.854597105654,1500.0,0.3
4,Zprime_3000GeV_045,0.83203215331,3000.0,0.45
5,Zprime_2000GeV_045,0.837159026174,2000.0,0.45
6,Zprime_2500GeV_015,0.871014310482,2500.0,0.15
7,Zprime_3500GeV_060,0.80065955748,3500.0,0.6
8,Zprime_2500GeV_045,0.832934835046,2500.0,0.45
9,Zprime_2000GeV_075,0.788839360475,2000.0,0.75
10,Zprime_2500GeV_060,0.805516273717,2500.0,0.6
11,Zprime_4000GeV_075,0.759359962892,4000.0,0.75
12,Zprime_4000GeV_030,0.862065056007,4000.0,0.3
13,Zprime_4000GeV_015,0.878074710468,4000.0,0.15
14,Zprime_3000GeV_030,0.854171354981,3000.0,0.3
15,Zprime_1500GeV_045,0.835016700749,1500.0,0.45
16,Zprime_3000GeV_075,0.769100476144,3000.0,0.75
17,Zprime_1500GeV_060,0.819732074901,1500.0,0.6
18,Zprime_3000GeV_015,0.8740319767,3000.0,0.15
19,Zprime_3500GeV_015,0.874352038463,3500.0,0.15
20,Zprime_3500GeV_030,0.858724976346,3500.0,0.3
21,Zprime_2000GeV_030,0.857244925219,2000.0,0.3
22,Zprime_2000GeV_015,0.870795555969,2000.0,0.15
23,Zprime_3500GeV_075,0.762714534361,3500.0,0.75
24,Zprime_3500GeV_045,0.830710389191,3500.0,0.45
25,Zprime_2500GeV_030,0.854269609986,2500.0,0.3
26,Zprime_2000GeV_060,0.813284683396,2000.0,0.6
27,Zprime_4000GeV_060,0.80308421582,4000.0,0.6
28,Zprime_2500GeV_075,0.77622121812,2500.0,0.75
29,Zprime_4000GeV_045,0.833891339244,4000.0,0.45
