,name,auc,mass,nu
0,Zprime_1500GeV_075,0.691657774129,1500.0,0.75
1,Zprime_1500GeV_015,0.778800622745,1500.0,0.15
2,Zprime_3000GeV_060,0.723752911141,3000.0,0.6
3,Zprime_1500GeV_030,0.760752634033,1500.0,0.3
4,Zprime_3000GeV_045,0.752099859196,3000.0,0.45
5,Zprime_2000GeV_045,0.754943839573,2000.0,0.45
6,Zprime_2500GeV_015,0.795974119529,2500.0,0.15
7,Zprime_3500GeV_060,0.723268451411,3500.0,0.6
8,Zprime_2500GeV_045,0.751518339039,2500.0,0.45
9,Zprime_2000GeV_075,0.699133610088,2000.0,0.75
10,Zprime_2500GeV_060,0.723448562483,2500.0,0.6
11,Zprime_4000GeV_075,0.690723960091,4000.0,0.75
12,Zprime_4000GeV_030,0.783978556964,4000.0,0.3
13,Zprime_4000GeV_015,0.804064405388,4000.0,0.15
14,Zprime_3000GeV_030,0.775562232672,3000.0,0.3
15,Zprime_1500GeV_045,0.734055813735,1500.0,0.45
16,Zprime_3000GeV_075,0.69335654414,3000.0,0.75
17,Zprime_1500GeV_060,0.721851824263,1500.0,0.6
18,Zprime_3000GeV_015,0.79817999216,3000.0,0.15
19,Zprime_3500GeV_015,0.797351374133,3500.0,0.15
20,Zprime_3500GeV_030,0.779945773791,3500.0,0.3
21,Zprime_2000GeV_030,0.776194717462,2000.0,0.3
22,Zprime_2000GeV_015,0.794255391363,2000.0,0.15
23,Zprime_3500GeV_075,0.692611913963,3500.0,0.75
24,Zprime_3500GeV_045,0.752226485606,3500.0,0.45
25,Zprime_2500GeV_030,0.776258950655,2500.0,0.3
26,Zprime_2000GeV_060,0.725753160948,2000.0,0.6
27,Zprime_4000GeV_060,0.727118634424,4000.0,0.6
28,Zprime_2500GeV_075,0.68995124505,2500.0,0.75
29,Zprime_4000GeV_045,0.756761383538,4000.0,0.45
