,name,auc,mass,nu
0,Zprime_1500GeV_075,0.792727670651,1500.0,0.75
1,Zprime_1500GeV_015,0.865438759025,1500.0,0.15
2,Zprime_3000GeV_060,0.80379735681,3000.0,0.6
3,Zprime_1500GeV_030,0.855346741039,1500.0,0.3
4,Zprime_3000GeV_045,0.833400241196,3000.0,0.45
5,Zprime_2000GeV_045,0.840515340328,2000.0,0.45
6,Zprime_2500GeV_015,0.870719653237,2500.0,0.15
7,Zprime_3500GeV_060,0.802192399016,3500.0,0.6
8,Zprime_2500GeV_045,0.834709915471,2500.0,0.45
9,Zprime_2000GeV_075,0.792004845204,2000.0,0.75
10,Zprime_2500GeV_060,0.809446584196,2500.0,0.6
11,Zprime_4000GeV_075,0.762867327104,4000.0,0.75
12,Zprime_4000GeV_030,0.860491595188,4000.0,0.3
13,Zprime_4000GeV_015,0.875357915329,4000.0,0.15
14,Zprime_3000GeV_030,0.853917569703,3000.0,0.3
15,Zprime_1500GeV_045,0.835481168115,1500.0,0.45
16,Zprime_3000GeV_075,0.772702123947,3000.0,0.75
17,Zprime_1500GeV_060,0.819856433309,1500.0,0.6
18,Zprime_3000GeV_015,0.871976861615,3000.0,0.15
19,Zprime_3500GeV_015,0.872076833369,3500.0,0.15
20,Zprime_3500GeV_030,0.857340424542,3500.0,0.3
21,Zprime_2000GeV_030,0.860136810025,2000.0,0.3
22,Zprime_2000GeV_015,0.8716433609,2000.0,0.15
23,Zprime_3500GeV_075,0.765936063556,3500.0,0.75
24,Zprime_3500GeV_045,0.831656913748,3500.0,0.45
25,Zprime_2500GeV_030,0.854935821738,2500.0,0.3
26,Zprime_2000GeV_060,0.816629851645,2000.0,0.6
27,Zprime_4000GeV_060,0.803205635112,4000.0,0.6
28,Zprime_2500GeV_075,0.779234936001,2500.0,0.75
29,Zprime_4000GeV_045,0.833079537187,4000.0,0.45
