,name,auc,mass,nu
0,Zprime_1500GeV_075,0.796648458508,1500.0,0.75
1,Zprime_1500GeV_015,0.874497982803,1500.0,0.15
2,Zprime_3000GeV_060,0.803653889678,3000.0,0.6
3,Zprime_1500GeV_030,0.86395634887,1500.0,0.3
4,Zprime_3000GeV_045,0.836824120583,3000.0,0.45
5,Zprime_2000GeV_045,0.84190634886,2000.0,0.45
6,Zprime_2500GeV_015,0.881342521033,2500.0,0.15
7,Zprime_3500GeV_060,0.802702230395,3500.0,0.6
8,Zprime_2500GeV_045,0.838888535121,2500.0,0.45
9,Zprime_2000GeV_075,0.790011709545,2000.0,0.75
10,Zprime_2500GeV_060,0.807937991199,2500.0,0.6
11,Zprime_4000GeV_075,0.756006944937,4000.0,0.75
12,Zprime_4000GeV_030,0.865104426256,4000.0,0.3
13,Zprime_4000GeV_015,0.878364082143,4000.0,0.15
14,Zprime_3000GeV_030,0.860231756672,3000.0,0.3
15,Zprime_1500GeV_045,0.844483141547,1500.0,0.45
16,Zprime_3000GeV_075,0.767041483753,3000.0,0.75
17,Zprime_1500GeV_060,0.826943946739,1500.0,0.6
18,Zprime_3000GeV_015,0.88001007578,3000.0,0.15
19,Zprime_3500GeV_015,0.879939973865,3500.0,0.15
20,Zprime_3500GeV_030,0.863939221629,3500.0,0.3
21,Zprime_2000GeV_030,0.866604935445,2000.0,0.3
22,Zprime_2000GeV_015,0.882078682452,2000.0,0.15
23,Zprime_3500GeV_075,0.761637365118,3500.0,0.75
24,Zprime_3500GeV_045,0.834905642756,3500.0,0.45
25,Zprime_2500GeV_030,0.862197209443,2500.0,0.3
26,Zprime_2000GeV_060,0.816189276719,2000.0,0.6
27,Zprime_4000GeV_060,0.803022026941,4000.0,0.6
28,Zprime_2500GeV_075,0.774672851429,2500.0,0.75
29,Zprime_4000GeV_045,0.835103616883,4000.0,0.45
