,name,auc,mass,nu
0,Zprime_1500GeV_075,0.812566039236,1500.0,0.75
1,Zprime_1500GeV_015,0.877899371703,1500.0,0.15
2,Zprime_3000GeV_060,0.817506764179,3000.0,0.6
3,Zprime_1500GeV_030,0.868126066173,1500.0,0.3
4,Zprime_3000GeV_045,0.844760271033,3000.0,0.45
5,Zprime_2000GeV_045,0.854159462627,2000.0,0.45
6,Zprime_2500GeV_015,0.88068847032,2500.0,0.15
7,Zprime_3500GeV_060,0.815863131142,3500.0,0.6
8,Zprime_2500GeV_045,0.847041459098,2500.0,0.45
9,Zprime_2000GeV_075,0.809175979024,2000.0,0.75
10,Zprime_2500GeV_060,0.824034672089,2500.0,0.6
11,Zprime_4000GeV_075,0.778798489162,4000.0,0.75
12,Zprime_4000GeV_030,0.870949341143,4000.0,0.3
13,Zprime_4000GeV_015,0.885016479398,4000.0,0.15
14,Zprime_3000GeV_030,0.863852858512,3000.0,0.3
15,Zprime_1500GeV_045,0.855274147787,1500.0,0.45
16,Zprime_3000GeV_075,0.78924778501,3000.0,0.75
17,Zprime_1500GeV_060,0.838965041484,1500.0,0.6
18,Zprime_3000GeV_015,0.880207709907,3000.0,0.15
19,Zprime_3500GeV_015,0.88156902957,3500.0,0.15
20,Zprime_3500GeV_030,0.867070849963,3500.0,0.3
21,Zprime_2000GeV_030,0.87161393389,2000.0,0.3
22,Zprime_2000GeV_015,0.883550103605,2000.0,0.15
23,Zprime_3500GeV_075,0.783740954013,3500.0,0.75
24,Zprime_3500GeV_045,0.844192921146,3500.0,0.45
25,Zprime_2500GeV_030,0.866037148191,2500.0,0.3
26,Zprime_2000GeV_060,0.832008604592,2000.0,0.6
27,Zprime_4000GeV_060,0.815972486579,4000.0,0.6
28,Zprime_2500GeV_075,0.795824351238,2500.0,0.75
29,Zprime_4000GeV_045,0.846369965343,4000.0,0.45
