,name,auc,mass,nu
0,Zprime_1500GeV_075,0.793547826171,1500.0,0.75
1,Zprime_1500GeV_015,0.868463204221,1500.0,0.15
2,Zprime_3000GeV_060,0.816251450547,3000.0,0.6
3,Zprime_1500GeV_030,0.855218768443,1500.0,0.3
4,Zprime_3000GeV_045,0.843137199141,3000.0,0.45
5,Zprime_2000GeV_045,0.856104794154,2000.0,0.45
6,Zprime_2500GeV_015,0.880768829483,2500.0,0.15
7,Zprime_3500GeV_060,0.812237978211,3500.0,0.6
8,Zprime_2500GeV_045,0.846324622369,2500.0,0.45
9,Zprime_2000GeV_075,0.801581093387,2000.0,0.75
10,Zprime_2500GeV_060,0.820305481333,2500.0,0.6
11,Zprime_4000GeV_075,0.772240332906,4000.0,0.75
12,Zprime_4000GeV_030,0.875038156872,4000.0,0.3
13,Zprime_4000GeV_015,0.891608125926,4000.0,0.15
14,Zprime_3000GeV_030,0.863824859379,3000.0,0.3
15,Zprime_1500GeV_045,0.835992555535,1500.0,0.45
16,Zprime_3000GeV_075,0.783267909849,3000.0,0.75
17,Zprime_1500GeV_060,0.817436819474,1500.0,0.6
18,Zprime_3000GeV_015,0.882560867377,3000.0,0.15
19,Zprime_3500GeV_015,0.886316644098,3500.0,0.15
20,Zprime_3500GeV_030,0.86933674979,3500.0,0.3
21,Zprime_2000GeV_030,0.873158415789,2000.0,0.3
22,Zprime_2000GeV_015,0.887314936153,2000.0,0.15
23,Zprime_3500GeV_075,0.779365771969,3500.0,0.75
24,Zprime_3500GeV_045,0.84385963864,3500.0,0.45
25,Zprime_2500GeV_030,0.86475432816,2500.0,0.3
26,Zprime_2000GeV_060,0.828707434614,2000.0,0.6
27,Zprime_4000GeV_060,0.81464513015,4000.0,0.6
28,Zprime_2500GeV_075,0.789754685704,2500.0,0.75
29,Zprime_4000GeV_045,0.846488803278,4000.0,0.45
