,name,auc,mass,nu
0,Zprime_1500GeV_075,0.797040470504,1500.0,0.75
1,Zprime_1500GeV_015,0.87167929992,1500.0,0.15
2,Zprime_3000GeV_060,0.80260667545,3000.0,0.6
3,Zprime_1500GeV_030,0.858756327955,1500.0,0.3
4,Zprime_3000GeV_045,0.832310011815,3000.0,0.45
5,Zprime_2000GeV_045,0.839177501674,2000.0,0.45
6,Zprime_2500GeV_015,0.871879229742,2500.0,0.15
7,Zprime_3500GeV_060,0.801680295741,3500.0,0.6
8,Zprime_2500GeV_045,0.834432540666,2500.0,0.45
9,Zprime_2000GeV_075,0.790760657443,2000.0,0.75
10,Zprime_2500GeV_060,0.807044591897,2500.0,0.6
11,Zprime_4000GeV_075,0.759256263741,4000.0,0.75
12,Zprime_4000GeV_030,0.861014640108,4000.0,0.3
13,Zprime_4000GeV_015,0.876427691527,4000.0,0.15
14,Zprime_3000GeV_030,0.853967669732,3000.0,0.3
15,Zprime_1500GeV_045,0.838595315138,1500.0,0.45
16,Zprime_3000GeV_075,0.770588857752,3000.0,0.75
17,Zprime_1500GeV_060,0.823550213845,1500.0,0.6
18,Zprime_3000GeV_015,0.872241193588,3000.0,0.15
19,Zprime_3500GeV_015,0.872835556004,3500.0,0.15
20,Zprime_3500GeV_030,0.857718527422,3500.0,0.3
21,Zprime_2000GeV_030,0.859941434425,2000.0,0.3
22,Zprime_2000GeV_015,0.872489018605,2000.0,0.15
23,Zprime_3500GeV_075,0.763804918118,3500.0,0.75
24,Zprime_3500GeV_045,0.830540769219,3500.0,0.45
25,Zprime_2500GeV_030,0.854749963751,2500.0,0.3
26,Zprime_2000GeV_060,0.8152525415,2000.0,0.6
27,Zprime_4000GeV_060,0.803543397697,4000.0,0.6
28,Zprime_2500GeV_075,0.776817680459,2500.0,0.75
29,Zprime_4000GeV_045,0.833315688214,4000.0,0.45
