,name,auc,mass,nu
0,Zprime_1500GeV_075,0.68606803455,1500.0,0.75
1,Zprime_1500GeV_015,0.776089944119,1500.0,0.15
2,Zprime_3000GeV_060,0.715214025717,3000.0,0.6
3,Zprime_1500GeV_030,0.761633616357,1500.0,0.3
4,Zprime_3000GeV_045,0.74297068526,3000.0,0.45
5,Zprime_2000GeV_045,0.747264999383,2000.0,0.45
6,Zprime_2500GeV_015,0.785546009543,2500.0,0.15
7,Zprime_3500GeV_060,0.71525040333,3500.0,0.6
8,Zprime_2500GeV_045,0.745284502614,2500.0,0.45
9,Zprime_2000GeV_075,0.687102067857,2000.0,0.75
10,Zprime_2500GeV_060,0.715699287477,2500.0,0.6
11,Zprime_4000GeV_075,0.677933244964,4000.0,0.75
12,Zprime_4000GeV_030,0.780759810962,4000.0,0.3
13,Zprime_4000GeV_015,0.803440302768,4000.0,0.15
14,Zprime_3000GeV_030,0.766608456218,3000.0,0.3
15,Zprime_1500GeV_045,0.736432501914,1500.0,0.45
16,Zprime_3000GeV_075,0.680978733129,3000.0,0.75
17,Zprime_1500GeV_060,0.715631407086,1500.0,0.6
18,Zprime_3000GeV_015,0.787446163961,3000.0,0.15
19,Zprime_3500GeV_015,0.792037402038,3500.0,0.15
20,Zprime_3500GeV_030,0.773376950072,3500.0,0.3
21,Zprime_2000GeV_030,0.768795300825,2000.0,0.3
22,Zprime_2000GeV_015,0.786573556443,2000.0,0.15
23,Zprime_3500GeV_075,0.680304789429,3500.0,0.75
24,Zprime_3500GeV_045,0.745831621895,3500.0,0.45
25,Zprime_2500GeV_030,0.767061452289,2500.0,0.3
26,Zprime_2000GeV_060,0.718025197892,2000.0,0.6
27,Zprime_4000GeV_060,0.718379672688,4000.0,0.6
28,Zprime_2500GeV_075,0.67932214459,2500.0,0.75
29,Zprime_4000GeV_045,0.750672703977,4000.0,0.45
