,name,auc,mass,nu
0,Zprime_1500GeV_075,0.738449292003,1500.0,0.75
1,Zprime_1500GeV_015,0.82475459421,1500.0,0.15
2,Zprime_3000GeV_060,0.769829953101,3000.0,0.6
3,Zprime_1500GeV_030,0.814240875008,1500.0,0.3
4,Zprime_3000GeV_045,0.803184514431,3000.0,0.45
5,Zprime_2000GeV_045,0.803065832549,2000.0,0.45
6,Zprime_2500GeV_015,0.842341027102,2500.0,0.15
7,Zprime_3500GeV_060,0.770679451447,3500.0,0.6
8,Zprime_2500GeV_045,0.800844476573,2500.0,0.45
9,Zprime_2000GeV_075,0.744149735871,2000.0,0.75
10,Zprime_2500GeV_060,0.771542475541,2500.0,0.6
11,Zprime_4000GeV_075,0.729052079673,4000.0,0.75
12,Zprime_4000GeV_030,0.836397148289,4000.0,0.3
13,Zprime_4000GeV_015,0.856504413491,4000.0,0.15
14,Zprime_3000GeV_030,0.825510088786,3000.0,0.3
15,Zprime_1500GeV_045,0.787984012243,1500.0,0.45
16,Zprime_3000GeV_075,0.736829091149,3000.0,0.75
17,Zprime_1500GeV_060,0.766962046416,1500.0,0.6
18,Zprime_3000GeV_015,0.847285270488,3000.0,0.15
19,Zprime_3500GeV_015,0.851282670209,3500.0,0.15
20,Zprime_3500GeV_030,0.832195987372,3500.0,0.3
21,Zprime_2000GeV_030,0.826246583985,2000.0,0.3
22,Zprime_2000GeV_015,0.842512721608,2000.0,0.15
23,Zprime_3500GeV_075,0.73208136225,3500.0,0.75
24,Zprime_3500GeV_045,0.803716839973,3500.0,0.45
25,Zprime_2500GeV_030,0.823785727375,2500.0,0.3
26,Zprime_2000GeV_060,0.774325059986,2000.0,0.6
27,Zprime_4000GeV_060,0.77321212384,4000.0,0.6
28,Zprime_2500GeV_075,0.734463189067,2500.0,0.75
29,Zprime_4000GeV_045,0.806172128424,4000.0,0.45
