,name,auc,mass,nu
0,Zprime_1500GeV_075,0.800544351101,1500.0,0.75
1,Zprime_1500GeV_015,0.867820651084,1500.0,0.15
2,Zprime_3000GeV_060,0.80130249408,3000.0,0.6
3,Zprime_1500GeV_030,0.856512151193,1500.0,0.3
4,Zprime_3000GeV_045,0.827693092731,3000.0,0.45
5,Zprime_2000GeV_045,0.837687025197,2000.0,0.45
6,Zprime_2500GeV_015,0.86357248643,2500.0,0.15
7,Zprime_3500GeV_060,0.798875460995,3500.0,0.6
8,Zprime_2500GeV_045,0.831245966838,2500.0,0.45
9,Zprime_2000GeV_075,0.795494065054,2000.0,0.75
10,Zprime_2500GeV_060,0.806845551509,2500.0,0.6
11,Zprime_4000GeV_075,0.761135989806,4000.0,0.75
12,Zprime_4000GeV_030,0.849103376091,4000.0,0.3
13,Zprime_4000GeV_015,0.861236735824,4000.0,0.15
14,Zprime_3000GeV_030,0.845471377996,3000.0,0.3
15,Zprime_1500GeV_045,0.838076187739,1500.0,0.45
16,Zprime_3000GeV_075,0.773248640414,3000.0,0.75
17,Zprime_1500GeV_060,0.82599894931,1500.0,0.6
18,Zprime_3000GeV_015,0.861631288147,3000.0,0.15
19,Zprime_3500GeV_015,0.858371685384,3500.0,0.15
20,Zprime_3500GeV_030,0.84659473742,3500.0,0.3
21,Zprime_2000GeV_030,0.85720882632,2000.0,0.3
22,Zprime_2000GeV_015,0.867149092701,2000.0,0.15
23,Zprime_3500GeV_075,0.76584456003,3500.0,0.75
24,Zprime_3500GeV_045,0.824602534359,3500.0,0.45
25,Zprime_2500GeV_030,0.849512381796,2500.0,0.3
26,Zprime_2000GeV_060,0.816497897028,2000.0,0.6
27,Zprime_4000GeV_060,0.79882561809,4000.0,0.6
28,Zprime_2500GeV_075,0.780953941187,2500.0,0.75
29,Zprime_4000GeV_045,0.824884826681,4000.0,0.45
