,name,auc,mass,nu
0,Zprime_1500GeV_075,0.800454526477,1500.0,0.75
1,Zprime_1500GeV_015,0.868943937268,1500.0,0.15
2,Zprime_3000GeV_060,0.802439684058,3000.0,0.6
3,Zprime_1500GeV_030,0.856629017686,1500.0,0.3
4,Zprime_3000GeV_045,0.831174576069,3000.0,0.45
5,Zprime_2000GeV_045,0.837734971882,2000.0,0.45
6,Zprime_2500GeV_015,0.869896600644,2500.0,0.15
7,Zprime_3500GeV_060,0.800403432198,3500.0,0.6
8,Zprime_2500GeV_045,0.833288275972,2500.0,0.45
9,Zprime_2000GeV_075,0.793285380887,2000.0,0.75
10,Zprime_2500GeV_060,0.807271351875,2500.0,0.6
11,Zprime_4000GeV_075,0.760276280054,4000.0,0.75
12,Zprime_4000GeV_030,0.85274158656,4000.0,0.3
13,Zprime_4000GeV_015,0.865926399981,4000.0,0.15
14,Zprime_3000GeV_030,0.851669916376,3000.0,0.3
15,Zprime_1500GeV_045,0.837560421573,1500.0,0.45
16,Zprime_3000GeV_075,0.772733709718,3000.0,0.75
17,Zprime_1500GeV_060,0.825376066979,1500.0,0.6
18,Zprime_3000GeV_015,0.8701631256,3000.0,0.15
19,Zprime_3500GeV_015,0.867428402136,3500.0,0.15
20,Zprime_3500GeV_030,0.853345171628,3500.0,0.3
21,Zprime_2000GeV_030,0.857649716977,2000.0,0.3
22,Zprime_2000GeV_015,0.869508474203,2000.0,0.15
23,Zprime_3500GeV_075,0.765210150216,3500.0,0.75
24,Zprime_3500GeV_045,0.827355638202,3500.0,0.45
25,Zprime_2500GeV_030,0.853344693521,2500.0,0.3
26,Zprime_2000GeV_060,0.815701160936,2000.0,0.6
27,Zprime_4000GeV_060,0.800058223312,4000.0,0.6
28,Zprime_2500GeV_075,0.779485134375,2500.0,0.75
29,Zprime_4000GeV_045,0.827059318249,4000.0,0.45
