,name,auc,mass,nu
0,Zprime_1500GeV_075,0.744798042449,1500.0,0.75
1,Zprime_1500GeV_015,0.836181691383,1500.0,0.15
2,Zprime_3000GeV_060,0.764331971712,3000.0,0.6
3,Zprime_1500GeV_030,0.822056024498,1500.0,0.3
4,Zprime_3000GeV_045,0.795359543622,3000.0,0.45
5,Zprime_2000GeV_045,0.800222747258,2000.0,0.45
6,Zprime_2500GeV_015,0.836025922153,2500.0,0.15
7,Zprime_3500GeV_060,0.766104936675,3500.0,0.6
8,Zprime_2500GeV_045,0.795216823817,2500.0,0.45
9,Zprime_2000GeV_075,0.747439303927,2000.0,0.75
10,Zprime_2500GeV_060,0.766789179654,2500.0,0.6
11,Zprime_4000GeV_075,0.727412158069,4000.0,0.75
12,Zprime_4000GeV_030,0.833050605015,4000.0,0.3
13,Zprime_4000GeV_015,0.85354985734,4000.0,0.15
14,Zprime_3000GeV_030,0.817900521044,3000.0,0.3
15,Zprime_1500GeV_045,0.796265218663,1500.0,0.45
16,Zprime_3000GeV_075,0.731874638324,3000.0,0.75
17,Zprime_1500GeV_060,0.778050474904,1500.0,0.6
18,Zprime_3000GeV_015,0.841024487441,3000.0,0.15
19,Zprime_3500GeV_015,0.845293740042,3500.0,0.15
20,Zprime_3500GeV_030,0.82691521472,3500.0,0.3
21,Zprime_2000GeV_030,0.823424948282,2000.0,0.3
22,Zprime_2000GeV_015,0.839559223122,2000.0,0.15
23,Zprime_3500GeV_075,0.728683539719,3500.0,0.75
24,Zprime_3500GeV_045,0.796671663714,3500.0,0.45
25,Zprime_2500GeV_030,0.818158500527,2500.0,0.3
26,Zprime_2000GeV_060,0.772547081258,2000.0,0.6
27,Zprime_4000GeV_060,0.769454805476,4000.0,0.6
28,Zprime_2500GeV_075,0.734435994102,2500.0,0.75
29,Zprime_4000GeV_045,0.800349711007,4000.0,0.45
