,name,auc,mass,nu
0,Zprime_1500GeV_075,0.792758221101,1500.0,0.75
1,Zprime_1500GeV_015,0.858933677457,1500.0,0.15
2,Zprime_3000GeV_060,0.801636037483,3000.0,0.6
3,Zprime_1500GeV_030,0.845043509511,1500.0,0.3
4,Zprime_3000GeV_045,0.824615949037,3000.0,0.45
5,Zprime_2000GeV_045,0.84093692441,2000.0,0.45
6,Zprime_2500GeV_015,0.859582331693,2500.0,0.15
7,Zprime_3500GeV_060,0.796647331252,3500.0,0.6
8,Zprime_2500GeV_045,0.829056083801,2500.0,0.45
9,Zprime_2000GeV_075,0.796679667109,2000.0,0.75
10,Zprime_2500GeV_060,0.807457668382,2500.0,0.6
11,Zprime_4000GeV_075,0.766143149844,4000.0,0.75
12,Zprime_4000GeV_030,0.853655983332,4000.0,0.3
13,Zprime_4000GeV_015,0.867960045174,4000.0,0.15
14,Zprime_3000GeV_030,0.843761943866,3000.0,0.3
15,Zprime_1500GeV_045,0.827640072999,1500.0,0.45
16,Zprime_3000GeV_075,0.774790661816,3000.0,0.75
17,Zprime_1500GeV_060,0.81427602418,1500.0,0.6
18,Zprime_3000GeV_015,0.8614240586,3000.0,0.15
19,Zprime_3500GeV_015,0.865090812725,3500.0,0.15
20,Zprime_3500GeV_030,0.848823151562,3500.0,0.3
21,Zprime_2000GeV_030,0.856910163268,2000.0,0.3
22,Zprime_2000GeV_015,0.867449910833,2000.0,0.15
23,Zprime_3500GeV_075,0.77125330544,3500.0,0.75
24,Zprime_3500GeV_045,0.824839805995,3500.0,0.45
25,Zprime_2500GeV_030,0.845416350606,2500.0,0.3
26,Zprime_2000GeV_060,0.816263090799,2000.0,0.6
27,Zprime_4000GeV_060,0.798990604168,4000.0,0.6
28,Zprime_2500GeV_075,0.783496820307,2500.0,0.75
29,Zprime_4000GeV_045,0.82811377746,4000.0,0.45
