,name,auc,mass,nu
0,Zprime_1500GeV_075,0.730578564867,1500.0,0.75
1,Zprime_1500GeV_015,0.827265099358,1500.0,0.15
2,Zprime_3000GeV_060,0.75870506597,3000.0,0.6
3,Zprime_1500GeV_030,0.811313925321,1500.0,0.3
4,Zprime_3000GeV_045,0.792099536477,3000.0,0.45
5,Zprime_2000GeV_045,0.791828614563,2000.0,0.45
6,Zprime_2500GeV_015,0.83351656609,2500.0,0.15
7,Zprime_3500GeV_060,0.761690095155,3500.0,0.6
8,Zprime_2500GeV_045,0.789613291804,2500.0,0.45
9,Zprime_2000GeV_075,0.732770241544,2000.0,0.75
10,Zprime_2500GeV_060,0.759113796277,2500.0,0.6
11,Zprime_4000GeV_075,0.720115405197,4000.0,0.75
12,Zprime_4000GeV_030,0.831069406427,4000.0,0.3
13,Zprime_4000GeV_015,0.850124680013,4000.0,0.15
14,Zprime_3000GeV_030,0.816624435478,3000.0,0.3
15,Zprime_1500GeV_045,0.784902620083,1500.0,0.45
16,Zprime_3000GeV_075,0.721996250104,3000.0,0.75
17,Zprime_1500GeV_060,0.767980583865,1500.0,0.6
18,Zprime_3000GeV_015,0.83977351632,3000.0,0.15
19,Zprime_3500GeV_015,0.843033566262,3500.0,0.15
20,Zprime_3500GeV_030,0.824496230117,3500.0,0.3
21,Zprime_2000GeV_030,0.816390291088,2000.0,0.3
22,Zprime_2000GeV_015,0.832846787822,2000.0,0.15
23,Zprime_3500GeV_075,0.720287152954,3500.0,0.75
24,Zprime_3500GeV_045,0.793501303301,3500.0,0.45
25,Zprime_2500GeV_030,0.815581503393,2500.0,0.3
26,Zprime_2000GeV_060,0.76155044247,2000.0,0.6
27,Zprime_4000GeV_060,0.765156192527,4000.0,0.6
28,Zprime_2500GeV_075,0.721743484952,2500.0,0.75
29,Zprime_4000GeV_045,0.798051195827,4000.0,0.45
