,name,auc,mass,nu
0,Zprime_1500GeV_075,0.78400901164,1500.0,0.75
1,Zprime_1500GeV_015,0.8539064753,1500.0,0.15
2,Zprime_3000GeV_060,0.802695873276,3000.0,0.6
3,Zprime_1500GeV_030,0.839842833763,1500.0,0.3
4,Zprime_3000GeV_045,0.827696904512,3000.0,0.45
5,Zprime_2000GeV_045,0.838804571031,2000.0,0.45
6,Zprime_2500GeV_015,0.862964026693,2500.0,0.15
7,Zprime_3500GeV_060,0.798760778219,3500.0,0.6
8,Zprime_2500GeV_045,0.830542197272,2500.0,0.45
9,Zprime_2000GeV_075,0.790186369536,2000.0,0.75
10,Zprime_2500GeV_060,0.806039567547,2500.0,0.6
11,Zprime_4000GeV_075,0.765589047966,4000.0,0.75
12,Zprime_4000GeV_030,0.856955328181,4000.0,0.3
13,Zprime_4000GeV_015,0.869350769027,4000.0,0.15
14,Zprime_3000GeV_030,0.847832859458,3000.0,0.3
15,Zprime_1500GeV_045,0.820679423403,1500.0,0.45
16,Zprime_3000GeV_075,0.773386078961,3000.0,0.75
17,Zprime_1500GeV_060,0.805648261651,1500.0,0.6
18,Zprime_3000GeV_015,0.866665474723,3000.0,0.15
19,Zprime_3500GeV_015,0.867951052666,3500.0,0.15
20,Zprime_3500GeV_030,0.852528966738,3500.0,0.3
21,Zprime_2000GeV_030,0.85567627675,2000.0,0.3
22,Zprime_2000GeV_015,0.868732943998,2000.0,0.15
23,Zprime_3500GeV_075,0.770549053631,3500.0,0.75
24,Zprime_3500GeV_045,0.828037745745,3500.0,0.45
25,Zprime_2500GeV_030,0.848013800666,2500.0,0.3
26,Zprime_2000GeV_060,0.81281845286,2000.0,0.6
27,Zprime_4000GeV_060,0.800864392254,4000.0,0.6
28,Zprime_2500GeV_075,0.77945984017,2500.0,0.75
29,Zprime_4000GeV_045,0.83079771662,4000.0,0.45
