,name,auc,mass,nu
0,Zprime_1500GeV_075,0.77287167199,1500.0,0.75
1,Zprime_1500GeV_015,0.84465427262,1500.0,0.15
2,Zprime_3000GeV_060,0.803746288988,3000.0,0.6
3,Zprime_1500GeV_030,0.830709694272,1500.0,0.3
4,Zprime_3000GeV_045,0.830401299423,3000.0,0.45
5,Zprime_2000GeV_045,0.830307745441,2000.0,0.45
6,Zprime_2500GeV_015,0.86364189419,2500.0,0.15
7,Zprime_3500GeV_060,0.80411811384,3500.0,0.6
8,Zprime_2500GeV_045,0.827111065946,2500.0,0.45
9,Zprime_2000GeV_075,0.780394610419,2000.0,0.75
10,Zprime_2500GeV_060,0.800805870844,2500.0,0.6
11,Zprime_4000GeV_075,0.768851887476,4000.0,0.75
12,Zprime_4000GeV_030,0.866470452485,4000.0,0.3
13,Zprime_4000GeV_015,0.881123597794,4000.0,0.15
14,Zprime_3000GeV_030,0.851717104011,3000.0,0.3
15,Zprime_1500GeV_045,0.808837011339,1500.0,0.45
16,Zprime_3000GeV_075,0.771996574292,3000.0,0.75
17,Zprime_1500GeV_060,0.797239673995,1500.0,0.6
18,Zprime_3000GeV_015,0.872508721812,3000.0,0.15
19,Zprime_3500GeV_015,0.876579807515,3500.0,0.15
20,Zprime_3500GeV_030,0.860232632393,3500.0,0.3
21,Zprime_2000GeV_030,0.84688597366,2000.0,0.3
22,Zprime_2000GeV_015,0.861435790494,2000.0,0.15
23,Zprime_3500GeV_075,0.772518194018,3500.0,0.75
24,Zprime_3500GeV_045,0.833848920791,3500.0,0.45
25,Zprime_2500GeV_030,0.847576192378,2500.0,0.3
26,Zprime_2000GeV_060,0.803787871143,2000.0,0.6
27,Zprime_4000GeV_060,0.808113090252,4000.0,0.6
28,Zprime_2500GeV_075,0.772646787933,2500.0,0.75
29,Zprime_4000GeV_045,0.839210528224,4000.0,0.45
