,name,auc,mass,nu
0,Zprime_1500GeV_075,0.79358318504,1500.0,0.75
1,Zprime_1500GeV_015,0.859853602303,1500.0,0.15
2,Zprime_3000GeV_060,0.797186738806,3000.0,0.6
3,Zprime_1500GeV_030,0.849876958726,1500.0,0.3
4,Zprime_3000GeV_045,0.824956466832,3000.0,0.45
5,Zprime_2000GeV_045,0.830720613615,2000.0,0.45
6,Zprime_2500GeV_015,0.861025207965,2500.0,0.15
7,Zprime_3500GeV_060,0.795867240897,3500.0,0.6
8,Zprime_2500GeV_045,0.826375426704,2500.0,0.45
9,Zprime_2000GeV_075,0.786650335229,2000.0,0.75
10,Zprime_2500GeV_060,0.801182662936,2500.0,0.6
11,Zprime_4000GeV_075,0.756642548413,4000.0,0.75
12,Zprime_4000GeV_030,0.852557212481,4000.0,0.3
13,Zprime_4000GeV_015,0.865778781138,4000.0,0.15
14,Zprime_3000GeV_030,0.844736051836,3000.0,0.3
15,Zprime_1500GeV_045,0.832221241952,1500.0,0.45
16,Zprime_3000GeV_075,0.767256594909,3000.0,0.75
17,Zprime_1500GeV_060,0.818328479946,1500.0,0.6
18,Zprime_3000GeV_015,0.863029525466,3000.0,0.15
19,Zprime_3500GeV_015,0.86330652311,3500.0,0.15
20,Zprime_3500GeV_030,0.849520124434,3500.0,0.3
21,Zprime_2000GeV_030,0.849872929267,2000.0,0.3
22,Zprime_2000GeV_015,0.861110539279,2000.0,0.15
23,Zprime_3500GeV_075,0.7606514643,3500.0,0.75
24,Zprime_3500GeV_045,0.822947466756,3500.0,0.45
25,Zprime_2500GeV_030,0.845353474834,2500.0,0.3
26,Zprime_2000GeV_060,0.809051274763,2000.0,0.6
27,Zprime_4000GeV_060,0.797193586771,4000.0,0.6
28,Zprime_2500GeV_075,0.774239092082,2500.0,0.75
29,Zprime_4000GeV_045,0.825327899546,4000.0,0.45
