,name,auc,mass,nu
0,Zprime_1500GeV_075,0.715494864137,1500.0,0.75
1,Zprime_1500GeV_015,0.809393468774,1500.0,0.15
2,Zprime_3000GeV_060,0.753071523493,3000.0,0.6
3,Zprime_1500GeV_030,0.797210795217,1500.0,0.3
4,Zprime_3000GeV_045,0.78599072817,3000.0,0.45
5,Zprime_2000GeV_045,0.786036936238,2000.0,0.45
6,Zprime_2500GeV_015,0.831572423502,2500.0,0.15
7,Zprime_3500GeV_060,0.754257620804,3500.0,0.6
8,Zprime_2500GeV_045,0.786090985173,2500.0,0.45
9,Zprime_2000GeV_075,0.724138163656,2000.0,0.75
10,Zprime_2500GeV_060,0.755086169142,2500.0,0.6
11,Zprime_4000GeV_075,0.710406200601,4000.0,0.75
12,Zprime_4000GeV_030,0.822209955305,4000.0,0.3
13,Zprime_4000GeV_015,0.841911767013,4000.0,0.15
14,Zprime_3000GeV_030,0.81126063371,3000.0,0.3
15,Zprime_1500GeV_045,0.767724061431,1500.0,0.45
16,Zprime_3000GeV_075,0.715990952834,3000.0,0.75
17,Zprime_1500GeV_060,0.748401384982,1500.0,0.6
18,Zprime_3000GeV_015,0.834433713854,3000.0,0.15
19,Zprime_3500GeV_015,0.837287633564,3500.0,0.15
20,Zprime_3500GeV_030,0.817752411006,3500.0,0.3
21,Zprime_2000GeV_030,0.811098290928,2000.0,0.3
22,Zprime_2000GeV_015,0.827802503014,2000.0,0.15
23,Zprime_3500GeV_075,0.714070174103,3500.0,0.75
24,Zprime_3500GeV_045,0.786852427593,3500.0,0.45
25,Zprime_2500GeV_030,0.81155750744,2500.0,0.3
26,Zprime_2000GeV_060,0.754631343904,2000.0,0.6
27,Zprime_4000GeV_060,0.756399343852,4000.0,0.6
28,Zprime_2500GeV_075,0.714897271878,2500.0,0.75
29,Zprime_4000GeV_045,0.791240498434,4000.0,0.45
