,name,auc,mass,nu
0,Zprime_1500GeV_075,0.728259481402,1500.0,0.75
1,Zprime_1500GeV_015,0.826280393022,1500.0,0.15
2,Zprime_3000GeV_060,0.759039752299,3000.0,0.6
3,Zprime_1500GeV_030,0.808759415345,1500.0,0.3
4,Zprime_3000GeV_045,0.794282537697,3000.0,0.45
5,Zprime_2000GeV_045,0.791576770725,2000.0,0.45
6,Zprime_2500GeV_015,0.835097230292,2500.0,0.15
7,Zprime_3500GeV_060,0.764501751146,3500.0,0.6
8,Zprime_2500GeV_045,0.790233727966,2500.0,0.45
9,Zprime_2000GeV_075,0.731358107385,2000.0,0.75
10,Zprime_2500GeV_060,0.759204800405,2500.0,0.6
11,Zprime_4000GeV_075,0.721783738799,4000.0,0.75
12,Zprime_4000GeV_030,0.83904606222,4000.0,0.3
13,Zprime_4000GeV_015,0.858350692633,4000.0,0.15
14,Zprime_3000GeV_030,0.820424616009,3000.0,0.3
15,Zprime_1500GeV_045,0.784469855764,1500.0,0.45
16,Zprime_3000GeV_075,0.722847851497,3000.0,0.75
17,Zprime_1500GeV_060,0.761532110854,1500.0,0.6
18,Zprime_3000GeV_015,0.845250987788,3000.0,0.15
19,Zprime_3500GeV_015,0.851412496112,3500.0,0.15
20,Zprime_3500GeV_030,0.831650819496,3500.0,0.3
21,Zprime_2000GeV_030,0.816859791203,2000.0,0.3
22,Zprime_2000GeV_015,0.833575819153,2000.0,0.15
23,Zprime_3500GeV_075,0.722014399571,3500.0,0.75
24,Zprime_3500GeV_045,0.798495149402,3500.0,0.45
25,Zprime_2500GeV_030,0.815246595216,2500.0,0.3
26,Zprime_2000GeV_060,0.761114050582,2000.0,0.6
27,Zprime_4000GeV_060,0.768693793724,4000.0,0.6
28,Zprime_2500GeV_075,0.718906232099,2500.0,0.75
29,Zprime_4000GeV_045,0.803159157605,4000.0,0.45
