,name,auc,mass,nu
0,Zprime_1500GeV_075,0.70735809425,1500.0,0.75
1,Zprime_1500GeV_015,0.796295169904,1500.0,0.15
2,Zprime_3000GeV_060,0.736034271728,3000.0,0.6
3,Zprime_1500GeV_030,0.790468288037,1500.0,0.3
4,Zprime_3000GeV_045,0.769974956686,3000.0,0.45
5,Zprime_2000GeV_045,0.768081855196,2000.0,0.45
6,Zprime_2500GeV_015,0.811996255187,2500.0,0.15
7,Zprime_3500GeV_060,0.739766853959,3500.0,0.6
8,Zprime_2500GeV_045,0.767667000719,2500.0,0.45
9,Zprime_2000GeV_075,0.708864465515,2000.0,0.75
10,Zprime_2500GeV_060,0.737405586231,2500.0,0.6
11,Zprime_4000GeV_075,0.700182992279,4000.0,0.75
12,Zprime_4000GeV_030,0.805039311804,4000.0,0.3
13,Zprime_4000GeV_015,0.825259652828,4000.0,0.15
14,Zprime_3000GeV_030,0.791835406806,3000.0,0.3
15,Zprime_1500GeV_045,0.758812201025,1500.0,0.45
16,Zprime_3000GeV_075,0.702777199227,3000.0,0.75
17,Zprime_1500GeV_060,0.73884744069,1500.0,0.6
18,Zprime_3000GeV_015,0.815553717645,3000.0,0.15
19,Zprime_3500GeV_015,0.818304683086,3500.0,0.15
20,Zprime_3500GeV_030,0.799870139207,3500.0,0.3
21,Zprime_2000GeV_030,0.79246229425,2000.0,0.3
22,Zprime_2000GeV_015,0.813053558962,2000.0,0.15
23,Zprime_3500GeV_075,0.702501787065,3500.0,0.75
24,Zprime_3500GeV_045,0.771691904202,3500.0,0.45
25,Zprime_2500GeV_030,0.790869107534,2500.0,0.3
26,Zprime_2000GeV_060,0.741102871125,2000.0,0.6
27,Zprime_4000GeV_060,0.742645001758,4000.0,0.6
28,Zprime_2500GeV_075,0.702439818833,2500.0,0.75
29,Zprime_4000GeV_045,0.774345023082,4000.0,0.45
