,name,auc,mass,nu
0,Zprime_1500GeV_075,0.781104110288,1500.0,0.75
1,Zprime_1500GeV_015,0.856862061379,1500.0,0.15
2,Zprime_3000GeV_060,0.790648756661,3000.0,0.6
3,Zprime_1500GeV_030,0.84487084293,1500.0,0.3
4,Zprime_3000GeV_045,0.814742203745,3000.0,0.45
5,Zprime_2000GeV_045,0.837887942895,2000.0,0.45
6,Zprime_2500GeV_015,0.858418443819,2500.0,0.15
7,Zprime_3500GeV_060,0.782913488371,3500.0,0.6
8,Zprime_2500GeV_045,0.82433977317,2500.0,0.45
9,Zprime_2000GeV_075,0.787666144986,2000.0,0.75
10,Zprime_2500GeV_060,0.801146003523,2500.0,0.6
11,Zprime_4000GeV_075,0.747698403165,4000.0,0.75
12,Zprime_4000GeV_030,0.835307456022,4000.0,0.3
13,Zprime_4000GeV_015,0.853505916827,4000.0,0.15
14,Zprime_3000GeV_030,0.834372666097,3000.0,0.3
15,Zprime_1500GeV_045,0.827297746104,1500.0,0.45
16,Zprime_3000GeV_075,0.764608066872,3000.0,0.75
17,Zprime_1500GeV_060,0.807864078593,1500.0,0.6
18,Zprime_3000GeV_015,0.851791495115,3000.0,0.15
19,Zprime_3500GeV_015,0.850103040958,3500.0,0.15
20,Zprime_3500GeV_030,0.834024051282,3500.0,0.3
21,Zprime_2000GeV_030,0.856202568647,2000.0,0.3
22,Zprime_2000GeV_015,0.869777462279,2000.0,0.15
23,Zprime_3500GeV_075,0.755664045236,3500.0,0.75
24,Zprime_3500GeV_045,0.810606214955,3500.0,0.45
25,Zprime_2500GeV_030,0.84295656509,2500.0,0.3
26,Zprime_2000GeV_060,0.812106444056,2000.0,0.6
27,Zprime_4000GeV_060,0.781847518315,4000.0,0.6
28,Zprime_2500GeV_075,0.771538747639,2500.0,0.75
29,Zprime_4000GeV_045,0.81006792602,4000.0,0.45
