,name,auc,mass,nu
0,Zprime_1500GeV_075,0.712816377411,1500.0,0.75
1,Zprime_1500GeV_015,0.807141377432,1500.0,0.15
2,Zprime_3000GeV_060,0.75658362845,3000.0,0.6
3,Zprime_1500GeV_030,0.794749371921,1500.0,0.3
4,Zprime_3000GeV_045,0.791013698703,3000.0,0.45
5,Zprime_2000GeV_045,0.790266598435,2000.0,0.45
6,Zprime_2500GeV_015,0.837875468218,2500.0,0.15
7,Zprime_3500GeV_060,0.757389472305,3500.0,0.6
8,Zprime_2500GeV_045,0.791122040439,2500.0,0.45
9,Zprime_2000GeV_075,0.722206529886,2000.0,0.75
10,Zprime_2500GeV_060,0.757929274068,2500.0,0.6
11,Zprime_4000GeV_075,0.712123476759,4000.0,0.75
12,Zprime_4000GeV_030,0.826965310858,4000.0,0.3
13,Zprime_4000GeV_015,0.845488024812,4000.0,0.15
14,Zprime_3000GeV_030,0.816608195313,3000.0,0.3
15,Zprime_1500GeV_045,0.765617929552,1500.0,0.45
16,Zprime_3000GeV_075,0.717444877238,3000.0,0.75
17,Zprime_1500GeV_060,0.742139384166,1500.0,0.6
18,Zprime_3000GeV_015,0.841033535948,3000.0,0.15
19,Zprime_3500GeV_015,0.84300141525,3500.0,0.15
20,Zprime_3500GeV_030,0.823428419889,3500.0,0.3
21,Zprime_2000GeV_030,0.815862517085,2000.0,0.3
22,Zprime_2000GeV_015,0.834480064159,2000.0,0.15
23,Zprime_3500GeV_075,0.715297294151,3500.0,0.75
24,Zprime_3500GeV_045,0.791369394758,3500.0,0.45
25,Zprime_2500GeV_030,0.816707603721,2500.0,0.3
26,Zprime_2000GeV_060,0.755496670028,2000.0,0.6
27,Zprime_4000GeV_060,0.760229321796,4000.0,0.6
28,Zprime_2500GeV_075,0.714101045097,2500.0,0.75
29,Zprime_4000GeV_045,0.795400703552,4000.0,0.45
