,name,auc,mass,nu
0,Zprime_1500GeV_075,0.800414885256,1500.0,0.75
1,Zprime_1500GeV_015,0.870920242839,1500.0,0.15
2,Zprime_3000GeV_060,0.802899361227,3000.0,0.6
3,Zprime_1500GeV_030,0.860722387172,1500.0,0.3
4,Zprime_3000GeV_045,0.8308501961,3000.0,0.45
5,Zprime_2000GeV_045,0.840203917029,2000.0,0.45
6,Zprime_2500GeV_015,0.868021829837,2500.0,0.15
7,Zprime_3500GeV_060,0.801381091988,3500.0,0.6
8,Zprime_2500GeV_045,0.833976741883,2500.0,0.45
9,Zprime_2000GeV_075,0.795658624539,2000.0,0.75
10,Zprime_2500GeV_060,0.808737401074,2500.0,0.6
11,Zprime_4000GeV_075,0.763082483081,4000.0,0.75
12,Zprime_4000GeV_030,0.85435167076,4000.0,0.3
13,Zprime_4000GeV_015,0.866524385211,4000.0,0.15
14,Zprime_3000GeV_030,0.850176887455,3000.0,0.3
15,Zprime_1500GeV_045,0.842212766617,1500.0,0.45
16,Zprime_3000GeV_075,0.774613633224,3000.0,0.75
17,Zprime_1500GeV_060,0.826763394816,1500.0,0.6
18,Zprime_3000GeV_015,0.866642166787,3000.0,0.15
19,Zprime_3500GeV_015,0.86542421919,3500.0,0.15
20,Zprime_3500GeV_030,0.85199375184,3500.0,0.3
21,Zprime_2000GeV_030,0.859325276099,2000.0,0.3
22,Zprime_2000GeV_015,0.869806008968,2000.0,0.15
23,Zprime_3500GeV_075,0.76816935422,3500.0,0.75
24,Zprime_3500GeV_045,0.8280287046,3500.0,0.45
25,Zprime_2500GeV_030,0.852936246634,2500.0,0.3
26,Zprime_2000GeV_060,0.818389050917,2000.0,0.6
27,Zprime_4000GeV_060,0.802137248325,4000.0,0.6
28,Zprime_2500GeV_075,0.780717363803,2500.0,0.75
29,Zprime_4000GeV_045,0.828729296962,4000.0,0.45
