,name,auc,mass,nu
0,Zprime_1500GeV_075,0.728468306085,1500.0,0.75
1,Zprime_1500GeV_015,0.821712689749,1500.0,0.15
2,Zprime_3000GeV_060,0.758041003894,3000.0,0.6
3,Zprime_1500GeV_030,0.806123989594,1500.0,0.3
4,Zprime_3000GeV_045,0.791411725222,3000.0,0.45
5,Zprime_2000GeV_045,0.789953303784,2000.0,0.45
6,Zprime_2500GeV_015,0.835571997076,2500.0,0.15
7,Zprime_3500GeV_060,0.759617534897,3500.0,0.6
8,Zprime_2500GeV_045,0.789764163152,2500.0,0.45
9,Zprime_2000GeV_075,0.731233285599,2000.0,0.75
10,Zprime_2500GeV_060,0.758331547975,2500.0,0.6
11,Zprime_4000GeV_075,0.717463748949,4000.0,0.75
12,Zprime_4000GeV_030,0.826859761343,4000.0,0.3
13,Zprime_4000GeV_015,0.847838337113,4000.0,0.15
14,Zprime_3000GeV_030,0.816579301671,3000.0,0.3
15,Zprime_1500GeV_045,0.779714445496,1500.0,0.45
16,Zprime_3000GeV_075,0.721864027343,3000.0,0.75
17,Zprime_1500GeV_060,0.764118557505,1500.0,0.6
18,Zprime_3000GeV_015,0.840327271538,3000.0,0.15
19,Zprime_3500GeV_015,0.841074548175,3500.0,0.15
20,Zprime_3500GeV_030,0.822907061927,3500.0,0.3
21,Zprime_2000GeV_030,0.813443036306,2000.0,0.3
22,Zprime_2000GeV_015,0.832759330799,2000.0,0.15
23,Zprime_3500GeV_075,0.72102213725,3500.0,0.75
24,Zprime_3500GeV_045,0.790132918405,3500.0,0.45
25,Zprime_2500GeV_030,0.814267165867,2500.0,0.3
26,Zprime_2000GeV_060,0.760368673013,2000.0,0.6
27,Zprime_4000GeV_060,0.76256230256,4000.0,0.6
28,Zprime_2500GeV_075,0.721825535971,2500.0,0.75
29,Zprime_4000GeV_045,0.794940689687,4000.0,0.45
