,name,auc,mass,nu
0,Zprime_1500GeV_075,0.646869951703,1500.0,0.75
1,Zprime_1500GeV_015,0.74644519755,1500.0,0.15
2,Zprime_3000GeV_060,0.727297791306,3000.0,0.6
3,Zprime_1500GeV_030,0.73052781303,1500.0,0.3
4,Zprime_3000GeV_045,0.7665588153,3000.0,0.45
5,Zprime_2000GeV_045,0.742203135275,2000.0,0.45
6,Zprime_2500GeV_015,0.804236081367,2500.0,0.15
7,Zprime_3500GeV_060,0.733625791619,3500.0,0.6
8,Zprime_2500GeV_045,0.754344431795,2500.0,0.45
9,Zprime_2000GeV_075,0.662927748096,2000.0,0.75
10,Zprime_2500GeV_060,0.717676474509,2500.0,0.6
11,Zprime_4000GeV_075,0.684439654312,4000.0,0.75
12,Zprime_4000GeV_030,0.818232162446,4000.0,0.3
13,Zprime_4000GeV_015,0.841522833447,4000.0,0.15
14,Zprime_3000GeV_030,0.794421318195,3000.0,0.3
15,Zprime_1500GeV_045,0.694670796607,1500.0,0.45
16,Zprime_3000GeV_075,0.678456393374,3000.0,0.75
17,Zprime_1500GeV_060,0.677523546762,1500.0,0.6
18,Zprime_3000GeV_015,0.82015073397,3000.0,0.15
19,Zprime_3500GeV_015,0.830978548083,3500.0,0.15
20,Zprime_3500GeV_030,0.807317466651,3500.0,0.3
21,Zprime_2000GeV_030,0.767330693144,2000.0,0.3
22,Zprime_2000GeV_015,0.790271502889,2000.0,0.15
23,Zprime_3500GeV_075,0.683943336587,3500.0,0.75
24,Zprime_3500GeV_045,0.776935832672,3500.0,0.45
25,Zprime_2500GeV_030,0.781939396705,2500.0,0.3
26,Zprime_2000GeV_060,0.706696199183,2000.0,0.6
27,Zprime_4000GeV_060,0.741551348448,4000.0,0.6
28,Zprime_2500GeV_075,0.667439745154,2500.0,0.75
29,Zprime_4000GeV_045,0.782224749072,4000.0,0.45
