,name,auc,mass,nu
0,Zprime_1500GeV_075,0.707345181715,1500.0,0.75
1,Zprime_1500GeV_015,0.811015232559,1500.0,0.15
2,Zprime_3000GeV_060,0.747629173386,3000.0,0.6
3,Zprime_1500GeV_030,0.796644330823,1500.0,0.3
4,Zprime_3000GeV_045,0.783202379543,3000.0,0.45
5,Zprime_2000GeV_045,0.782325473798,2000.0,0.45
6,Zprime_2500GeV_015,0.829863296862,2500.0,0.15
7,Zprime_3500GeV_060,0.750905992956,3500.0,0.6
8,Zprime_2500GeV_045,0.782491384832,2500.0,0.45
9,Zprime_2000GeV_075,0.713359964507,2000.0,0.75
10,Zprime_2500GeV_060,0.748499842701,2500.0,0.6
11,Zprime_4000GeV_075,0.708587292694,4000.0,0.75
12,Zprime_4000GeV_030,0.82587020437,4000.0,0.3
13,Zprime_4000GeV_015,0.848143407593,4000.0,0.15
14,Zprime_3000GeV_030,0.809280458608,3000.0,0.3
15,Zprime_1500GeV_045,0.767397827583,1500.0,0.45
16,Zprime_3000GeV_075,0.70724778822,3000.0,0.75
17,Zprime_1500GeV_060,0.743075441223,1500.0,0.6
18,Zprime_3000GeV_015,0.833684120756,3000.0,0.15
19,Zprime_3500GeV_015,0.838775770406,3500.0,0.15
20,Zprime_3500GeV_030,0.818070141124,3500.0,0.3
21,Zprime_2000GeV_030,0.80966130978,2000.0,0.3
22,Zprime_2000GeV_015,0.829016110804,2000.0,0.15
23,Zprime_3500GeV_075,0.707501664324,3500.0,0.75
24,Zprime_3500GeV_045,0.787084843631,3500.0,0.45
25,Zprime_2500GeV_030,0.808330467155,2500.0,0.3
26,Zprime_2000GeV_060,0.748322502615,2000.0,0.6
27,Zprime_4000GeV_060,0.755904911721,4000.0,0.6
28,Zprime_2500GeV_075,0.70454844612,2500.0,0.75
29,Zprime_4000GeV_045,0.793186505548,4000.0,0.45
