,name,auc,mass,nu
0,Zprime_1500GeV_075,0.795987902447,1500.0,0.75
1,Zprime_1500GeV_015,0.867887810264,1500.0,0.15
2,Zprime_3000GeV_060,0.801179452926,3000.0,0.6
3,Zprime_1500GeV_030,0.858045470936,1500.0,0.3
4,Zprime_3000GeV_045,0.831029601563,3000.0,0.45
5,Zprime_2000GeV_045,0.838415167683,2000.0,0.45
6,Zprime_2500GeV_015,0.870902247568,2500.0,0.15
7,Zprime_3500GeV_060,0.799446044384,3500.0,0.6
8,Zprime_2500GeV_045,0.832993600832,2500.0,0.45
9,Zprime_2000GeV_075,0.791397072729,2000.0,0.75
10,Zprime_2500GeV_060,0.806269903162,2500.0,0.6
11,Zprime_4000GeV_075,0.7589893046,4000.0,0.75
12,Zprime_4000GeV_030,0.855869538484,4000.0,0.3
13,Zprime_4000GeV_015,0.869323171493,4000.0,0.15
14,Zprime_3000GeV_030,0.852046759781,3000.0,0.3
15,Zprime_1500GeV_045,0.839106576797,1500.0,0.45
16,Zprime_3000GeV_075,0.769330234447,3000.0,0.75
17,Zprime_1500GeV_060,0.824107297211,1500.0,0.6
18,Zprime_3000GeV_015,0.870388928391,3000.0,0.15
19,Zprime_3500GeV_015,0.868816220942,3500.0,0.15
20,Zprime_3500GeV_030,0.854736319228,3500.0,0.3
21,Zprime_2000GeV_030,0.858691246726,2000.0,0.3
22,Zprime_2000GeV_015,0.871956383107,2000.0,0.15
23,Zprime_3500GeV_075,0.762610142358,3500.0,0.75
24,Zprime_3500GeV_045,0.827944646543,3500.0,0.45
25,Zprime_2500GeV_030,0.854206361029,2500.0,0.3
26,Zprime_2000GeV_060,0.815460184719,2000.0,0.6
27,Zprime_4000GeV_060,0.800520037264,4000.0,0.6
28,Zprime_2500GeV_075,0.776011738311,2500.0,0.75
29,Zprime_4000GeV_045,0.82866984774,4000.0,0.45
