,name,auc,mass,nu
0,Zprime_1500GeV_075,0.794244566141,1500.0,0.75
1,Zprime_1500GeV_015,0.866704583814,1500.0,0.15
2,Zprime_3000GeV_060,0.799946305235,3000.0,0.6
3,Zprime_1500GeV_030,0.855875728978,1500.0,0.3
4,Zprime_3000GeV_045,0.830681433488,3000.0,0.45
5,Zprime_2000GeV_045,0.836273793054,2000.0,0.45
6,Zprime_2500GeV_015,0.870324785325,2500.0,0.15
7,Zprime_3500GeV_060,0.799188490655,3500.0,0.6
8,Zprime_2500GeV_045,0.832176930091,2500.0,0.45
9,Zprime_2000GeV_075,0.790266821457,2000.0,0.75
10,Zprime_2500GeV_060,0.804777347197,2500.0,0.6
11,Zprime_4000GeV_075,0.756859704284,4000.0,0.75
12,Zprime_4000GeV_030,0.857147133284,4000.0,0.3
13,Zprime_4000GeV_015,0.870613939415,4000.0,0.15
14,Zprime_3000GeV_030,0.852210952499,3000.0,0.3
15,Zprime_1500GeV_045,0.836215505815,1500.0,0.45
16,Zprime_3000GeV_075,0.769178399486,3000.0,0.75
17,Zprime_1500GeV_060,0.82298789709,1500.0,0.6
18,Zprime_3000GeV_015,0.871191285892,3000.0,0.15
19,Zprime_3500GeV_015,0.870327222255,3500.0,0.15
20,Zprime_3500GeV_030,0.855341440735,3500.0,0.3
21,Zprime_2000GeV_030,0.857495744296,2000.0,0.3
22,Zprime_2000GeV_015,0.869557163703,2000.0,0.15
23,Zprime_3500GeV_075,0.762201106777,3500.0,0.75
24,Zprime_3500GeV_045,0.827525354164,3500.0,0.45
25,Zprime_2500GeV_030,0.853387108027,2500.0,0.3
26,Zprime_2000GeV_060,0.813365723392,2000.0,0.6
27,Zprime_4000GeV_060,0.799895971951,4000.0,0.6
28,Zprime_2500GeV_075,0.776194835848,2500.0,0.75
29,Zprime_4000GeV_045,0.828655143894,4000.0,0.45
