,name,auc,mass,nu
0,Zprime_1500GeV_075,0.729409456596,1500.0,0.75
1,Zprime_1500GeV_015,0.816446603143,1500.0,0.15
2,Zprime_3000GeV_060,0.760485524273,3000.0,0.6
3,Zprime_1500GeV_030,0.80015007321,1500.0,0.3
4,Zprime_3000GeV_045,0.795158105743,3000.0,0.45
5,Zprime_2000GeV_045,0.789632361731,2000.0,0.45
6,Zprime_2500GeV_015,0.830738762093,2500.0,0.15
7,Zprime_3500GeV_060,0.767852532766,3500.0,0.6
8,Zprime_2500GeV_045,0.78504679536,2500.0,0.45
9,Zprime_2000GeV_075,0.731841903097,2000.0,0.75
10,Zprime_2500GeV_060,0.755908863764,2500.0,0.6
11,Zprime_4000GeV_075,0.727660639989,4000.0,0.75
12,Zprime_4000GeV_030,0.850065996528,4000.0,0.3
13,Zprime_4000GeV_015,0.871967473652,4000.0,0.15
14,Zprime_3000GeV_030,0.822599040603,3000.0,0.3
15,Zprime_1500GeV_045,0.776239342208,1500.0,0.45
16,Zprime_3000GeV_075,0.724014314208,3000.0,0.75
17,Zprime_1500GeV_060,0.758466315204,1500.0,0.6
18,Zprime_3000GeV_015,0.848739559495,3000.0,0.15
19,Zprime_3500GeV_015,0.862383077255,3500.0,0.15
20,Zprime_3500GeV_030,0.839921352968,3500.0,0.3
21,Zprime_2000GeV_030,0.808179381695,2000.0,0.3
22,Zprime_2000GeV_015,0.827395829756,2000.0,0.15
23,Zprime_3500GeV_075,0.726525650304,3500.0,0.75
24,Zprime_3500GeV_045,0.806484488442,3500.0,0.45
25,Zprime_2500GeV_030,0.810394212852,2500.0,0.3
26,Zprime_2000GeV_060,0.760666953225,2000.0,0.6
27,Zprime_4000GeV_060,0.777019381811,4000.0,0.6
28,Zprime_2500GeV_075,0.719903848707,2500.0,0.75
29,Zprime_4000GeV_045,0.816972476912,4000.0,0.45
