,name,auc,mass,nu
0,Zprime_1500GeV_075,0.804283603904,1500.0,0.75
1,Zprime_1500GeV_015,0.876202950384,1500.0,0.15
2,Zprime_3000GeV_060,0.813678508931,3000.0,0.6
3,Zprime_1500GeV_030,0.865006911822,1500.0,0.3
4,Zprime_3000GeV_045,0.841655501687,3000.0,0.45
5,Zprime_2000GeV_045,0.850641154354,2000.0,0.45
6,Zprime_2500GeV_015,0.877747247165,2500.0,0.15
7,Zprime_3500GeV_060,0.812400640359,3500.0,0.6
8,Zprime_2500GeV_045,0.843769312203,2500.0,0.45
9,Zprime_2000GeV_075,0.805064577262,2000.0,0.75
10,Zprime_2500GeV_060,0.819926734129,2500.0,0.6
11,Zprime_4000GeV_075,0.773795386992,4000.0,0.75
12,Zprime_4000GeV_030,0.870855998525,4000.0,0.3
13,Zprime_4000GeV_015,0.885219259205,4000.0,0.15
14,Zprime_3000GeV_030,0.862542866456,3000.0,0.3
15,Zprime_1500GeV_045,0.850899413056,1500.0,0.45
16,Zprime_3000GeV_075,0.784394680495,3000.0,0.75
17,Zprime_1500GeV_060,0.832161668373,1500.0,0.6
18,Zprime_3000GeV_015,0.87910788453,3000.0,0.15
19,Zprime_3500GeV_015,0.882122863716,3500.0,0.15
20,Zprime_3500GeV_030,0.866200847425,3500.0,0.3
21,Zprime_2000GeV_030,0.868731425466,2000.0,0.3
22,Zprime_2000GeV_015,0.881304698708,2000.0,0.15
23,Zprime_3500GeV_075,0.779277688513,3500.0,0.75
24,Zprime_3500GeV_045,0.842769255676,3500.0,0.45
25,Zprime_2500GeV_030,0.862976482031,2500.0,0.3
26,Zprime_2000GeV_060,0.827672586922,2000.0,0.6
27,Zprime_4000GeV_060,0.813642861155,4000.0,0.6
28,Zprime_2500GeV_075,0.791277654085,2500.0,0.75
29,Zprime_4000GeV_045,0.844728553238,4000.0,0.45
