,name,auc,mass,nu
0,Zprime_1500GeV_075,0.789766090342,1500.0,0.75
1,Zprime_1500GeV_015,0.862820272907,1500.0,0.15
2,Zprime_3000GeV_060,0.796817091036,3000.0,0.6
3,Zprime_1500GeV_030,0.852289972167,1500.0,0.3
4,Zprime_3000GeV_045,0.824383151925,3000.0,0.45
5,Zprime_2000GeV_045,0.833086000086,2000.0,0.45
6,Zprime_2500GeV_015,0.862047963663,2500.0,0.15
7,Zprime_3500GeV_060,0.795758567875,3500.0,0.6
8,Zprime_2500GeV_045,0.826773536219,2500.0,0.45
9,Zprime_2000GeV_075,0.788083036428,2000.0,0.75
10,Zprime_2500GeV_060,0.802253160752,2500.0,0.6
11,Zprime_4000GeV_075,0.756985689174,4000.0,0.75
12,Zprime_4000GeV_030,0.851262586906,4000.0,0.3
13,Zprime_4000GeV_015,0.86521256786,4000.0,0.15
14,Zprime_3000GeV_030,0.84427009227,3000.0,0.3
15,Zprime_1500GeV_045,0.832590920293,1500.0,0.45
16,Zprime_3000GeV_075,0.767510879223,3000.0,0.75
17,Zprime_1500GeV_060,0.817586156412,1500.0,0.6
18,Zprime_3000GeV_015,0.861514996991,3000.0,0.15
19,Zprime_3500GeV_015,0.861632799848,3500.0,0.15
20,Zprime_3500GeV_030,0.848145979207,3500.0,0.3
21,Zprime_2000GeV_030,0.852354337477,2000.0,0.3
22,Zprime_2000GeV_015,0.863122709703,2000.0,0.15
23,Zprime_3500GeV_075,0.762036051768,3500.0,0.75
24,Zprime_3500GeV_045,0.822265683182,3500.0,0.45
25,Zprime_2500GeV_030,0.846543136727,2500.0,0.3
26,Zprime_2000GeV_060,0.811074809344,2000.0,0.6
27,Zprime_4000GeV_060,0.796952835696,4000.0,0.6
28,Zprime_2500GeV_075,0.773170858567,2500.0,0.75
29,Zprime_4000GeV_045,0.825195852354,4000.0,0.45
