,name,auc,mass,nu
0,Zprime_1500GeV_075,0.801012725159,1500.0,0.75
1,Zprime_1500GeV_015,0.8771338176,1500.0,0.15
2,Zprime_3000GeV_060,0.810418079285,3000.0,0.6
3,Zprime_1500GeV_030,0.86865549251,1500.0,0.3
4,Zprime_3000GeV_045,0.842458220565,3000.0,0.45
5,Zprime_2000GeV_045,0.848377119413,2000.0,0.45
6,Zprime_2500GeV_015,0.885677102188,2500.0,0.15
7,Zprime_3500GeV_060,0.808319370047,3500.0,0.6
8,Zprime_2500GeV_045,0.844121947062,2500.0,0.45
9,Zprime_2000GeV_075,0.797741469372,2000.0,0.75
10,Zprime_2500GeV_060,0.815269094937,2500.0,0.6
11,Zprime_4000GeV_075,0.762583128369,4000.0,0.75
12,Zprime_4000GeV_030,0.871708162011,4000.0,0.3
13,Zprime_4000GeV_015,0.886417886422,4000.0,0.15
14,Zprime_3000GeV_030,0.864849558898,3000.0,0.3
15,Zprime_1500GeV_045,0.847717584086,1500.0,0.45
16,Zprime_3000GeV_075,0.775209149388,3000.0,0.75
17,Zprime_1500GeV_060,0.827263881259,1500.0,0.6
18,Zprime_3000GeV_015,0.88456629071,3000.0,0.15
19,Zprime_3500GeV_015,0.886299015485,3500.0,0.15
20,Zprime_3500GeV_030,0.869926766043,3500.0,0.3
21,Zprime_2000GeV_030,0.870560276255,2000.0,0.3
22,Zprime_2000GeV_015,0.885370184069,2000.0,0.15
23,Zprime_3500GeV_075,0.768468743486,3500.0,0.75
24,Zprime_3500GeV_045,0.840485247506,3500.0,0.45
25,Zprime_2500GeV_030,0.866983067045,2500.0,0.3
26,Zprime_2000GeV_060,0.822905499282,2000.0,0.6
27,Zprime_4000GeV_060,0.808921768764,4000.0,0.6
28,Zprime_2500GeV_075,0.783115467347,2500.0,0.75
29,Zprime_4000GeV_045,0.841497584288,4000.0,0.45
