,name,auc,mass,nu
0,Zprime_1500GeV_075,0.800286558753,1500.0,0.75
1,Zprime_1500GeV_015,0.875223972604,1500.0,0.15
2,Zprime_3000GeV_060,0.812409278029,3000.0,0.6
3,Zprime_1500GeV_030,0.86460768993,1500.0,0.3
4,Zprime_3000GeV_045,0.845231993446,3000.0,0.45
5,Zprime_2000GeV_045,0.84959180471,2000.0,0.45
6,Zprime_2500GeV_015,0.888296409876,2500.0,0.15
7,Zprime_3500GeV_060,0.810498605409,3500.0,0.6
8,Zprime_2500GeV_045,0.846504789482,2500.0,0.45
9,Zprime_2000GeV_075,0.795514446763,2000.0,0.75
10,Zprime_2500GeV_060,0.817272503794,2500.0,0.6
11,Zprime_4000GeV_075,0.766149066132,4000.0,0.75
12,Zprime_4000GeV_030,0.870807834554,4000.0,0.3
13,Zprime_4000GeV_015,0.884421747757,4000.0,0.15
14,Zprime_3000GeV_030,0.867108440056,3000.0,0.3
15,Zprime_1500GeV_045,0.847191814253,1500.0,0.45
16,Zprime_3000GeV_075,0.778209858661,3000.0,0.75
17,Zprime_1500GeV_060,0.826708258881,1500.0,0.6
18,Zprime_3000GeV_015,0.886857833765,3000.0,0.15
19,Zprime_3500GeV_015,0.885507050652,3500.0,0.15
20,Zprime_3500GeV_030,0.870616812555,3500.0,0.3
21,Zprime_2000GeV_030,0.871396644042,2000.0,0.3
22,Zprime_2000GeV_015,0.886730582195,2000.0,0.15
23,Zprime_3500GeV_075,0.771315548705,3500.0,0.75
24,Zprime_3500GeV_045,0.841864875137,3500.0,0.45
25,Zprime_2500GeV_030,0.869489087031,2500.0,0.3
26,Zprime_2000GeV_060,0.823708077156,2000.0,0.6
27,Zprime_4000GeV_060,0.810287190791,4000.0,0.6
28,Zprime_2500GeV_075,0.7836826862,2500.0,0.75
29,Zprime_4000GeV_045,0.841844188125,4000.0,0.45
