,name,auc,mass,nu
0,Zprime_1500GeV_075,0.732473354997,1500.0,0.75
1,Zprime_1500GeV_015,0.824826899776,1500.0,0.15
2,Zprime_3000GeV_060,0.757681096778,3000.0,0.6
3,Zprime_1500GeV_030,0.808514297274,1500.0,0.3
4,Zprime_3000GeV_045,0.790277202959,3000.0,0.45
5,Zprime_2000GeV_045,0.78868345264,2000.0,0.45
6,Zprime_2500GeV_015,0.832470494938,2500.0,0.15
7,Zprime_3500GeV_060,0.759938091449,3500.0,0.6
8,Zprime_2500GeV_045,0.788072869904,2500.0,0.45
9,Zprime_2000GeV_075,0.73348724775,2000.0,0.75
10,Zprime_2500GeV_060,0.758974448717,2500.0,0.6
11,Zprime_4000GeV_075,0.718406010479,4000.0,0.75
12,Zprime_4000GeV_030,0.827113365407,4000.0,0.3
13,Zprime_4000GeV_015,0.846391704233,4000.0,0.15
14,Zprime_3000GeV_030,0.815301254243,3000.0,0.3
15,Zprime_1500GeV_045,0.783808859229,1500.0,0.45
16,Zprime_3000GeV_075,0.723174085175,3000.0,0.75
17,Zprime_1500GeV_060,0.764351152209,1500.0,0.6
18,Zprime_3000GeV_015,0.838378208025,3000.0,0.15
19,Zprime_3500GeV_015,0.840425398175,3500.0,0.15
20,Zprime_3500GeV_030,0.82259117987,3500.0,0.3
21,Zprime_2000GeV_030,0.813794091673,2000.0,0.3
22,Zprime_2000GeV_015,0.830227635328,2000.0,0.15
23,Zprime_3500GeV_075,0.72118753426,3500.0,0.75
24,Zprime_3500GeV_045,0.791112649019,3500.0,0.45
25,Zprime_2500GeV_030,0.813349810415,2500.0,0.3
26,Zprime_2000GeV_060,0.76046343409,2000.0,0.6
27,Zprime_4000GeV_060,0.762654304083,4000.0,0.6
28,Zprime_2500GeV_075,0.722226358445,2500.0,0.75
29,Zprime_4000GeV_045,0.794903261249,4000.0,0.45
