,name,auc,mass,nu
0,Zprime_1500GeV_075,0.756951317961,1500.0,0.75
1,Zprime_1500GeV_015,0.838358356726,1500.0,0.15
2,Zprime_3000GeV_060,0.78386659312,3000.0,0.6
3,Zprime_1500GeV_030,0.824648143777,1500.0,0.3
4,Zprime_3000GeV_045,0.815079313173,3000.0,0.45
5,Zprime_2000GeV_045,0.814326558759,2000.0,0.45
6,Zprime_2500GeV_015,0.853937197653,2500.0,0.15
7,Zprime_3500GeV_060,0.783785188908,3500.0,0.6
8,Zprime_2500GeV_045,0.814204287281,2500.0,0.45
9,Zprime_2000GeV_075,0.760656191521,2000.0,0.75
10,Zprime_2500GeV_060,0.785874019144,2500.0,0.6
11,Zprime_4000GeV_075,0.738559669066,4000.0,0.75
12,Zprime_4000GeV_030,0.844954525365,4000.0,0.3
13,Zprime_4000GeV_015,0.860810819107,4000.0,0.15
14,Zprime_3000GeV_030,0.83646343691,3000.0,0.3
15,Zprime_1500GeV_045,0.804120829106,1500.0,0.45
16,Zprime_3000GeV_075,0.74619828718,3000.0,0.75
17,Zprime_1500GeV_060,0.786664208137,1500.0,0.6
18,Zprime_3000GeV_015,0.855468014995,3000.0,0.15
19,Zprime_3500GeV_015,0.857026028534,3500.0,0.15
20,Zprime_3500GeV_030,0.841111725873,3500.0,0.3
21,Zprime_2000GeV_030,0.836434053919,2000.0,0.3
22,Zprime_2000GeV_015,0.85121889545,2000.0,0.15
23,Zprime_3500GeV_075,0.743388881285,3500.0,0.75
24,Zprime_3500GeV_045,0.814710131151,3500.0,0.45
25,Zprime_2500GeV_030,0.836568278853,2500.0,0.3
26,Zprime_2000GeV_060,0.787267234837,2000.0,0.6
27,Zprime_4000GeV_060,0.786143410173,4000.0,0.6
28,Zprime_2500GeV_075,0.749180020442,2500.0,0.75
29,Zprime_4000GeV_045,0.817280504331,4000.0,0.45
