,name,auc,mass,nu
0,Zprime_1500GeV_075,0.797052204411,1500.0,0.75
1,Zprime_1500GeV_015,0.870188291612,1500.0,0.15
2,Zprime_3000GeV_060,0.80730172399,3000.0,0.6
3,Zprime_1500GeV_030,0.862082220553,1500.0,0.3
4,Zprime_3000GeV_045,0.838534696541,3000.0,0.45
5,Zprime_2000GeV_045,0.844625543152,2000.0,0.45
6,Zprime_2500GeV_015,0.878835997479,2500.0,0.15
7,Zprime_3500GeV_060,0.806380634608,3500.0,0.6
8,Zprime_2500GeV_045,0.839866893647,2500.0,0.45
9,Zprime_2000GeV_075,0.795127578845,2000.0,0.75
10,Zprime_2500GeV_060,0.812149488201,2500.0,0.6
11,Zprime_4000GeV_075,0.765291761316,4000.0,0.75
12,Zprime_4000GeV_030,0.865789856035,4000.0,0.3
13,Zprime_4000GeV_015,0.880992211848,4000.0,0.15
14,Zprime_3000GeV_030,0.859921182509,3000.0,0.3
15,Zprime_1500GeV_045,0.842359357484,1500.0,0.45
16,Zprime_3000GeV_075,0.776495913616,3000.0,0.75
17,Zprime_1500GeV_060,0.825429752829,1500.0,0.6
18,Zprime_3000GeV_015,0.879557366367,3000.0,0.15
19,Zprime_3500GeV_015,0.878778599054,3500.0,0.15
20,Zprime_3500GeV_030,0.863445154625,3500.0,0.3
21,Zprime_2000GeV_030,0.865419716844,2000.0,0.3
22,Zprime_2000GeV_015,0.878803218789,2000.0,0.15
23,Zprime_3500GeV_075,0.769374671872,3500.0,0.75
24,Zprime_3500GeV_045,0.836802913472,3500.0,0.45
25,Zprime_2500GeV_030,0.861077485707,2500.0,0.3
26,Zprime_2000GeV_060,0.820384043834,2000.0,0.6
27,Zprime_4000GeV_060,0.807185426641,4000.0,0.6
28,Zprime_2500GeV_075,0.782359102782,2500.0,0.75
29,Zprime_4000GeV_045,0.837574253287,4000.0,0.45
