,name,auc,mass,nu
0,Zprime_1500GeV_075,0.647153961998,1500.0,0.75
1,Zprime_1500GeV_015,0.739843641134,1500.0,0.15
2,Zprime_3000GeV_060,0.704024290497,3000.0,0.6
3,Zprime_1500GeV_030,0.724634085789,1500.0,0.3
4,Zprime_3000GeV_045,0.740359602082,3000.0,0.45
5,Zprime_2000GeV_045,0.720032599817,2000.0,0.45
6,Zprime_2500GeV_015,0.776270847423,2500.0,0.15
7,Zprime_3500GeV_060,0.710338646191,3500.0,0.6
8,Zprime_2500GeV_045,0.726183827381,2500.0,0.45
9,Zprime_2000GeV_075,0.654244064961,2000.0,0.75
10,Zprime_2500GeV_060,0.694136774048,2500.0,0.6
11,Zprime_4000GeV_075,0.669845135964,4000.0,0.75
12,Zprime_4000GeV_030,0.797224343916,4000.0,0.3
13,Zprime_4000GeV_015,0.819897225445,4000.0,0.15
14,Zprime_3000GeV_030,0.768621151182,3000.0,0.3
15,Zprime_1500GeV_045,0.685898095773,1500.0,0.45
16,Zprime_3000GeV_075,0.660509610019,3000.0,0.75
17,Zprime_1500GeV_060,0.675327529476,1500.0,0.6
18,Zprime_3000GeV_015,0.795505926548,3000.0,0.15
19,Zprime_3500GeV_015,0.809979977839,3500.0,0.15
20,Zprime_3500GeV_030,0.786378549575,3500.0,0.3
21,Zprime_2000GeV_030,0.743052119798,2000.0,0.3
22,Zprime_2000GeV_015,0.762698187512,2000.0,0.15
23,Zprime_3500GeV_075,0.6678074717,3500.0,0.75
24,Zprime_3500GeV_045,0.753303243857,3500.0,0.45
25,Zprime_2500GeV_030,0.753502441694,2500.0,0.3
26,Zprime_2000GeV_060,0.688205501782,2000.0,0.6
27,Zprime_4000GeV_060,0.723461563555,4000.0,0.6
28,Zprime_2500GeV_075,0.651741507356,2500.0,0.75
29,Zprime_4000GeV_045,0.762987577338,4000.0,0.45
