,name,auc,mass,nu
0,Zprime_1500GeV_075,0.744265158098,1500.0,0.75
1,Zprime_1500GeV_015,0.835033325298,1500.0,0.15
2,Zprime_3000GeV_060,0.765620328801,3000.0,0.6
3,Zprime_1500GeV_030,0.819105613832,1500.0,0.3
4,Zprime_3000GeV_045,0.797258948163,3000.0,0.45
5,Zprime_2000GeV_045,0.800427420572,2000.0,0.45
6,Zprime_2500GeV_015,0.841275575783,2500.0,0.15
7,Zprime_3500GeV_060,0.766378987004,3500.0,0.6
8,Zprime_2500GeV_045,0.798479048585,2500.0,0.45
9,Zprime_2000GeV_075,0.743323116007,2000.0,0.75
10,Zprime_2500GeV_060,0.769395763565,2500.0,0.6
11,Zprime_4000GeV_075,0.724881715405,4000.0,0.75
12,Zprime_4000GeV_030,0.829555196294,4000.0,0.3
13,Zprime_4000GeV_015,0.84694017965,4000.0,0.15
14,Zprime_3000GeV_030,0.821186915521,3000.0,0.3
15,Zprime_1500GeV_045,0.793620237872,1500.0,0.45
16,Zprime_3000GeV_075,0.731244608267,3000.0,0.75
17,Zprime_1500GeV_060,0.777631269535,1500.0,0.6
18,Zprime_3000GeV_015,0.84284476091,3000.0,0.15
19,Zprime_3500GeV_015,0.841781336472,3500.0,0.15
20,Zprime_3500GeV_030,0.825103308028,3500.0,0.3
21,Zprime_2000GeV_030,0.823887861257,2000.0,0.3
22,Zprime_2000GeV_015,0.84037767958,2000.0,0.15
23,Zprime_3500GeV_075,0.728907756185,3500.0,0.75
24,Zprime_3500GeV_045,0.796704966567,3500.0,0.45
25,Zprime_2500GeV_030,0.821835298467,2500.0,0.3
26,Zprime_2000GeV_060,0.772776767828,2000.0,0.6
27,Zprime_4000GeV_060,0.77036013976,4000.0,0.6
28,Zprime_2500GeV_075,0.732978091471,2500.0,0.75
29,Zprime_4000GeV_045,0.799110508085,4000.0,0.45
