,name,auc,mass,nu
0,Zprime_1500GeV_075,0.786673996517,1500.0,0.75
1,Zprime_1500GeV_015,0.866557970016,1500.0,0.15
2,Zprime_3000GeV_060,0.808025543973,3000.0,0.6
3,Zprime_1500GeV_030,0.85462569457,1500.0,0.3
4,Zprime_3000GeV_045,0.844717331518,3000.0,0.45
5,Zprime_2000GeV_045,0.841068482711,2000.0,0.45
6,Zprime_2500GeV_015,0.888234576489,2500.0,0.15
7,Zprime_3500GeV_060,0.808295681196,3500.0,0.6
8,Zprime_2500GeV_045,0.843457582878,2500.0,0.45
9,Zprime_2000GeV_075,0.782469712567,2000.0,0.75
10,Zprime_2500GeV_060,0.809607059724,2500.0,0.6
11,Zprime_4000GeV_075,0.757844647911,4000.0,0.75
12,Zprime_4000GeV_030,0.875837410635,4000.0,0.3
13,Zprime_4000GeV_015,0.890656208797,4000.0,0.15
14,Zprime_3000GeV_030,0.869305463233,3000.0,0.3
15,Zprime_1500GeV_045,0.834760618326,1500.0,0.45
16,Zprime_3000GeV_075,0.767752929966,3000.0,0.75
17,Zprime_1500GeV_060,0.814859233609,1500.0,0.6
18,Zprime_3000GeV_015,0.890945315983,3000.0,0.15
19,Zprime_3500GeV_015,0.892475916175,3500.0,0.15
20,Zprime_3500GeV_030,0.875061711499,3500.0,0.3
21,Zprime_2000GeV_030,0.865454891142,2000.0,0.3
22,Zprime_2000GeV_015,0.883217192142,2000.0,0.15
23,Zprime_3500GeV_075,0.763301001082,3500.0,0.75
24,Zprime_3500GeV_045,0.84389519528,3500.0,0.45
25,Zprime_2500GeV_030,0.868452472458,2500.0,0.3
26,Zprime_2000GeV_060,0.812260734112,2000.0,0.6
27,Zprime_4000GeV_060,0.808519715829,4000.0,0.6
28,Zprime_2500GeV_075,0.771175296242,2500.0,0.75
29,Zprime_4000GeV_045,0.844843049605,4000.0,0.45
