,name,auc,mass,nu
0,Zprime_1500GeV_075,0.740156601551,1500.0,0.75
1,Zprime_1500GeV_015,0.832534510131,1500.0,0.15
2,Zprime_3000GeV_060,0.761911108037,3000.0,0.6
3,Zprime_1500GeV_030,0.820287111894,1500.0,0.3
4,Zprime_3000GeV_045,0.793684065229,3000.0,0.45
5,Zprime_2000GeV_045,0.799862038735,2000.0,0.45
6,Zprime_2500GeV_015,0.837967733494,2500.0,0.15
7,Zprime_3500GeV_060,0.763502813354,3500.0,0.6
8,Zprime_2500GeV_045,0.795482889382,2500.0,0.45
9,Zprime_2000GeV_075,0.742942090629,2000.0,0.75
10,Zprime_2500GeV_060,0.764894292186,2500.0,0.6
11,Zprime_4000GeV_075,0.720488212461,4000.0,0.75
12,Zprime_4000GeV_030,0.824771755536,4000.0,0.3
13,Zprime_4000GeV_015,0.842984479627,4000.0,0.15
14,Zprime_3000GeV_030,0.816757372314,3000.0,0.3
15,Zprime_1500GeV_045,0.793524785747,1500.0,0.45
16,Zprime_3000GeV_075,0.727113203839,3000.0,0.75
17,Zprime_1500GeV_060,0.773444601873,1500.0,0.6
18,Zprime_3000GeV_015,0.837124511217,3000.0,0.15
19,Zprime_3500GeV_015,0.837030246655,3500.0,0.15
20,Zprime_3500GeV_030,0.821328025725,3500.0,0.3
21,Zprime_2000GeV_030,0.824568436322,2000.0,0.3
22,Zprime_2000GeV_015,0.841319014495,2000.0,0.15
23,Zprime_3500GeV_075,0.723999120736,3500.0,0.75
24,Zprime_3500GeV_045,0.791648042427,3500.0,0.45
25,Zprime_2500GeV_030,0.81957690332,2500.0,0.3
26,Zprime_2000GeV_060,0.770962478937,2000.0,0.6
27,Zprime_4000GeV_060,0.764158374322,4000.0,0.6
28,Zprime_2500GeV_075,0.729337955819,2500.0,0.75
29,Zprime_4000GeV_045,0.793863564708,4000.0,0.45
