,name,auc,mass,nu
0,Zprime_1500GeV_075,0.730852190131,1500.0,0.75
1,Zprime_1500GeV_015,0.827405355856,1500.0,0.15
2,Zprime_3000GeV_060,0.756146998788,3000.0,0.6
3,Zprime_1500GeV_030,0.812210039046,1500.0,0.3
4,Zprime_3000GeV_045,0.785226780357,3000.0,0.45
5,Zprime_2000GeV_045,0.795457823257,2000.0,0.45
6,Zprime_2500GeV_015,0.829864682442,2500.0,0.15
7,Zprime_3500GeV_060,0.754531040282,3500.0,0.6
8,Zprime_2500GeV_045,0.789738840733,2500.0,0.45
9,Zprime_2000GeV_075,0.736166291175,2000.0,0.75
10,Zprime_2500GeV_060,0.762211725621,2500.0,0.6
11,Zprime_4000GeV_075,0.715980999645,4000.0,0.75
12,Zprime_4000GeV_030,0.811025985854,4000.0,0.3
13,Zprime_4000GeV_015,0.82882291332,4000.0,0.15
14,Zprime_3000GeV_030,0.806804179994,3000.0,0.3
15,Zprime_1500GeV_045,0.784866332498,1500.0,0.45
16,Zprime_3000GeV_075,0.724301581855,3000.0,0.75
17,Zprime_1500GeV_060,0.765480343129,1500.0,0.6
18,Zprime_3000GeV_015,0.826531056728,3000.0,0.15
19,Zprime_3500GeV_015,0.824740499721,3500.0,0.15
20,Zprime_3500GeV_030,0.809109361225,3500.0,0.3
21,Zprime_2000GeV_030,0.819172577207,2000.0,0.3
22,Zprime_2000GeV_015,0.836070334292,2000.0,0.15
23,Zprime_3500GeV_075,0.719727935902,3500.0,0.75
24,Zprime_3500GeV_045,0.784269129704,3500.0,0.45
25,Zprime_2500GeV_030,0.811202501312,2500.0,0.3
26,Zprime_2000GeV_060,0.765623116327,2000.0,0.6
27,Zprime_4000GeV_060,0.755254073598,4000.0,0.6
28,Zprime_2500GeV_075,0.724614185799,2500.0,0.75
29,Zprime_4000GeV_045,0.784481887751,4000.0,0.45
