,name,auc,mass,nu
0,Zprime_1500GeV_075,0.797653632584,1500.0,0.75
1,Zprime_1500GeV_015,0.867896705828,1500.0,0.15
2,Zprime_3000GeV_060,0.804461097447,3000.0,0.6
3,Zprime_1500GeV_030,0.858339490401,1500.0,0.3
4,Zprime_3000GeV_045,0.832508625906,3000.0,0.45
5,Zprime_2000GeV_045,0.840698608561,2000.0,0.45
6,Zprime_2500GeV_015,0.870210970236,2500.0,0.15
7,Zprime_3500GeV_060,0.802255609119,3500.0,0.6
8,Zprime_2500GeV_045,0.834772028073,2500.0,0.45
9,Zprime_2000GeV_075,0.795087691112,2000.0,0.75
10,Zprime_2500GeV_060,0.80949010702,2500.0,0.6
11,Zprime_4000GeV_075,0.763223941132,4000.0,0.75
12,Zprime_4000GeV_030,0.857245747694,4000.0,0.3
13,Zprime_4000GeV_015,0.868954768964,4000.0,0.15
14,Zprime_3000GeV_030,0.852205292464,3000.0,0.3
15,Zprime_1500GeV_045,0.83910443887,1500.0,0.45
16,Zprime_3000GeV_075,0.774801593306,3000.0,0.75
17,Zprime_1500GeV_060,0.824767881749,1500.0,0.6
18,Zprime_3000GeV_015,0.869855671606,3000.0,0.15
19,Zprime_3500GeV_015,0.869047731157,3500.0,0.15
20,Zprime_3500GeV_030,0.855572907112,3500.0,0.3
21,Zprime_2000GeV_030,0.860404491494,2000.0,0.3
22,Zprime_2000GeV_015,0.871824287567,2000.0,0.15
23,Zprime_3500GeV_075,0.767481130414,3500.0,0.75
24,Zprime_3500GeV_045,0.828912101122,3500.0,0.45
25,Zprime_2500GeV_030,0.854740075632,2500.0,0.3
26,Zprime_2000GeV_060,0.818718420274,2000.0,0.6
27,Zprime_4000GeV_060,0.802347390184,4000.0,0.6
28,Zprime_2500GeV_075,0.780775729879,2500.0,0.75
29,Zprime_4000GeV_045,0.830467851266,4000.0,0.45
