,name,auc,mass,nu
0,Zprime_1500GeV_075,0.783314780979,1500.0,0.75
1,Zprime_1500GeV_015,0.854694247818,1500.0,0.15
2,Zprime_3000GeV_060,0.798824356194,3000.0,0.6
3,Zprime_1500GeV_030,0.839565282992,1500.0,0.3
4,Zprime_3000GeV_045,0.822546065921,3000.0,0.45
5,Zprime_2000GeV_045,0.83452969896,2000.0,0.45
6,Zprime_2500GeV_015,0.85858106893,2500.0,0.15
7,Zprime_3500GeV_060,0.794451562645,3500.0,0.6
8,Zprime_2500GeV_045,0.826120483138,2500.0,0.45
9,Zprime_2000GeV_075,0.788540001023,2000.0,0.75
10,Zprime_2500GeV_060,0.801552634915,2500.0,0.6
11,Zprime_4000GeV_075,0.763100169699,4000.0,0.75
12,Zprime_4000GeV_030,0.851438876042,4000.0,0.3
13,Zprime_4000GeV_015,0.863148746748,4000.0,0.15
14,Zprime_3000GeV_030,0.842763687862,3000.0,0.3
15,Zprime_1500GeV_045,0.820952697842,1500.0,0.45
16,Zprime_3000GeV_075,0.770790603432,3000.0,0.75
17,Zprime_1500GeV_060,0.806285172329,1500.0,0.6
18,Zprime_3000GeV_015,0.861035628169,3000.0,0.15
19,Zprime_3500GeV_015,0.86307088054,3500.0,0.15
20,Zprime_3500GeV_030,0.847404179061,3500.0,0.3
21,Zprime_2000GeV_030,0.85199770846,2000.0,0.3
22,Zprime_2000GeV_015,0.864634213284,2000.0,0.15
23,Zprime_3500GeV_075,0.767482928374,3500.0,0.75
24,Zprime_3500GeV_045,0.823709563022,3500.0,0.45
25,Zprime_2500GeV_030,0.843817213893,2500.0,0.3
26,Zprime_2000GeV_060,0.809798937458,2000.0,0.6
27,Zprime_4000GeV_060,0.796283281019,4000.0,0.6
28,Zprime_2500GeV_075,0.776605533933,2500.0,0.75
29,Zprime_4000GeV_045,0.825698259177,4000.0,0.45
