,name,auc,mass,nu
0,Zprime_1500GeV_075,0.762374281541,1500.0,0.75
1,Zprime_1500GeV_015,0.836089964611,1500.0,0.15
2,Zprime_3000GeV_060,0.766457270805,3000.0,0.6
3,Zprime_1500GeV_030,0.824995913592,1500.0,0.3
4,Zprime_3000GeV_045,0.795725064502,3000.0,0.45
5,Zprime_2000GeV_045,0.79855631733,2000.0,0.45
6,Zprime_2500GeV_015,0.832782063443,2500.0,0.15
7,Zprime_3500GeV_060,0.770034177588,3500.0,0.6
8,Zprime_2500GeV_045,0.793371136977,2500.0,0.45
9,Zprime_2000GeV_075,0.75435758075,2000.0,0.75
10,Zprime_2500GeV_060,0.767439353805,2500.0,0.6
11,Zprime_4000GeV_075,0.735089107405,4000.0,0.75
12,Zprime_4000GeV_030,0.833072721473,4000.0,0.3
13,Zprime_4000GeV_015,0.854199620346,4000.0,0.15
14,Zprime_3000GeV_030,0.81863202891,3000.0,0.3
15,Zprime_1500GeV_045,0.802722613815,1500.0,0.45
16,Zprime_3000GeV_075,0.73470441989,3000.0,0.75
17,Zprime_1500GeV_060,0.787673009302,1500.0,0.6
18,Zprime_3000GeV_015,0.840495273193,3000.0,0.15
19,Zprime_3500GeV_015,0.845311989896,3500.0,0.15
20,Zprime_3500GeV_030,0.827408357983,3500.0,0.3
21,Zprime_2000GeV_030,0.819485473216,2000.0,0.3
22,Zprime_2000GeV_015,0.83378639125,2000.0,0.15
23,Zprime_3500GeV_075,0.733304758369,3500.0,0.75
24,Zprime_3500GeV_045,0.799997179467,3500.0,0.45
25,Zprime_2500GeV_030,0.815011361382,2500.0,0.3
26,Zprime_2000GeV_060,0.775650533689,2000.0,0.6
27,Zprime_4000GeV_060,0.774299296451,4000.0,0.6
28,Zprime_2500GeV_075,0.736355845082,2500.0,0.75
29,Zprime_4000GeV_045,0.804296158209,4000.0,0.45
