,name,auc,mass,nu
0,Zprime_1500GeV_075,0.789701841967,1500.0,0.75
1,Zprime_1500GeV_015,0.868548201103,1500.0,0.15
2,Zprime_3000GeV_060,0.804630657937,3000.0,0.6
3,Zprime_1500GeV_030,0.859762293792,1500.0,0.3
4,Zprime_3000GeV_045,0.83495049253,3000.0,0.45
5,Zprime_2000GeV_045,0.84287396284,2000.0,0.45
6,Zprime_2500GeV_015,0.874326224222,2500.0,0.15
7,Zprime_3500GeV_060,0.802476009369,3500.0,0.6
8,Zprime_2500GeV_045,0.837106789588,2500.0,0.45
9,Zprime_2000GeV_075,0.792146372754,2000.0,0.75
10,Zprime_2500GeV_060,0.81054059179,2500.0,0.6
11,Zprime_4000GeV_075,0.760034388503,4000.0,0.75
12,Zprime_4000GeV_030,0.860313470916,4000.0,0.3
13,Zprime_4000GeV_015,0.875529680309,4000.0,0.15
14,Zprime_3000GeV_030,0.855716674357,3000.0,0.3
15,Zprime_1500GeV_045,0.837241058815,1500.0,0.45
16,Zprime_3000GeV_075,0.773526040097,3000.0,0.75
17,Zprime_1500GeV_060,0.822174159601,1500.0,0.6
18,Zprime_3000GeV_015,0.873754944218,3000.0,0.15
19,Zprime_3500GeV_015,0.872403487657,3500.0,0.15
20,Zprime_3500GeV_030,0.858798084343,3500.0,0.3
21,Zprime_2000GeV_030,0.862612487079,2000.0,0.3
22,Zprime_2000GeV_015,0.876575190436,2000.0,0.15
23,Zprime_3500GeV_075,0.76668645857,3500.0,0.75
24,Zprime_3500GeV_045,0.832741767234,3500.0,0.45
25,Zprime_2500GeV_030,0.858021490453,2500.0,0.3
26,Zprime_2000GeV_060,0.817336659119,2000.0,0.6
27,Zprime_4000GeV_060,0.802433670927,4000.0,0.6
28,Zprime_2500GeV_075,0.778884081333,2500.0,0.75
29,Zprime_4000GeV_045,0.83403727189,4000.0,0.45
