,name,auc,mass,nu
0,Zprime_1500GeV_075,0.781864391455,1500.0,0.75
1,Zprime_1500GeV_015,0.855989923515,1500.0,0.15
2,Zprime_3000GeV_060,0.801722380098,3000.0,0.6
3,Zprime_1500GeV_030,0.843392349606,1500.0,0.3
4,Zprime_3000GeV_045,0.823787232406,3000.0,0.45
5,Zprime_2000GeV_045,0.845384113824,2000.0,0.45
6,Zprime_2500GeV_015,0.864854459344,2500.0,0.15
7,Zprime_3500GeV_060,0.791971476744,3500.0,0.6
8,Zprime_2500GeV_045,0.83228714684,2500.0,0.45
9,Zprime_2000GeV_075,0.794251693531,2000.0,0.75
10,Zprime_2500GeV_060,0.810507750578,2500.0,0.6
11,Zprime_4000GeV_075,0.755985562103,4000.0,0.75
12,Zprime_4000GeV_030,0.837589836098,4000.0,0.3
13,Zprime_4000GeV_015,0.852996303731,4000.0,0.15
14,Zprime_3000GeV_030,0.842109496448,3000.0,0.3
15,Zprime_1500GeV_045,0.826089817695,1500.0,0.45
16,Zprime_3000GeV_075,0.77485879305,3000.0,0.75
17,Zprime_1500GeV_060,0.806139120839,1500.0,0.6
18,Zprime_3000GeV_015,0.858204200138,3000.0,0.15
19,Zprime_3500GeV_015,0.853276920154,3500.0,0.15
20,Zprime_3500GeV_030,0.840012865496,3500.0,0.3
21,Zprime_2000GeV_030,0.861097431169,2000.0,0.3
22,Zprime_2000GeV_015,0.873919073669,2000.0,0.15
23,Zprime_3500GeV_075,0.766648713587,3500.0,0.75
24,Zprime_3500GeV_045,0.817189286881,3500.0,0.45
25,Zprime_2500GeV_030,0.850130214203,2500.0,0.3
26,Zprime_2000GeV_060,0.819267025305,2000.0,0.6
27,Zprime_4000GeV_060,0.789035833606,4000.0,0.6
28,Zprime_2500GeV_075,0.781520592499,2500.0,0.75
29,Zprime_4000GeV_045,0.81373347228,4000.0,0.45
