,name,auc,mass,nu
0,Zprime_1500GeV_075,0.801837490428,1500.0,0.75
1,Zprime_1500GeV_015,0.869917908382,1500.0,0.15
2,Zprime_3000GeV_060,0.808437972656,3000.0,0.6
3,Zprime_1500GeV_030,0.860380701802,1500.0,0.3
4,Zprime_3000GeV_045,0.836785804413,3000.0,0.45
5,Zprime_2000GeV_045,0.844761267226,2000.0,0.45
6,Zprime_2500GeV_015,0.873656151055,2500.0,0.15
7,Zprime_3500GeV_060,0.807052144342,3500.0,0.6
8,Zprime_2500GeV_045,0.838632384288,2500.0,0.45
9,Zprime_2000GeV_075,0.7985996788,2000.0,0.75
10,Zprime_2500GeV_060,0.813912302127,2500.0,0.6
11,Zprime_4000GeV_075,0.76950158341,4000.0,0.75
12,Zprime_4000GeV_030,0.864491743785,4000.0,0.3
13,Zprime_4000GeV_015,0.879645522426,4000.0,0.15
14,Zprime_3000GeV_030,0.857642034085,3000.0,0.3
15,Zprime_1500GeV_045,0.847008089776,1500.0,0.45
16,Zprime_3000GeV_075,0.779697424842,3000.0,0.75
17,Zprime_1500GeV_060,0.830669629143,1500.0,0.6
18,Zprime_3000GeV_015,0.874582279925,3000.0,0.15
19,Zprime_3500GeV_015,0.876097312342,3500.0,0.15
20,Zprime_3500GeV_030,0.860156695533,3500.0,0.3
21,Zprime_2000GeV_030,0.862548458021,2000.0,0.3
22,Zprime_2000GeV_015,0.875166680733,2000.0,0.15
23,Zprime_3500GeV_075,0.773745954768,3500.0,0.75
24,Zprime_3500GeV_045,0.836948455719,3500.0,0.45
25,Zprime_2500GeV_030,0.858218917965,2500.0,0.3
26,Zprime_2000GeV_060,0.822202681906,2000.0,0.6
27,Zprime_4000GeV_060,0.807649806342,4000.0,0.6
28,Zprime_2500GeV_075,0.787859719226,2500.0,0.75
29,Zprime_4000GeV_045,0.839027377502,4000.0,0.45
