,name,auc,mass,nu
0,Zprime_1500GeV_075,0.810481280307,1500.0,0.75
1,Zprime_1500GeV_015,0.879929935557,1500.0,0.15
2,Zprime_3000GeV_060,0.8156036232,3000.0,0.6
3,Zprime_1500GeV_030,0.870658417082,1500.0,0.3
4,Zprime_3000GeV_045,0.845974215921,3000.0,0.45
5,Zprime_2000GeV_045,0.851900390875,2000.0,0.45
6,Zprime_2500GeV_015,0.882931524154,2500.0,0.15
7,Zprime_3500GeV_060,0.815347025997,3500.0,0.6
8,Zprime_2500GeV_045,0.846721184193,2500.0,0.45
9,Zprime_2000GeV_075,0.806810931609,2000.0,0.75
10,Zprime_2500GeV_060,0.822292319809,2500.0,0.6
11,Zprime_4000GeV_075,0.773672825268,4000.0,0.75
12,Zprime_4000GeV_030,0.874478139144,4000.0,0.3
13,Zprime_4000GeV_015,0.889105692554,4000.0,0.15
14,Zprime_3000GeV_030,0.867736150538,3000.0,0.3
15,Zprime_1500GeV_045,0.854495199452,1500.0,0.45
16,Zprime_3000GeV_075,0.786299919275,3000.0,0.75
17,Zprime_1500GeV_060,0.838439445676,1500.0,0.6
18,Zprime_3000GeV_015,0.885373639657,3000.0,0.15
19,Zprime_3500GeV_015,0.887289124546,3500.0,0.15
20,Zprime_3500GeV_030,0.871689587553,3500.0,0.3
21,Zprime_2000GeV_030,0.871523525394,2000.0,0.3
22,Zprime_2000GeV_015,0.884436563179,2000.0,0.15
23,Zprime_3500GeV_075,0.780308065777,3500.0,0.75
24,Zprime_3500GeV_045,0.846184466953,3500.0,0.45
25,Zprime_2500GeV_030,0.867324895083,2500.0,0.3
26,Zprime_2000GeV_060,0.829519956918,2000.0,0.6
27,Zprime_4000GeV_060,0.815362440382,4000.0,0.6
28,Zprime_2500GeV_075,0.792923379286,2500.0,0.75
29,Zprime_4000GeV_045,0.847767780709,4000.0,0.45
