,name,auc,mass,nu
0,Zprime_1500GeV_075,0.72293214392,1500.0,0.75
1,Zprime_1500GeV_015,0.82384643164,1500.0,0.15
2,Zprime_3000GeV_060,0.764891815672,3000.0,0.6
3,Zprime_1500GeV_030,0.808440088313,1500.0,0.3
4,Zprime_3000GeV_045,0.801675218998,3000.0,0.45
5,Zprime_2000GeV_045,0.80586786993,2000.0,0.45
6,Zprime_2500GeV_015,0.852198153853,2500.0,0.15
7,Zprime_3500GeV_060,0.761315568692,3500.0,0.6
8,Zprime_2500GeV_045,0.805638180438,2500.0,0.45
9,Zprime_2000GeV_075,0.732007004673,2000.0,0.75
10,Zprime_2500GeV_060,0.770270960288,2500.0,0.6
11,Zprime_4000GeV_075,0.709855740297,4000.0,0.75
12,Zprime_4000GeV_030,0.824417459226,4000.0,0.3
13,Zprime_4000GeV_015,0.837652801054,4000.0,0.15
14,Zprime_3000GeV_030,0.826521383224,3000.0,0.3
15,Zprime_1500GeV_045,0.780982006068,1500.0,0.45
16,Zprime_3000GeV_075,0.721947906672,3000.0,0.75
17,Zprime_1500GeV_060,0.760131579613,1500.0,0.6
18,Zprime_3000GeV_015,0.848959358996,3000.0,0.15
19,Zprime_3500GeV_015,0.842265426418,3500.0,0.15
20,Zprime_3500GeV_030,0.82615174862,3500.0,0.3
21,Zprime_2000GeV_030,0.831999752557,2000.0,0.3
22,Zprime_2000GeV_015,0.853329009093,2000.0,0.15
23,Zprime_3500GeV_075,0.718020854837,3500.0,0.75
24,Zprime_3500GeV_045,0.79634651044,3500.0,0.45
25,Zprime_2500GeV_030,0.831744057495,2500.0,0.3
26,Zprime_2000GeV_060,0.771501726397,2000.0,0.6
27,Zprime_4000GeV_060,0.759319849151,4000.0,0.6
28,Zprime_2500GeV_075,0.725178442691,2500.0,0.75
29,Zprime_4000GeV_045,0.792545930685,4000.0,0.45
