,name,auc,mass,nu
0,Zprime_1500GeV_075,0.778445254282,1500.0,0.75
1,Zprime_1500GeV_015,0.84743721129,1500.0,0.15
2,Zprime_3000GeV_060,0.781245512918,3000.0,0.6
3,Zprime_1500GeV_030,0.836519106589,1500.0,0.3
4,Zprime_3000GeV_045,0.810295552149,3000.0,0.45
5,Zprime_2000GeV_045,0.81578734084,2000.0,0.45
6,Zprime_2500GeV_015,0.85105961243,2500.0,0.15
7,Zprime_3500GeV_060,0.780238367037,3500.0,0.6
8,Zprime_2500GeV_045,0.813228356465,2500.0,0.45
9,Zprime_2000GeV_075,0.766973905222,2000.0,0.75
10,Zprime_2500GeV_060,0.786918422262,2500.0,0.6
11,Zprime_4000GeV_075,0.740255326115,4000.0,0.75
12,Zprime_4000GeV_030,0.832597238522,4000.0,0.3
13,Zprime_4000GeV_015,0.847836045681,4000.0,0.15
14,Zprime_3000GeV_030,0.830549513972,3000.0,0.3
15,Zprime_1500GeV_045,0.81633850678,1500.0,0.45
16,Zprime_3000GeV_075,0.751023390311,3000.0,0.75
17,Zprime_1500GeV_060,0.801510231799,1500.0,0.6
18,Zprime_3000GeV_015,0.848648069028,3000.0,0.15
19,Zprime_3500GeV_015,0.845624857647,3500.0,0.15
20,Zprime_3500GeV_030,0.831919878047,3500.0,0.3
21,Zprime_2000GeV_030,0.837101348349,2000.0,0.3
22,Zprime_2000GeV_015,0.851815794692,2000.0,0.15
23,Zprime_3500GeV_075,0.745062506872,3500.0,0.75
24,Zprime_3500GeV_045,0.807201968643,3500.0,0.45
25,Zprime_2500GeV_030,0.834108551125,2500.0,0.3
26,Zprime_2000GeV_060,0.792933150422,2000.0,0.6
27,Zprime_4000GeV_060,0.779665133745,4000.0,0.6
28,Zprime_2500GeV_075,0.754821417338,2500.0,0.75
29,Zprime_4000GeV_045,0.80831621843,4000.0,0.45
