,name,auc,mass,nu
0,Zprime_1500GeV_075,0.74879210174,1500.0,0.75
1,Zprime_1500GeV_015,0.83887334468,1500.0,0.15
2,Zprime_3000GeV_060,0.766755014304,3000.0,0.6
3,Zprime_1500GeV_030,0.821993652304,1500.0,0.3
4,Zprime_3000GeV_045,0.795060132391,3000.0,0.45
5,Zprime_2000GeV_045,0.805538125008,2000.0,0.45
6,Zprime_2500GeV_015,0.838021064865,2500.0,0.15
7,Zprime_3500GeV_060,0.765327230077,3500.0,0.6
8,Zprime_2500GeV_045,0.798683520262,2500.0,0.45
9,Zprime_2000GeV_075,0.751617188333,2000.0,0.75
10,Zprime_2500GeV_060,0.77226379128,2500.0,0.6
11,Zprime_4000GeV_075,0.72653800745,4000.0,0.75
12,Zprime_4000GeV_030,0.821116153471,4000.0,0.3
13,Zprime_4000GeV_015,0.83712525229,4000.0,0.15
14,Zprime_3000GeV_030,0.816477156981,3000.0,0.3
15,Zprime_1500GeV_045,0.79728989134,1500.0,0.45
16,Zprime_3000GeV_075,0.734873136788,3000.0,0.75
17,Zprime_1500GeV_060,0.780355128625,1500.0,0.6
18,Zprime_3000GeV_015,0.836105252578,3000.0,0.15
19,Zprime_3500GeV_015,0.832900655971,3500.0,0.15
20,Zprime_3500GeV_030,0.817357989598,3500.0,0.3
21,Zprime_2000GeV_030,0.827078690715,2000.0,0.3
22,Zprime_2000GeV_015,0.841914604843,2000.0,0.15
23,Zprime_3500GeV_075,0.730864296145,3500.0,0.75
24,Zprime_3500GeV_045,0.791966172365,3500.0,0.45
25,Zprime_2500GeV_030,0.820280771667,2500.0,0.3
26,Zprime_2000GeV_060,0.778227612019,2000.0,0.6
27,Zprime_4000GeV_060,0.767474179572,4000.0,0.6
28,Zprime_2500GeV_075,0.738313721324,2500.0,0.75
29,Zprime_4000GeV_045,0.794142721459,4000.0,0.45
