,name,auc,mass,nu
0,Zprime_1500GeV_075,0.709350137302,1500.0,0.75
1,Zprime_1500GeV_015,0.796092569586,1500.0,0.15
2,Zprime_3000GeV_060,0.735333099302,3000.0,0.6
3,Zprime_1500GeV_030,0.783276833045,1500.0,0.3
4,Zprime_3000GeV_045,0.761793820102,3000.0,0.45
5,Zprime_2000GeV_045,0.776505706745,2000.0,0.45
6,Zprime_2500GeV_015,0.804619409208,2500.0,0.15
7,Zprime_3500GeV_060,0.731568826362,3500.0,0.6
8,Zprime_2500GeV_045,0.766292126352,2500.0,0.45
9,Zprime_2000GeV_075,0.720965587804,2000.0,0.75
10,Zprime_2500GeV_060,0.741109508055,2500.0,0.6
11,Zprime_4000GeV_075,0.6961519089,4000.0,0.75
12,Zprime_4000GeV_030,0.792147972875,4000.0,0.3
13,Zprime_4000GeV_015,0.813725001566,4000.0,0.15
14,Zprime_3000GeV_030,0.783032585919,3000.0,0.3
15,Zprime_1500GeV_045,0.759090385863,1500.0,0.45
16,Zprime_3000GeV_075,0.706536279677,3000.0,0.75
17,Zprime_1500GeV_060,0.740186643409,1500.0,0.6
18,Zprime_3000GeV_015,0.801877445356,3000.0,0.15
19,Zprime_3500GeV_015,0.804696164345,3500.0,0.15
20,Zprime_3500GeV_030,0.786647051836,3500.0,0.3
21,Zprime_2000GeV_030,0.795383301019,2000.0,0.3
22,Zprime_2000GeV_015,0.810421724626,2000.0,0.15
23,Zprime_3500GeV_075,0.7003370653,3500.0,0.75
24,Zprime_3500GeV_045,0.760121165912,3500.0,0.45
25,Zprime_2500GeV_030,0.787426823196,2500.0,0.3
26,Zprime_2000GeV_060,0.748104210168,2000.0,0.6
27,Zprime_4000GeV_060,0.7334315758,4000.0,0.6
28,Zprime_2500GeV_075,0.706952959046,2500.0,0.75
29,Zprime_4000GeV_045,0.763587011548,4000.0,0.45
