,name,auc,mass,nu
0,Zprime_1500GeV_075,0.783067064588,1500.0,0.75
1,Zprime_1500GeV_015,0.860783021914,1500.0,0.15
2,Zprime_3000GeV_060,0.8092669088,3000.0,0.6
3,Zprime_1500GeV_030,0.845755548581,1500.0,0.3
4,Zprime_3000GeV_045,0.835339195391,3000.0,0.45
5,Zprime_2000GeV_045,0.845337247592,2000.0,0.45
6,Zprime_2500GeV_015,0.872752754351,2500.0,0.15
7,Zprime_3500GeV_060,0.80597653185,3500.0,0.6
8,Zprime_2500GeV_045,0.837414719394,2500.0,0.45
9,Zprime_2000GeV_075,0.791482887768,2000.0,0.75
10,Zprime_2500GeV_060,0.811903044783,2500.0,0.6
11,Zprime_4000GeV_075,0.770270412255,4000.0,0.75
12,Zprime_4000GeV_030,0.864450025626,4000.0,0.3
13,Zprime_4000GeV_015,0.878712025259,4000.0,0.15
14,Zprime_3000GeV_030,0.855266393677,3000.0,0.3
15,Zprime_1500GeV_045,0.820914699999,1500.0,0.45
16,Zprime_3000GeV_075,0.778156291291,3000.0,0.75
17,Zprime_1500GeV_060,0.80619384027,1500.0,0.6
18,Zprime_3000GeV_015,0.873877505932,3000.0,0.15
19,Zprime_3500GeV_015,0.875097396322,3500.0,0.15
20,Zprime_3500GeV_030,0.859664937868,3500.0,0.3
21,Zprime_2000GeV_030,0.862437110566,2000.0,0.3
22,Zprime_2000GeV_015,0.876192993531,2000.0,0.15
23,Zprime_3500GeV_075,0.775326729366,3500.0,0.75
24,Zprime_3500GeV_045,0.83583454436,3500.0,0.45
25,Zprime_2500GeV_030,0.856246616916,2500.0,0.3
26,Zprime_2000GeV_060,0.818878197115,2000.0,0.6
27,Zprime_4000GeV_060,0.807767604998,4000.0,0.6
28,Zprime_2500GeV_075,0.783085618952,2500.0,0.75
29,Zprime_4000GeV_045,0.837704057329,4000.0,0.45
