,name,auc,mass,nu
0,Zprime_1500GeV_075,0.792978090021,1500.0,0.75
1,Zprime_1500GeV_015,0.864048070324,1500.0,0.15
2,Zprime_3000GeV_060,0.797941575743,3000.0,0.6
3,Zprime_1500GeV_030,0.853384760259,1500.0,0.3
4,Zprime_3000GeV_045,0.82795463506,3000.0,0.45
5,Zprime_2000GeV_045,0.834506479603,2000.0,0.45
6,Zprime_2500GeV_015,0.865715563022,2500.0,0.15
7,Zprime_3500GeV_060,0.796351731263,3500.0,0.6
8,Zprime_2500GeV_045,0.829107091275,2500.0,0.45
9,Zprime_2000GeV_075,0.788931780107,2000.0,0.75
10,Zprime_2500GeV_060,0.802134662064,2500.0,0.6
11,Zprime_4000GeV_075,0.755933117623,4000.0,0.75
12,Zprime_4000GeV_030,0.853299321617,4000.0,0.3
13,Zprime_4000GeV_015,0.86650903468,4000.0,0.15
14,Zprime_3000GeV_030,0.84883833371,3000.0,0.3
15,Zprime_1500GeV_045,0.833492645053,1500.0,0.45
16,Zprime_3000GeV_075,0.767453729626,3000.0,0.75
17,Zprime_1500GeV_060,0.81770960988,1500.0,0.6
18,Zprime_3000GeV_015,0.867210667083,3000.0,0.15
19,Zprime_3500GeV_015,0.866863433768,3500.0,0.15
20,Zprime_3500GeV_030,0.85126022602,3500.0,0.3
21,Zprime_2000GeV_030,0.854716322897,2000.0,0.3
22,Zprime_2000GeV_015,0.86688579706,2000.0,0.15
23,Zprime_3500GeV_075,0.760704477614,3500.0,0.75
24,Zprime_3500GeV_045,0.824838462065,3500.0,0.45
25,Zprime_2500GeV_030,0.849426954884,2500.0,0.3
26,Zprime_2000GeV_060,0.811303083703,2000.0,0.6
27,Zprime_4000GeV_060,0.796615965014,4000.0,0.6
28,Zprime_2500GeV_075,0.77392861344,2500.0,0.75
29,Zprime_4000GeV_045,0.825493243689,4000.0,0.45
