,name,auc,mass,nu
0,Zprime_1500GeV_075,0.726649723046,1500.0,0.75
1,Zprime_1500GeV_015,0.816540518875,1500.0,0.15
2,Zprime_3000GeV_060,0.746114557624,3000.0,0.6
3,Zprime_1500GeV_030,0.803994844005,1500.0,0.3
4,Zprime_3000GeV_045,0.779036784075,3000.0,0.45
5,Zprime_2000GeV_045,0.783721272184,2000.0,0.45
6,Zprime_2500GeV_015,0.825181660786,2500.0,0.15
7,Zprime_3500GeV_060,0.747027938471,3500.0,0.6
8,Zprime_2500GeV_045,0.778558412842,2500.0,0.45
9,Zprime_2000GeV_075,0.727228580311,2000.0,0.75
10,Zprime_2500GeV_060,0.748761124308,2500.0,0.6
11,Zprime_4000GeV_075,0.705104236618,4000.0,0.75
12,Zprime_4000GeV_030,0.816207879875,4000.0,0.3
13,Zprime_4000GeV_015,0.83799195197,4000.0,0.15
14,Zprime_3000GeV_030,0.804364876088,3000.0,0.3
15,Zprime_1500GeV_045,0.774396289602,1500.0,0.45
16,Zprime_3000GeV_075,0.712196927694,3000.0,0.75
17,Zprime_1500GeV_060,0.757128072196,1500.0,0.6
18,Zprime_3000GeV_015,0.827755976474,3000.0,0.15
19,Zprime_3500GeV_015,0.83085859787,3500.0,0.15
20,Zprime_3500GeV_030,0.810198458887,3500.0,0.3
21,Zprime_2000GeV_030,0.806269732086,2000.0,0.3
22,Zprime_2000GeV_015,0.82381233276,2000.0,0.15
23,Zprime_3500GeV_075,0.7100777827,3500.0,0.75
24,Zprime_3500GeV_045,0.778105064184,3500.0,0.45
25,Zprime_2500GeV_030,0.803803754344,2500.0,0.3
26,Zprime_2000GeV_060,0.75292477963,2000.0,0.6
27,Zprime_4000GeV_060,0.749069736057,4000.0,0.6
28,Zprime_2500GeV_075,0.71473925362,2500.0,0.75
29,Zprime_4000GeV_045,0.784513968457,4000.0,0.45
