,name,auc,mass,nu
0,Zprime_1500GeV_075,0.797580099232,1500.0,0.75
1,Zprime_1500GeV_015,0.868162664563,1500.0,0.15
2,Zprime_3000GeV_060,0.802587850433,3000.0,0.6
3,Zprime_1500GeV_030,0.857089748259,1500.0,0.3
4,Zprime_3000GeV_045,0.832104816514,3000.0,0.45
5,Zprime_2000GeV_045,0.837952450879,2000.0,0.45
6,Zprime_2500GeV_015,0.870577566925,2500.0,0.15
7,Zprime_3500GeV_060,0.800106154345,3500.0,0.6
8,Zprime_2500GeV_045,0.833885972165,2500.0,0.45
9,Zprime_2000GeV_075,0.792382126908,2000.0,0.75
10,Zprime_2500GeV_060,0.806962064381,2500.0,0.6
11,Zprime_4000GeV_075,0.758223733323,4000.0,0.75
12,Zprime_4000GeV_030,0.857557349327,4000.0,0.3
13,Zprime_4000GeV_015,0.869672403762,4000.0,0.15
14,Zprime_3000GeV_030,0.852786517473,3000.0,0.3
15,Zprime_1500GeV_045,0.838843989132,1500.0,0.45
16,Zprime_3000GeV_075,0.771177761116,3000.0,0.75
17,Zprime_1500GeV_060,0.823129711031,1500.0,0.6
18,Zprime_3000GeV_015,0.871558203123,3000.0,0.15
19,Zprime_3500GeV_015,0.8707751724,3500.0,0.15
20,Zprime_3500GeV_030,0.856840780615,3500.0,0.3
21,Zprime_2000GeV_030,0.857983286999,2000.0,0.3
22,Zprime_2000GeV_015,0.870759192461,2000.0,0.15
23,Zprime_3500GeV_075,0.764813657113,3500.0,0.75
24,Zprime_3500GeV_045,0.829418303288,3500.0,0.45
25,Zprime_2500GeV_030,0.854227034623,2500.0,0.3
26,Zprime_2000GeV_060,0.81677800247,2000.0,0.6
27,Zprime_4000GeV_060,0.800898144949,4000.0,0.6
28,Zprime_2500GeV_075,0.777628612939,2500.0,0.75
29,Zprime_4000GeV_045,0.830616897133,4000.0,0.45
