,name,auc,mass,nu
0,Zprime_1500GeV_075,0.803903873271,1500.0,0.75
1,Zprime_1500GeV_015,0.870956594551,1500.0,0.15
2,Zprime_3000GeV_060,0.813209073121,3000.0,0.6
3,Zprime_1500GeV_030,0.858130465683,1500.0,0.3
4,Zprime_3000GeV_045,0.839254140407,3000.0,0.45
5,Zprime_2000GeV_045,0.84994830013,2000.0,0.45
6,Zprime_2500GeV_015,0.874493720974,2500.0,0.15
7,Zprime_3500GeV_060,0.808925019706,3500.0,0.6
8,Zprime_2500GeV_045,0.842341899909,2500.0,0.45
9,Zprime_2000GeV_075,0.800269739411,2000.0,0.75
10,Zprime_2500GeV_060,0.817440153278,2500.0,0.6
11,Zprime_4000GeV_075,0.77118180905,4000.0,0.75
12,Zprime_4000GeV_030,0.866926450343,4000.0,0.3
13,Zprime_4000GeV_015,0.880800981335,4000.0,0.15
14,Zprime_3000GeV_030,0.858688127211,3000.0,0.3
15,Zprime_1500GeV_045,0.838250984881,1500.0,0.45
16,Zprime_3000GeV_075,0.781469005054,3000.0,0.75
17,Zprime_1500GeV_060,0.821591661587,1500.0,0.6
18,Zprime_3000GeV_015,0.876244873354,3000.0,0.15
19,Zprime_3500GeV_015,0.877762365663,3500.0,0.15
20,Zprime_3500GeV_030,0.863502278549,3500.0,0.3
21,Zprime_2000GeV_030,0.867643910688,2000.0,0.3
22,Zprime_2000GeV_015,0.880353124235,2000.0,0.15
23,Zprime_3500GeV_075,0.776972005303,3500.0,0.75
24,Zprime_3500GeV_045,0.838782299347,3500.0,0.45
25,Zprime_2500GeV_030,0.86011401032,2500.0,0.3
26,Zprime_2000GeV_060,0.824038101329,2000.0,0.6
27,Zprime_4000GeV_060,0.809853808994,4000.0,0.6
28,Zprime_2500GeV_075,0.787355066889,2500.0,0.75
29,Zprime_4000GeV_045,0.839850034259,4000.0,0.45
