,name,auc,mass,nu
0,Zprime_1500GeV_075,0.798539607984,1500.0,0.75
1,Zprime_1500GeV_015,0.871055585818,1500.0,0.15
2,Zprime_3000GeV_060,0.802164966118,3000.0,0.6
3,Zprime_1500GeV_030,0.859221030687,1500.0,0.3
4,Zprime_3000GeV_045,0.831851080849,3000.0,0.45
5,Zprime_2000GeV_045,0.838105055961,2000.0,0.45
6,Zprime_2500GeV_015,0.87073078576,2500.0,0.15
7,Zprime_3500GeV_060,0.800673002654,3500.0,0.6
8,Zprime_2500GeV_045,0.833843927784,2500.0,0.45
9,Zprime_2000GeV_075,0.793068836228,2000.0,0.75
10,Zprime_2500GeV_060,0.806902283879,2500.0,0.6
11,Zprime_4000GeV_075,0.75950468378,4000.0,0.75
12,Zprime_4000GeV_030,0.856522820967,4000.0,0.3
13,Zprime_4000GeV_015,0.868958984307,4000.0,0.15
14,Zprime_3000GeV_030,0.853124894128,3000.0,0.3
15,Zprime_1500GeV_045,0.839931713488,1500.0,0.45
16,Zprime_3000GeV_075,0.771437988884,3000.0,0.75
17,Zprime_1500GeV_060,0.825987337728,1500.0,0.6
18,Zprime_3000GeV_015,0.871312034331,3000.0,0.15
19,Zprime_3500GeV_015,0.869979376954,3500.0,0.15
20,Zprime_3500GeV_030,0.855575739003,3500.0,0.3
21,Zprime_2000GeV_030,0.859252193154,2000.0,0.3
22,Zprime_2000GeV_015,0.871498959925,2000.0,0.15
23,Zprime_3500GeV_075,0.764754744066,3500.0,0.75
24,Zprime_3500GeV_045,0.829197564147,3500.0,0.45
25,Zprime_2500GeV_030,0.854297443209,2500.0,0.3
26,Zprime_2000GeV_060,0.815322685768,2000.0,0.6
27,Zprime_4000GeV_060,0.801014994763,4000.0,0.6
28,Zprime_2500GeV_075,0.778298717952,2500.0,0.75
29,Zprime_4000GeV_045,0.829809153761,4000.0,0.45
