,name,auc,mass,nu
0,Zprime_1500GeV_075,0.828869617208,1500.0,0.75
1,Zprime_1500GeV_015,0.890669743247,1500.0,0.15
2,Zprime_3000GeV_060,0.833059197327,3000.0,0.6
3,Zprime_1500GeV_030,0.879804607103,1500.0,0.3
4,Zprime_3000GeV_045,0.858974789299,3000.0,0.45
5,Zprime_2000GeV_045,0.869342532139,2000.0,0.45
6,Zprime_2500GeV_015,0.893082635623,2500.0,0.15
7,Zprime_3500GeV_060,0.829062693221,3500.0,0.6
8,Zprime_2500GeV_045,0.861764839506,2500.0,0.45
9,Zprime_2000GeV_075,0.822888615409,2000.0,0.75
10,Zprime_2500GeV_060,0.837763643161,2500.0,0.6
11,Zprime_4000GeV_075,0.789590386936,4000.0,0.75
12,Zprime_4000GeV_030,0.885528337952,4000.0,0.3
13,Zprime_4000GeV_015,0.898071084863,4000.0,0.15
14,Zprime_3000GeV_030,0.877651170814,3000.0,0.3
15,Zprime_1500GeV_045,0.862840566668,1500.0,0.45
16,Zprime_3000GeV_075,0.800747227319,3000.0,0.75
17,Zprime_1500GeV_060,0.845817210543,1500.0,0.6
18,Zprime_3000GeV_015,0.893923179356,3000.0,0.15
19,Zprime_3500GeV_015,0.895518439973,3500.0,0.15
20,Zprime_3500GeV_030,0.882328272682,3500.0,0.3
21,Zprime_2000GeV_030,0.886611058647,2000.0,0.3
22,Zprime_2000GeV_015,0.897881946855,2000.0,0.15
23,Zprime_3500GeV_075,0.795971233363,3500.0,0.75
24,Zprime_3500GeV_045,0.858015931849,3500.0,0.45
25,Zprime_2500GeV_030,0.879455851338,2500.0,0.3
26,Zprime_2000GeV_060,0.846134153677,2000.0,0.6
27,Zprime_4000GeV_060,0.829530712842,4000.0,0.6
28,Zprime_2500GeV_075,0.808762213877,2500.0,0.75
29,Zprime_4000GeV_045,0.859127178502,4000.0,0.45
