,name,auc,mass,nu
0,Zprime_1500GeV_075,0.809995135143,1500.0,0.75
1,Zprime_1500GeV_015,0.879469089452,1500.0,0.15
2,Zprime_3000GeV_060,0.813422373364,3000.0,0.6
3,Zprime_1500GeV_030,0.869771921561,1500.0,0.3
4,Zprime_3000GeV_045,0.843542314095,3000.0,0.45
5,Zprime_2000GeV_045,0.8499124726,2000.0,0.45
6,Zprime_2500GeV_015,0.88121754948,2500.0,0.15
7,Zprime_3500GeV_060,0.811436689755,3500.0,0.6
8,Zprime_2500GeV_045,0.844927664585,2500.0,0.45
9,Zprime_2000GeV_075,0.80485011757,2000.0,0.75
10,Zprime_2500GeV_060,0.819744755097,2500.0,0.6
11,Zprime_4000GeV_075,0.77091465064,4000.0,0.75
12,Zprime_4000GeV_030,0.869894433966,4000.0,0.3
13,Zprime_4000GeV_015,0.88345247133,4000.0,0.15
14,Zprime_3000GeV_030,0.864771392837,3000.0,0.3
15,Zprime_1500GeV_045,0.853763960031,1500.0,0.45
16,Zprime_3000GeV_075,0.784014578546,3000.0,0.75
17,Zprime_1500GeV_060,0.83734176412,1500.0,0.6
18,Zprime_3000GeV_015,0.882450502048,3000.0,0.15
19,Zprime_3500GeV_015,0.883084785336,3500.0,0.15
20,Zprime_3500GeV_030,0.867414068475,3500.0,0.3
21,Zprime_2000GeV_030,0.869120785476,2000.0,0.3
22,Zprime_2000GeV_015,0.881944528773,2000.0,0.15
23,Zprime_3500GeV_075,0.776701658855,3500.0,0.75
24,Zprime_3500GeV_045,0.842375562879,3500.0,0.45
25,Zprime_2500GeV_030,0.865323513126,2500.0,0.3
26,Zprime_2000GeV_060,0.828153304007,2000.0,0.6
27,Zprime_4000GeV_060,0.812153415688,4000.0,0.6
28,Zprime_2500GeV_075,0.792430965056,2500.0,0.75
29,Zprime_4000GeV_045,0.843210833455,4000.0,0.45
