,name,auc,mass,nu
0,Zprime_1500GeV_075,0.811653453014,1500.0,0.75
1,Zprime_1500GeV_015,0.880712698618,1500.0,0.15
2,Zprime_3000GeV_060,0.818337719342,3000.0,0.6
3,Zprime_1500GeV_030,0.871643924308,1500.0,0.3
4,Zprime_3000GeV_045,0.848167694055,3000.0,0.45
5,Zprime_2000GeV_045,0.855433675385,2000.0,0.45
6,Zprime_2500GeV_015,0.884938833338,2500.0,0.15
7,Zprime_3500GeV_060,0.816427403248,3500.0,0.6
8,Zprime_2500GeV_045,0.849716922931,2500.0,0.45
9,Zprime_2000GeV_075,0.807574210179,2000.0,0.75
10,Zprime_2500GeV_060,0.824593044279,2500.0,0.6
11,Zprime_4000GeV_075,0.777188852875,4000.0,0.75
12,Zprime_4000GeV_030,0.874706398611,4000.0,0.3
13,Zprime_4000GeV_015,0.888662733711,4000.0,0.15
14,Zprime_3000GeV_030,0.868262044243,3000.0,0.3
15,Zprime_1500GeV_045,0.856177838982,1500.0,0.45
16,Zprime_3000GeV_075,0.789546987531,3000.0,0.75
17,Zprime_1500GeV_060,0.838823314766,1500.0,0.6
18,Zprime_3000GeV_015,0.885192240235,3000.0,0.15
19,Zprime_3500GeV_015,0.885894009007,3500.0,0.15
20,Zprime_3500GeV_030,0.871069078154,3500.0,0.3
21,Zprime_2000GeV_030,0.874675655405,2000.0,0.3
22,Zprime_2000GeV_015,0.886329487157,2000.0,0.15
23,Zprime_3500GeV_075,0.782613235592,3500.0,0.75
24,Zprime_3500GeV_045,0.847559007064,3500.0,0.45
25,Zprime_2500GeV_030,0.869470520758,2500.0,0.3
26,Zprime_2000GeV_060,0.833425151151,2000.0,0.6
27,Zprime_4000GeV_060,0.816950593894,4000.0,0.6
28,Zprime_2500GeV_075,0.795658797106,2500.0,0.75
29,Zprime_4000GeV_045,0.848184097718,4000.0,0.45
