,name,auc,mass,nu
0,Zprime_1500GeV_075,0.712362539777,1500.0,0.75
1,Zprime_1500GeV_015,0.806845821153,1500.0,0.15
2,Zprime_3000GeV_060,0.741881858993,3000.0,0.6
3,Zprime_1500GeV_030,0.793118435376,1500.0,0.3
4,Zprime_3000GeV_045,0.777059571334,3000.0,0.45
5,Zprime_2000GeV_045,0.772438407105,2000.0,0.45
6,Zprime_2500GeV_015,0.821875326775,2500.0,0.15
7,Zprime_3500GeV_060,0.745449076812,3500.0,0.6
8,Zprime_2500GeV_045,0.774984434451,2500.0,0.45
9,Zprime_2000GeV_075,0.715829825523,2000.0,0.75
10,Zprime_2500GeV_060,0.742938582882,2500.0,0.6
11,Zprime_4000GeV_075,0.703495213519,4000.0,0.75
12,Zprime_4000GeV_030,0.818290186339,4000.0,0.3
13,Zprime_4000GeV_015,0.843103631265,4000.0,0.15
14,Zprime_3000GeV_030,0.803946498727,3000.0,0.3
15,Zprime_1500GeV_045,0.764780376881,1500.0,0.45
16,Zprime_3000GeV_075,0.705517244675,3000.0,0.75
17,Zprime_1500GeV_060,0.74508376519,1500.0,0.6
18,Zprime_3000GeV_015,0.827504750071,3000.0,0.15
19,Zprime_3500GeV_015,0.832244731757,3500.0,0.15
20,Zprime_3500GeV_030,0.811895922184,3500.0,0.3
21,Zprime_2000GeV_030,0.797068326125,2000.0,0.3
22,Zprime_2000GeV_015,0.816635872699,2000.0,0.15
23,Zprime_3500GeV_075,0.7050649349,3500.0,0.75
24,Zprime_3500GeV_045,0.777878471596,3500.0,0.45
25,Zprime_2500GeV_030,0.80001306903,2500.0,0.3
26,Zprime_2000GeV_060,0.742921624424,2000.0,0.6
27,Zprime_4000GeV_060,0.75071895266,4000.0,0.6
28,Zprime_2500GeV_075,0.703933563877,2500.0,0.75
29,Zprime_4000GeV_045,0.784987526086,4000.0,0.45
