,name,auc,mass,nu
0,Zprime_1500GeV_075,0.789084931868,1500.0,0.75
1,Zprime_1500GeV_015,0.859219320889,1500.0,0.15
2,Zprime_3000GeV_060,0.810758469386,3000.0,0.6
3,Zprime_1500GeV_030,0.847433272567,1500.0,0.3
4,Zprime_3000GeV_045,0.837471013553,3000.0,0.45
5,Zprime_2000GeV_045,0.845889707577,2000.0,0.45
6,Zprime_2500GeV_015,0.873100465201,2500.0,0.15
7,Zprime_3500GeV_060,0.807618178892,3500.0,0.6
8,Zprime_2500GeV_045,0.839086496815,2500.0,0.45
9,Zprime_2000GeV_075,0.795445843422,2000.0,0.75
10,Zprime_2500GeV_060,0.813377132502,2500.0,0.6
11,Zprime_4000GeV_075,0.769052133391,4000.0,0.75
12,Zprime_4000GeV_030,0.868809780336,4000.0,0.3
13,Zprime_4000GeV_015,0.882506518083,4000.0,0.15
14,Zprime_3000GeV_030,0.857955628911,3000.0,0.3
15,Zprime_1500GeV_045,0.826242069659,1500.0,0.45
16,Zprime_3000GeV_075,0.778529427125,3000.0,0.75
17,Zprime_1500GeV_060,0.811755851441,1500.0,0.6
18,Zprime_3000GeV_015,0.876921342795,3000.0,0.15
19,Zprime_3500GeV_015,0.879664723051,3500.0,0.15
20,Zprime_3500GeV_030,0.863649243593,3500.0,0.3
21,Zprime_2000GeV_030,0.863133563506,2000.0,0.3
22,Zprime_2000GeV_015,0.876475565345,2000.0,0.15
23,Zprime_3500GeV_075,0.775947340254,3500.0,0.75
24,Zprime_3500GeV_045,0.837773077121,3500.0,0.45
25,Zprime_2500GeV_030,0.857338414102,2500.0,0.3
26,Zprime_2000GeV_060,0.819150248321,2000.0,0.6
27,Zprime_4000GeV_060,0.80953379562,4000.0,0.6
28,Zprime_2500GeV_075,0.785060824375,2500.0,0.75
29,Zprime_4000GeV_045,0.840917060584,4000.0,0.45
