,name,auc,mass,nu
0,Zprime_1500GeV_075,0.791195007726,1500.0,0.75
1,Zprime_1500GeV_015,0.86654411436,1500.0,0.15
2,Zprime_3000GeV_060,0.813827052075,3000.0,0.6
3,Zprime_1500GeV_030,0.859859286206,1500.0,0.3
4,Zprime_3000GeV_045,0.846539129079,3000.0,0.45
5,Zprime_2000GeV_045,0.850259073493,2000.0,0.45
6,Zprime_2500GeV_015,0.88543955,2500.0,0.15
7,Zprime_3500GeV_060,0.813457195363,3500.0,0.6
8,Zprime_2500GeV_045,0.845309995044,2500.0,0.45
9,Zprime_2000GeV_075,0.795237220302,2000.0,0.75
10,Zprime_2500GeV_060,0.817586883685,2500.0,0.6
11,Zprime_4000GeV_075,0.768624009625,4000.0,0.75
12,Zprime_4000GeV_030,0.875324470616,4000.0,0.3
13,Zprime_4000GeV_015,0.891471256888,4000.0,0.15
14,Zprime_3000GeV_030,0.868985854704,3000.0,0.3
15,Zprime_1500GeV_045,0.841276034742,1500.0,0.45
16,Zprime_3000GeV_075,0.778730663042,3000.0,0.75
17,Zprime_1500GeV_060,0.816227852079,1500.0,0.6
18,Zprime_3000GeV_015,0.887692567075,3000.0,0.15
19,Zprime_3500GeV_015,0.890274288186,3500.0,0.15
20,Zprime_3500GeV_030,0.873845261488,3500.0,0.3
21,Zprime_2000GeV_030,0.869188890327,2000.0,0.3
22,Zprime_2000GeV_015,0.88504924682,2000.0,0.15
23,Zprime_3500GeV_075,0.775036066664,3500.0,0.75
24,Zprime_3500GeV_045,0.846103106641,3500.0,0.45
25,Zprime_2500GeV_030,0.867430150841,2500.0,0.3
26,Zprime_2000GeV_060,0.822428496285,2000.0,0.6
27,Zprime_4000GeV_060,0.814293516009,4000.0,0.6
28,Zprime_2500GeV_075,0.782449620573,2500.0,0.75
29,Zprime_4000GeV_045,0.847202921576,4000.0,0.45
