,name,auc,mass,nu
0,Zprime_1500GeV_075,0.798121941163,1500.0,0.75
1,Zprime_1500GeV_015,0.867578584624,1500.0,0.15
2,Zprime_3000GeV_060,0.801349648679,3000.0,0.6
3,Zprime_1500GeV_030,0.854745138317,1500.0,0.3
4,Zprime_3000GeV_045,0.831001121447,3000.0,0.45
5,Zprime_2000GeV_045,0.835755874487,2000.0,0.45
6,Zprime_2500GeV_015,0.868535485065,2500.0,0.15
7,Zprime_3500GeV_060,0.799307771414,3500.0,0.6
8,Zprime_2500GeV_045,0.832079799521,2500.0,0.45
9,Zprime_2000GeV_075,0.790295663499,2000.0,0.75
10,Zprime_2500GeV_060,0.805910381401,2500.0,0.6
11,Zprime_4000GeV_075,0.75816579265,4000.0,0.75
12,Zprime_4000GeV_030,0.855464280888,4000.0,0.3
13,Zprime_4000GeV_015,0.867601429124,4000.0,0.15
14,Zprime_3000GeV_030,0.851425382376,3000.0,0.3
15,Zprime_1500GeV_045,0.836493504842,1500.0,0.45
16,Zprime_3000GeV_075,0.771448726781,3000.0,0.75
17,Zprime_1500GeV_060,0.823345413885,1500.0,0.6
18,Zprime_3000GeV_015,0.870183577132,3000.0,0.15
19,Zprime_3500GeV_015,0.868514242126,3500.0,0.15
20,Zprime_3500GeV_030,0.854117566318,3500.0,0.3
21,Zprime_2000GeV_030,0.856316913849,2000.0,0.3
22,Zprime_2000GeV_015,0.868725131749,2000.0,0.15
23,Zprime_3500GeV_075,0.762751261307,3500.0,0.75
24,Zprime_3500GeV_045,0.82775345261,3500.0,0.45
25,Zprime_2500GeV_030,0.852322603577,2500.0,0.3
26,Zprime_2000GeV_060,0.813414856001,2000.0,0.6
27,Zprime_4000GeV_060,0.79955923043,4000.0,0.6
28,Zprime_2500GeV_075,0.777414777503,2500.0,0.75
29,Zprime_4000GeV_045,0.827978889513,4000.0,0.45
