,name,auc,mass,nu
0,Zprime_1500GeV_075,0.789203517637,1500.0,0.75
1,Zprime_1500GeV_015,0.864186231008,1500.0,0.15
2,Zprime_3000GeV_060,0.800814375152,3000.0,0.6
3,Zprime_1500GeV_030,0.853746824531,1500.0,0.3
4,Zprime_3000GeV_045,0.831422699442,3000.0,0.45
5,Zprime_2000GeV_045,0.836903363165,2000.0,0.45
6,Zprime_2500GeV_015,0.86974432149,2500.0,0.15
7,Zprime_3500GeV_060,0.800842751449,3500.0,0.6
8,Zprime_2500GeV_045,0.831867089689,2500.0,0.45
9,Zprime_2000GeV_075,0.787915752586,2000.0,0.75
10,Zprime_2500GeV_060,0.805669257503,2500.0,0.6
11,Zprime_4000GeV_075,0.760838390937,4000.0,0.75
12,Zprime_4000GeV_030,0.860766901978,4000.0,0.3
13,Zprime_4000GeV_015,0.875523585797,4000.0,0.15
14,Zprime_3000GeV_030,0.852357145413,3000.0,0.3
15,Zprime_1500GeV_045,0.831543599316,1500.0,0.45
16,Zprime_3000GeV_075,0.770053840102,3000.0,0.75
17,Zprime_1500GeV_060,0.817597310073,1500.0,0.6
18,Zprime_3000GeV_015,0.871291976563,3000.0,0.15
19,Zprime_3500GeV_015,0.872624147909,3500.0,0.15
20,Zprime_3500GeV_030,0.856705291061,3500.0,0.3
21,Zprime_2000GeV_030,0.856951483573,2000.0,0.3
22,Zprime_2000GeV_015,0.870090089305,2000.0,0.15
23,Zprime_3500GeV_075,0.764626943874,3500.0,0.75
24,Zprime_3500GeV_045,0.830278352017,3500.0,0.45
25,Zprime_2500GeV_030,0.853021058448,2500.0,0.3
26,Zprime_2000GeV_060,0.812891242009,2000.0,0.6
27,Zprime_4000GeV_060,0.802380315556,4000.0,0.6
28,Zprime_2500GeV_075,0.774865963214,2500.0,0.75
29,Zprime_4000GeV_045,0.832293728565,4000.0,0.45
