,name,auc,mass,nu
0,Zprime_1500GeV_075,0.809005597545,1500.0,0.75
1,Zprime_1500GeV_015,0.876892868906,1500.0,0.15
2,Zprime_3000GeV_060,0.817820829439,3000.0,0.6
3,Zprime_1500GeV_030,0.869360504211,1500.0,0.3
4,Zprime_3000GeV_045,0.847672047162,3000.0,0.45
5,Zprime_2000GeV_045,0.853941791034,2000.0,0.45
6,Zprime_2500GeV_015,0.884048219496,2500.0,0.15
7,Zprime_3500GeV_060,0.816649779421,3500.0,0.6
8,Zprime_2500GeV_045,0.848622355502,2500.0,0.45
9,Zprime_2000GeV_075,0.806338246454,2000.0,0.75
10,Zprime_2500GeV_060,0.823963967409,2500.0,0.6
11,Zprime_4000GeV_075,0.776920521092,4000.0,0.75
12,Zprime_4000GeV_030,0.875616542311,4000.0,0.3
13,Zprime_4000GeV_015,0.890402084344,4000.0,0.15
14,Zprime_3000GeV_030,0.868705573487,3000.0,0.3
15,Zprime_1500GeV_045,0.853717611616,1500.0,0.45
16,Zprime_3000GeV_075,0.788344284143,3000.0,0.75
17,Zprime_1500GeV_060,0.837531463571,1500.0,0.6
18,Zprime_3000GeV_015,0.885593610219,3000.0,0.15
19,Zprime_3500GeV_015,0.887378429857,3500.0,0.15
20,Zprime_3500GeV_030,0.871879787467,3500.0,0.3
21,Zprime_2000GeV_030,0.873411114945,2000.0,0.3
22,Zprime_2000GeV_015,0.885111303947,2000.0,0.15
23,Zprime_3500GeV_075,0.782806538345,3500.0,0.75
24,Zprime_3500GeV_045,0.847719711878,3500.0,0.45
25,Zprime_2500GeV_030,0.86837044073,2500.0,0.3
26,Zprime_2000GeV_060,0.831101740177,2000.0,0.6
27,Zprime_4000GeV_060,0.81763939289,4000.0,0.6
28,Zprime_2500GeV_075,0.794940618999,2500.0,0.75
29,Zprime_4000GeV_045,0.849151784746,4000.0,0.45
