,name,auc,mass,nu
0,Zprime_1500GeV_075,0.725631243558,1500.0,0.75
1,Zprime_1500GeV_015,0.818642666404,1500.0,0.15
2,Zprime_3000GeV_060,0.751383305208,3000.0,0.6
3,Zprime_1500GeV_030,0.804514758417,1500.0,0.3
4,Zprime_3000GeV_045,0.783637158105,3000.0,0.45
5,Zprime_2000GeV_045,0.785031097802,2000.0,0.45
6,Zprime_2500GeV_015,0.825587629799,2500.0,0.15
7,Zprime_3500GeV_060,0.752553571459,3500.0,0.6
8,Zprime_2500GeV_045,0.782696426989,2500.0,0.45
9,Zprime_2000GeV_075,0.729277667214,2000.0,0.75
10,Zprime_2500GeV_060,0.752992172607,2500.0,0.6
11,Zprime_4000GeV_075,0.710743558265,4000.0,0.75
12,Zprime_4000GeV_030,0.816811444957,4000.0,0.3
13,Zprime_4000GeV_015,0.836157080855,4000.0,0.15
14,Zprime_3000GeV_030,0.806192667106,3000.0,0.3
15,Zprime_1500GeV_045,0.778247255234,1500.0,0.45
16,Zprime_3000GeV_075,0.716565640748,3000.0,0.75
17,Zprime_1500GeV_060,0.759499059124,1500.0,0.6
18,Zprime_3000GeV_015,0.826898196661,3000.0,0.15
19,Zprime_3500GeV_015,0.828051762887,3500.0,0.15
20,Zprime_3500GeV_030,0.81147529269,3500.0,0.3
21,Zprime_2000GeV_030,0.810297742431,2000.0,0.3
22,Zprime_2000GeV_015,0.827033256873,2000.0,0.15
23,Zprime_3500GeV_075,0.71416428815,3500.0,0.75
24,Zprime_3500GeV_045,0.781252268786,3500.0,0.45
25,Zprime_2500GeV_030,0.807235926052,2500.0,0.3
26,Zprime_2000GeV_060,0.756707181198,2000.0,0.6
27,Zprime_4000GeV_060,0.75608128343,4000.0,0.6
28,Zprime_2500GeV_075,0.716638041767,2500.0,0.75
29,Zprime_4000GeV_045,0.785908104836,4000.0,0.45
