,name,auc,mass,nu
0,Zprime_1500GeV_075,0.722085639496,1500.0,0.75
1,Zprime_1500GeV_015,0.82003104971,1500.0,0.15
2,Zprime_3000GeV_060,0.744164099877,3000.0,0.6
3,Zprime_1500GeV_030,0.802836541226,1500.0,0.3
4,Zprime_3000GeV_045,0.776711734179,3000.0,0.45
5,Zprime_2000GeV_045,0.777029933399,2000.0,0.45
6,Zprime_2500GeV_015,0.818621635833,2500.0,0.15
7,Zprime_3500GeV_060,0.748062895879,3500.0,0.6
8,Zprime_2500GeV_045,0.774109580026,2500.0,0.45
9,Zprime_2000GeV_075,0.723270354114,2000.0,0.75
10,Zprime_2500GeV_060,0.745388059407,2500.0,0.6
11,Zprime_4000GeV_075,0.709423633782,4000.0,0.75
12,Zprime_4000GeV_030,0.816312565581,4000.0,0.3
13,Zprime_4000GeV_015,0.836909236443,4000.0,0.15
14,Zprime_3000GeV_030,0.801065474883,3000.0,0.3
15,Zprime_1500GeV_045,0.774754478018,1500.0,0.45
16,Zprime_3000GeV_075,0.709323021545,3000.0,0.75
17,Zprime_1500GeV_060,0.755714283035,1500.0,0.6
18,Zprime_3000GeV_015,0.824222707688,3000.0,0.15
19,Zprime_3500GeV_015,0.82789885015,3500.0,0.15
20,Zprime_3500GeV_030,0.810404443764,3500.0,0.3
21,Zprime_2000GeV_030,0.80093908051,2000.0,0.3
22,Zprime_2000GeV_015,0.818595100287,2000.0,0.15
23,Zprime_3500GeV_075,0.709545063433,3500.0,0.75
24,Zprime_3500GeV_045,0.78032880205,3500.0,0.45
25,Zprime_2500GeV_030,0.798725843151,2500.0,0.3
26,Zprime_2000GeV_060,0.750897648869,2000.0,0.6
27,Zprime_4000GeV_060,0.753564012708,4000.0,0.6
28,Zprime_2500GeV_075,0.708747176684,2500.0,0.75
29,Zprime_4000GeV_045,0.785629158356,4000.0,0.45
