,name,auc,mass,nu
0,Zprime_1500GeV_075,0.717903457925,1500.0,0.75
1,Zprime_1500GeV_015,0.80875741266,1500.0,0.15
2,Zprime_3000GeV_060,0.747583305166,3000.0,0.6
3,Zprime_1500GeV_030,0.79326428933,1500.0,0.3
4,Zprime_3000GeV_045,0.778034789266,3000.0,0.45
5,Zprime_2000GeV_045,0.78781473267,2000.0,0.45
6,Zprime_2500GeV_015,0.823525697931,2500.0,0.15
7,Zprime_3500GeV_060,0.743476914636,3500.0,0.6
8,Zprime_2500GeV_045,0.781139973543,2500.0,0.45
9,Zprime_2000GeV_075,0.724464970629,2000.0,0.75
10,Zprime_2500GeV_060,0.750150170913,2500.0,0.6
11,Zprime_4000GeV_075,0.700396784053,4000.0,0.75
12,Zprime_4000GeV_030,0.814545119537,4000.0,0.3
13,Zprime_4000GeV_015,0.836758200308,4000.0,0.15
14,Zprime_3000GeV_030,0.803005028285,3000.0,0.3
15,Zprime_1500GeV_045,0.76984725099,1500.0,0.45
16,Zprime_3000GeV_075,0.710972290652,3000.0,0.75
17,Zprime_1500GeV_060,0.748455692296,1500.0,0.6
18,Zprime_3000GeV_015,0.825296777014,3000.0,0.15
19,Zprime_3500GeV_015,0.829550039047,3500.0,0.15
20,Zprime_3500GeV_030,0.808286708062,3500.0,0.3
21,Zprime_2000GeV_030,0.809578467919,2000.0,0.3
22,Zprime_2000GeV_015,0.826462414451,2000.0,0.15
23,Zprime_3500GeV_075,0.706470910009,3500.0,0.75
24,Zprime_3500GeV_045,0.778470129687,3500.0,0.45
25,Zprime_2500GeV_030,0.803732529336,2500.0,0.3
26,Zprime_2000GeV_060,0.759248469231,2000.0,0.6
27,Zprime_4000GeV_060,0.745292935452,4000.0,0.6
28,Zprime_2500GeV_075,0.711624976833,2500.0,0.75
29,Zprime_4000GeV_045,0.78173881268,4000.0,0.45
