,name,auc,mass,nu
0,Zprime_1500GeV_075,0.796429940696,1500.0,0.75
1,Zprime_1500GeV_015,0.862470947367,1500.0,0.15
2,Zprime_3000GeV_060,0.811406515177,3000.0,0.6
3,Zprime_1500GeV_030,0.849109614686,1500.0,0.3
4,Zprime_3000GeV_045,0.836211442388,3000.0,0.45
5,Zprime_2000GeV_045,0.845525633101,2000.0,0.45
6,Zprime_2500GeV_015,0.871789656321,2500.0,0.15
7,Zprime_3500GeV_060,0.806919460096,3500.0,0.6
8,Zprime_2500GeV_045,0.838330455599,2500.0,0.45
9,Zprime_2000GeV_075,0.800407572103,2000.0,0.75
10,Zprime_2500GeV_060,0.81454997543,2500.0,0.6
11,Zprime_4000GeV_075,0.771807461312,4000.0,0.75
12,Zprime_4000GeV_030,0.86445017905,4000.0,0.3
13,Zprime_4000GeV_015,0.87713125813,4000.0,0.15
14,Zprime_3000GeV_030,0.856310263462,3000.0,0.3
15,Zprime_1500GeV_045,0.829565903079,1500.0,0.45
16,Zprime_3000GeV_075,0.782958089347,3000.0,0.75
17,Zprime_1500GeV_060,0.816937695892,1500.0,0.6
18,Zprime_3000GeV_015,0.875437984407,3000.0,0.15
19,Zprime_3500GeV_015,0.875957404431,3500.0,0.15
20,Zprime_3500GeV_030,0.861113939325,3500.0,0.3
21,Zprime_2000GeV_030,0.861066233171,2000.0,0.3
22,Zprime_2000GeV_015,0.873382504635,2000.0,0.15
23,Zprime_3500GeV_075,0.778500919919,3500.0,0.75
24,Zprime_3500GeV_045,0.83543228899,3500.0,0.45
25,Zprime_2500GeV_030,0.856605290079,2500.0,0.3
26,Zprime_2000GeV_060,0.821421450655,2000.0,0.6
27,Zprime_4000GeV_060,0.808105427586,4000.0,0.6
28,Zprime_2500GeV_075,0.789050514784,2500.0,0.75
29,Zprime_4000GeV_045,0.837607217434,4000.0,0.45
