,name,auc,mass,nu
0,Zprime_1500GeV_075,0.808027427168,1500.0,0.75
1,Zprime_1500GeV_015,0.878326382063,1500.0,0.15
2,Zprime_3000GeV_060,0.815167804383,3000.0,0.6
3,Zprime_1500GeV_030,0.869726514073,1500.0,0.3
4,Zprime_3000GeV_045,0.843739820032,3000.0,0.45
5,Zprime_2000GeV_045,0.851621383349,2000.0,0.45
6,Zprime_2500GeV_015,0.881216454183,2500.0,0.15
7,Zprime_3500GeV_060,0.813562664109,3500.0,0.6
8,Zprime_2500GeV_045,0.845979873869,2500.0,0.45
9,Zprime_2000GeV_075,0.805714475334,2000.0,0.75
10,Zprime_2500GeV_060,0.821022242409,2500.0,0.6
11,Zprime_4000GeV_075,0.774656421568,4000.0,0.75
12,Zprime_4000GeV_030,0.871151456245,4000.0,0.3
13,Zprime_4000GeV_015,0.885922955405,4000.0,0.15
14,Zprime_3000GeV_030,0.864866379866,3000.0,0.3
15,Zprime_1500GeV_045,0.852914757376,1500.0,0.45
16,Zprime_3000GeV_075,0.786058939053,3000.0,0.75
17,Zprime_1500GeV_060,0.836586989481,1500.0,0.6
18,Zprime_3000GeV_015,0.882458183678,3000.0,0.15
19,Zprime_3500GeV_015,0.882935545034,3500.0,0.15
20,Zprime_3500GeV_030,0.867562675169,3500.0,0.3
21,Zprime_2000GeV_030,0.87012540151,2000.0,0.3
22,Zprime_2000GeV_015,0.883432373922,2000.0,0.15
23,Zprime_3500GeV_075,0.779975762212,3500.0,0.75
24,Zprime_3500GeV_045,0.842745489922,3500.0,0.45
25,Zprime_2500GeV_030,0.866298173688,2500.0,0.3
26,Zprime_2000GeV_060,0.829372607328,2000.0,0.6
27,Zprime_4000GeV_060,0.814066693288,4000.0,0.6
28,Zprime_2500GeV_075,0.794415629917,2500.0,0.75
29,Zprime_4000GeV_045,0.844889265367,4000.0,0.45
