,name,auc,mass,nu
0,Zprime_1500GeV_075,0.7263655556,1500.0,0.75
1,Zprime_1500GeV_015,0.825264808366,1500.0,0.15
2,Zprime_3000GeV_060,0.761839178161,3000.0,0.6
3,Zprime_1500GeV_030,0.811256136388,1500.0,0.3
4,Zprime_3000GeV_045,0.794818834366,3000.0,0.45
5,Zprime_2000GeV_045,0.794924154219,2000.0,0.45
6,Zprime_2500GeV_015,0.837711311379,2500.0,0.15
7,Zprime_3500GeV_060,0.763027395284,3500.0,0.6
8,Zprime_2500GeV_045,0.793629684882,2500.0,0.45
9,Zprime_2000GeV_075,0.73449339716,2000.0,0.75
10,Zprime_2500GeV_060,0.762360794764,2500.0,0.6
11,Zprime_4000GeV_075,0.720155799683,4000.0,0.75
12,Zprime_4000GeV_030,0.830791175084,4000.0,0.3
13,Zprime_4000GeV_015,0.850601218357,4000.0,0.15
14,Zprime_3000GeV_030,0.819166592078,3000.0,0.3
15,Zprime_1500GeV_045,0.782523496726,1500.0,0.45
16,Zprime_3000GeV_075,0.723905596539,3000.0,0.75
17,Zprime_1500GeV_060,0.763140974593,1500.0,0.6
18,Zprime_3000GeV_015,0.84253127619,3000.0,0.15
19,Zprime_3500GeV_015,0.8440583732,3500.0,0.15
20,Zprime_3500GeV_030,0.826152712346,3500.0,0.3
21,Zprime_2000GeV_030,0.818424746414,2000.0,0.3
22,Zprime_2000GeV_015,0.837085284808,2000.0,0.15
23,Zprime_3500GeV_075,0.72240160614,3500.0,0.75
24,Zprime_3500GeV_045,0.796506083361,3500.0,0.45
25,Zprime_2500GeV_030,0.818100246214,2500.0,0.3
26,Zprime_2000GeV_060,0.763774460067,2000.0,0.6
27,Zprime_4000GeV_060,0.76711271784,4000.0,0.6
28,Zprime_2500GeV_075,0.722877731239,2500.0,0.75
29,Zprime_4000GeV_045,0.798636962558,4000.0,0.45
