,name,auc,mass,nu
0,Zprime_1500GeV_075,0.785811842518,1500.0,0.75
1,Zprime_1500GeV_015,0.863822397782,1500.0,0.15
2,Zprime_3000GeV_060,0.802886502323,3000.0,0.6
3,Zprime_1500GeV_030,0.849839389277,1500.0,0.3
4,Zprime_3000GeV_045,0.832942188551,3000.0,0.45
5,Zprime_2000GeV_045,0.838979128164,2000.0,0.45
6,Zprime_2500GeV_015,0.870605730414,2500.0,0.15
7,Zprime_3500GeV_060,0.800753152621,3500.0,0.6
8,Zprime_2500GeV_045,0.834133745392,2500.0,0.45
9,Zprime_2000GeV_075,0.78765878737,2000.0,0.75
10,Zprime_2500GeV_060,0.807145415511,2500.0,0.6
11,Zprime_4000GeV_075,0.759137637111,4000.0,0.75
12,Zprime_4000GeV_030,0.859099386393,4000.0,0.3
13,Zprime_4000GeV_015,0.871783949367,4000.0,0.15
14,Zprime_3000GeV_030,0.853080161198,3000.0,0.3
15,Zprime_1500GeV_045,0.832317974546,1500.0,0.45
16,Zprime_3000GeV_075,0.769877239297,3000.0,0.75
17,Zprime_1500GeV_060,0.815180934397,1500.0,0.6
18,Zprime_3000GeV_015,0.872069254189,3000.0,0.15
19,Zprime_3500GeV_015,0.870173319198,3500.0,0.15
20,Zprime_3500GeV_030,0.855378503481,3500.0,0.3
21,Zprime_2000GeV_030,0.858748535974,2000.0,0.3
22,Zprime_2000GeV_015,0.872017464845,2000.0,0.15
23,Zprime_3500GeV_075,0.763330845746,3500.0,0.75
24,Zprime_3500GeV_045,0.830284841404,3500.0,0.45
25,Zprime_2500GeV_030,0.854781208345,2500.0,0.3
26,Zprime_2000GeV_060,0.812639664832,2000.0,0.6
27,Zprime_4000GeV_060,0.801836931718,4000.0,0.6
28,Zprime_2500GeV_075,0.775849713682,2500.0,0.75
29,Zprime_4000GeV_045,0.831848584756,4000.0,0.45
