,name,auc,mass,nu
0,Zprime_1500GeV_075,0.806782349712,1500.0,0.75
1,Zprime_1500GeV_015,0.873910689282,1500.0,0.15
2,Zprime_3000GeV_060,0.812906191883,3000.0,0.6
3,Zprime_1500GeV_030,0.865725394322,1500.0,0.3
4,Zprime_3000GeV_045,0.842409510451,3000.0,0.45
5,Zprime_2000GeV_045,0.848852451232,2000.0,0.45
6,Zprime_2500GeV_015,0.878275681416,2500.0,0.15
7,Zprime_3500GeV_060,0.811565709789,3500.0,0.6
8,Zprime_2500GeV_045,0.843389497138,2500.0,0.45
9,Zprime_2000GeV_075,0.802155372027,2000.0,0.75
10,Zprime_2500GeV_060,0.818550806474,2500.0,0.6
11,Zprime_4000GeV_075,0.77294460785,4000.0,0.75
12,Zprime_4000GeV_030,0.869754203546,4000.0,0.3
13,Zprime_4000GeV_015,0.883646404374,4000.0,0.15
14,Zprime_3000GeV_030,0.862942800048,3000.0,0.3
15,Zprime_1500GeV_045,0.849651778666,1500.0,0.45
16,Zprime_3000GeV_075,0.782936873006,3000.0,0.75
17,Zprime_1500GeV_060,0.833187390829,1500.0,0.6
18,Zprime_3000GeV_015,0.880164763788,3000.0,0.15
19,Zprime_3500GeV_015,0.881176927052,3500.0,0.15
20,Zprime_3500GeV_030,0.866314400168,3500.0,0.3
21,Zprime_2000GeV_030,0.867240285677,2000.0,0.3
22,Zprime_2000GeV_015,0.879949504179,2000.0,0.15
23,Zprime_3500GeV_075,0.777400517706,3500.0,0.75
24,Zprime_3500GeV_045,0.841962713891,3500.0,0.45
25,Zprime_2500GeV_030,0.863379077386,2500.0,0.3
26,Zprime_2000GeV_060,0.826485314257,2000.0,0.6
27,Zprime_4000GeV_060,0.812538532931,4000.0,0.6
28,Zprime_2500GeV_075,0.790655437464,2500.0,0.75
29,Zprime_4000GeV_045,0.843770443376,4000.0,0.45
