,name,auc,mass,nu
0,Zprime_1500GeV_075,0.73678205584,1500.0,0.75
1,Zprime_1500GeV_015,0.828329469895,1500.0,0.15
2,Zprime_3000GeV_060,0.762585406729,3000.0,0.6
3,Zprime_1500GeV_030,0.812519801013,1500.0,0.3
4,Zprime_3000GeV_045,0.791802527517,3000.0,0.45
5,Zprime_2000GeV_045,0.807030612183,2000.0,0.45
6,Zprime_2500GeV_015,0.841245893543,2500.0,0.15
7,Zprime_3500GeV_060,0.758893375313,3500.0,0.6
8,Zprime_2500GeV_045,0.799571212602,2500.0,0.45
9,Zprime_2000GeV_075,0.742852974512,2000.0,0.75
10,Zprime_2500GeV_060,0.76965827553,2500.0,0.6
11,Zprime_4000GeV_075,0.721618782695,4000.0,0.75
12,Zprime_4000GeV_030,0.810610811365,4000.0,0.3
13,Zprime_4000GeV_015,0.825060610897,4000.0,0.15
14,Zprime_3000GeV_030,0.81316881365,3000.0,0.3
15,Zprime_1500GeV_045,0.788249732485,1500.0,0.45
16,Zprime_3000GeV_075,0.730170702962,3000.0,0.75
17,Zprime_1500GeV_060,0.76591183606,1500.0,0.6
18,Zprime_3000GeV_015,0.832796614973,3000.0,0.15
19,Zprime_3500GeV_015,0.826387812158,3500.0,0.15
20,Zprime_3500GeV_030,0.81077444253,3500.0,0.3
21,Zprime_2000GeV_030,0.830582465928,2000.0,0.3
22,Zprime_2000GeV_015,0.84932385851,2000.0,0.15
23,Zprime_3500GeV_075,0.726252798747,3500.0,0.75
24,Zprime_3500GeV_045,0.787748256941,3500.0,0.45
25,Zprime_2500GeV_030,0.821192935959,2500.0,0.3
26,Zprime_2000GeV_060,0.772986428874,2000.0,0.6
27,Zprime_4000GeV_060,0.757298083986,4000.0,0.6
28,Zprime_2500GeV_075,0.731077395848,2500.0,0.75
29,Zprime_4000GeV_045,0.785726966161,4000.0,0.45
