,name,auc,mass,nu
0,Zprime_1500GeV_075,0.763900946554,1500.0,0.75
1,Zprime_1500GeV_015,0.843294346855,1500.0,0.15
2,Zprime_3000GeV_060,0.791050511453,3000.0,0.6
3,Zprime_1500GeV_030,0.833403645416,1500.0,0.3
4,Zprime_3000GeV_045,0.826988273772,3000.0,0.45
5,Zprime_2000GeV_045,0.823186152746,2000.0,0.45
6,Zprime_2500GeV_015,0.869445470096,2500.0,0.15
7,Zprime_3500GeV_060,0.791051921893,3500.0,0.6
8,Zprime_2500GeV_045,0.825267807959,2500.0,0.45
9,Zprime_2000GeV_075,0.761116746802,2000.0,0.75
10,Zprime_2500GeV_060,0.792705110876,2500.0,0.6
11,Zprime_4000GeV_075,0.742541174135,4000.0,0.75
12,Zprime_4000GeV_030,0.85796898017,4000.0,0.3
13,Zprime_4000GeV_015,0.874067133765,4000.0,0.15
14,Zprime_3000GeV_030,0.851048798456,3000.0,0.3
15,Zprime_1500GeV_045,0.812184104227,1500.0,0.45
16,Zprime_3000GeV_075,0.751245587389,3000.0,0.75
17,Zprime_1500GeV_060,0.789764031719,1500.0,0.6
18,Zprime_3000GeV_015,0.872655883776,3000.0,0.15
19,Zprime_3500GeV_015,0.874359257254,3500.0,0.15
20,Zprime_3500GeV_030,0.856979621837,3500.0,0.3
21,Zprime_2000GeV_030,0.846322414522,2000.0,0.3
22,Zprime_2000GeV_015,0.864085633381,2000.0,0.15
23,Zprime_3500GeV_075,0.747886068031,3500.0,0.75
24,Zprime_3500GeV_045,0.826302091758,3500.0,0.45
25,Zprime_2500GeV_030,0.849661098132,2500.0,0.3
26,Zprime_2000GeV_060,0.792920191312,2000.0,0.6
27,Zprime_4000GeV_060,0.791906195084,4000.0,0.6
28,Zprime_2500GeV_075,0.753851391965,2500.0,0.75
29,Zprime_4000GeV_045,0.828395080964,4000.0,0.45
