,name,auc,mass,nu
0,Zprime_1500GeV_075,0.722246456871,1500.0,0.75
1,Zprime_1500GeV_015,0.814540856627,1500.0,0.15
2,Zprime_3000GeV_060,0.756599228376,3000.0,0.6
3,Zprime_1500GeV_030,0.802133588671,1500.0,0.3
4,Zprime_3000GeV_045,0.791227864135,3000.0,0.45
5,Zprime_2000GeV_045,0.789305076256,2000.0,0.45
6,Zprime_2500GeV_015,0.835263517872,2500.0,0.15
7,Zprime_3500GeV_060,0.758145918966,3500.0,0.6
8,Zprime_2500GeV_045,0.79071589455,2500.0,0.45
9,Zprime_2000GeV_075,0.727571511028,2000.0,0.75
10,Zprime_2500GeV_060,0.759230976933,2500.0,0.6
11,Zprime_4000GeV_075,0.715702598071,4000.0,0.75
12,Zprime_4000GeV_030,0.826666805146,4000.0,0.3
13,Zprime_4000GeV_015,0.846399551728,4000.0,0.15
14,Zprime_3000GeV_030,0.815654247249,3000.0,0.3
15,Zprime_1500GeV_045,0.774431491075,1500.0,0.45
16,Zprime_3000GeV_075,0.718589194807,3000.0,0.75
17,Zprime_1500GeV_060,0.753998788994,1500.0,0.6
18,Zprime_3000GeV_015,0.838759528311,3000.0,0.15
19,Zprime_3500GeV_015,0.841163441004,3500.0,0.15
20,Zprime_3500GeV_030,0.821383308254,3500.0,0.3
21,Zprime_2000GeV_030,0.814715052746,2000.0,0.3
22,Zprime_2000GeV_015,0.832427672072,2000.0,0.15
23,Zprime_3500GeV_075,0.716883687972,3500.0,0.75
24,Zprime_3500GeV_045,0.791106227626,3500.0,0.45
25,Zprime_2500GeV_030,0.815111798527,2500.0,0.3
26,Zprime_2000GeV_060,0.757274099414,2000.0,0.6
27,Zprime_4000GeV_060,0.760512241924,4000.0,0.6
28,Zprime_2500GeV_075,0.71925685169,2500.0,0.75
29,Zprime_4000GeV_045,0.795413586057,4000.0,0.45
