,name,auc,mass,nu
0,Zprime_1500GeV_075,0.722236713538,1500.0,0.75
1,Zprime_1500GeV_015,0.819101207114,1500.0,0.15
2,Zprime_3000GeV_060,0.748903614425,3000.0,0.6
3,Zprime_1500GeV_030,0.800946059305,1500.0,0.3
4,Zprime_3000GeV_045,0.783460556404,3000.0,0.45
5,Zprime_2000GeV_045,0.784902095316,2000.0,0.45
6,Zprime_2500GeV_015,0.831767309995,2500.0,0.15
7,Zprime_3500GeV_060,0.748482311381,3500.0,0.6
8,Zprime_2500GeV_045,0.783752953962,2500.0,0.45
9,Zprime_2000GeV_075,0.721591200565,2000.0,0.75
10,Zprime_2500GeV_060,0.750372871586,2500.0,0.6
11,Zprime_4000GeV_075,0.702601485878,4000.0,0.75
12,Zprime_4000GeV_030,0.816560339793,4000.0,0.3
13,Zprime_4000GeV_015,0.831552061187,4000.0,0.15
14,Zprime_3000GeV_030,0.807912487681,3000.0,0.3
15,Zprime_1500GeV_045,0.772577394422,1500.0,0.45
16,Zprime_3000GeV_075,0.711228622252,3000.0,0.75
17,Zprime_1500GeV_060,0.751441035492,1500.0,0.6
18,Zprime_3000GeV_015,0.831680266023,3000.0,0.15
19,Zprime_3500GeV_015,0.830524481796,3500.0,0.15
20,Zprime_3500GeV_030,0.812628393283,3500.0,0.3
21,Zprime_2000GeV_030,0.811557555245,2000.0,0.3
22,Zprime_2000GeV_015,0.831011107986,2000.0,0.15
23,Zprime_3500GeV_075,0.708214456303,3500.0,0.75
24,Zprime_3500GeV_045,0.782720710024,3500.0,0.45
25,Zprime_2500GeV_030,0.810078763247,2500.0,0.3
26,Zprime_2000GeV_060,0.755121407841,2000.0,0.6
27,Zprime_4000GeV_060,0.750411308832,4000.0,0.6
28,Zprime_2500GeV_075,0.712238498992,2500.0,0.75
29,Zprime_4000GeV_045,0.783452641227,4000.0,0.45
