,name,auc,mass,nu
0,Zprime_1500GeV_075,0.811392805764,1500.0,0.75
1,Zprime_1500GeV_015,0.877651041088,1500.0,0.15
2,Zprime_3000GeV_060,0.818558638632,3000.0,0.6
3,Zprime_1500GeV_030,0.870150525425,1500.0,0.3
4,Zprime_3000GeV_045,0.846618992418,3000.0,0.45
5,Zprime_2000GeV_045,0.854820789833,2000.0,0.45
6,Zprime_2500GeV_015,0.882895633736,2500.0,0.15
7,Zprime_3500GeV_060,0.815918683499,3500.0,0.6
8,Zprime_2500GeV_045,0.848975487946,2500.0,0.45
9,Zprime_2000GeV_075,0.809106832257,2000.0,0.75
10,Zprime_2500GeV_060,0.825057495718,2500.0,0.6
11,Zprime_4000GeV_075,0.777378671235,4000.0,0.75
12,Zprime_4000GeV_030,0.872018286174,4000.0,0.3
13,Zprime_4000GeV_015,0.886058313604,4000.0,0.15
14,Zprime_3000GeV_030,0.866863092123,3000.0,0.3
15,Zprime_1500GeV_045,0.855091635184,1500.0,0.45
16,Zprime_3000GeV_075,0.789640807321,3000.0,0.75
17,Zprime_1500GeV_060,0.83728393517,1500.0,0.6
18,Zprime_3000GeV_015,0.883157197441,3000.0,0.15
19,Zprime_3500GeV_015,0.883877421845,3500.0,0.15
20,Zprime_3500GeV_030,0.869009933908,3500.0,0.3
21,Zprime_2000GeV_030,0.873291234144,2000.0,0.3
22,Zprime_2000GeV_015,0.885752219047,2000.0,0.15
23,Zprime_3500GeV_075,0.782876660885,3500.0,0.75
24,Zprime_3500GeV_045,0.845935858445,3500.0,0.45
25,Zprime_2500GeV_030,0.868565427068,2500.0,0.3
26,Zprime_2000GeV_060,0.833165497308,2000.0,0.6
27,Zprime_4000GeV_060,0.815911376362,4000.0,0.6
28,Zprime_2500GeV_075,0.797426520167,2500.0,0.75
29,Zprime_4000GeV_045,0.846776260441,4000.0,0.45
