,name,auc,mass,nu
0,Zprime_1500GeV_075,0.752509366564,1500.0,0.75
1,Zprime_1500GeV_015,0.846288705484,1500.0,0.15
2,Zprime_3000GeV_060,0.787463210073,3000.0,0.6
3,Zprime_1500GeV_030,0.833167135904,1500.0,0.3
4,Zprime_3000GeV_045,0.821957178052,3000.0,0.45
5,Zprime_2000GeV_045,0.826761644591,2000.0,0.45
6,Zprime_2500GeV_015,0.868424726931,2500.0,0.15
7,Zprime_3500GeV_060,0.783569800723,3500.0,0.6
8,Zprime_2500GeV_045,0.825934233266,2500.0,0.45
9,Zprime_2000GeV_075,0.75854806299,2000.0,0.75
10,Zprime_2500GeV_060,0.79442529333,2500.0,0.6
11,Zprime_4000GeV_075,0.732596820246,4000.0,0.75
12,Zprime_4000GeV_030,0.841401973915,4000.0,0.3
13,Zprime_4000GeV_015,0.850333499764,4000.0,0.15
14,Zprime_3000GeV_030,0.845064078451,3000.0,0.3
15,Zprime_1500GeV_045,0.806526602229,1500.0,0.45
16,Zprime_3000GeV_075,0.747193739334,3000.0,0.75
17,Zprime_1500GeV_060,0.781107842617,1500.0,0.6
18,Zprime_3000GeV_015,0.86496745697,3000.0,0.15
19,Zprime_3500GeV_015,0.85781724375,3500.0,0.15
20,Zprime_3500GeV_030,0.843734896124,3500.0,0.3
21,Zprime_2000GeV_030,0.851565731601,2000.0,0.3
22,Zprime_2000GeV_015,0.869925335365,2000.0,0.15
23,Zprime_3500GeV_075,0.741942572852,3500.0,0.75
24,Zprime_3500GeV_045,0.817755397386,3500.0,0.45
25,Zprime_2500GeV_030,0.850216143918,2500.0,0.3
26,Zprime_2000GeV_060,0.795046251859,2000.0,0.6
27,Zprime_4000GeV_060,0.781557133078,4000.0,0.6
28,Zprime_2500GeV_075,0.749400589133,2500.0,0.75
29,Zprime_4000GeV_045,0.812920358676,4000.0,0.45
