,name,auc,mass,nu
0,Zprime_1500GeV_075,0.799449683414,1500.0,0.75
1,Zprime_1500GeV_015,0.870067692816,1500.0,0.15
2,Zprime_3000GeV_060,0.817463374112,3000.0,0.6
3,Zprime_1500GeV_030,0.855950009824,1500.0,0.3
4,Zprime_3000GeV_045,0.841301461072,3000.0,0.45
5,Zprime_2000GeV_045,0.856312358711,2000.0,0.45
6,Zprime_2500GeV_015,0.876531883901,2500.0,0.15
7,Zprime_3500GeV_060,0.809747461025,3500.0,0.6
8,Zprime_2500GeV_045,0.846324482577,2500.0,0.45
9,Zprime_2000GeV_075,0.806510485929,2000.0,0.75
10,Zprime_2500GeV_060,0.823383304089,2500.0,0.6
11,Zprime_4000GeV_075,0.773550155759,4000.0,0.75
12,Zprime_4000GeV_030,0.863931332082,4000.0,0.3
13,Zprime_4000GeV_015,0.877323825016,4000.0,0.15
14,Zprime_3000GeV_030,0.85998768482,3000.0,0.3
15,Zprime_1500GeV_045,0.837236882386,1500.0,0.45
16,Zprime_3000GeV_075,0.78763716978,3000.0,0.75
17,Zprime_1500GeV_060,0.820613301253,1500.0,0.6
18,Zprime_3000GeV_015,0.876758220205,3000.0,0.15
19,Zprime_3500GeV_015,0.876889255273,3500.0,0.15
20,Zprime_3500GeV_030,0.862232516224,3500.0,0.3
21,Zprime_2000GeV_030,0.872560112318,2000.0,0.3
22,Zprime_2000GeV_015,0.883515691956,2000.0,0.15
23,Zprime_3500GeV_075,0.781662139237,3500.0,0.75
24,Zprime_3500GeV_045,0.837746627992,3500.0,0.45
25,Zprime_2500GeV_030,0.862707262567,2500.0,0.3
26,Zprime_2000GeV_060,0.83092103832,2000.0,0.6
27,Zprime_4000GeV_060,0.809520010626,4000.0,0.6
28,Zprime_2500GeV_075,0.795397668293,2500.0,0.75
29,Zprime_4000GeV_045,0.837880342628,4000.0,0.45
