,name,auc,mass,nu
0,Zprime_1500GeV_075,0.72409906518,1500.0,0.75
1,Zprime_1500GeV_015,0.818095542642,1500.0,0.15
2,Zprime_3000GeV_060,0.76495059035,3000.0,0.6
3,Zprime_1500GeV_030,0.806254577282,1500.0,0.3
4,Zprime_3000GeV_045,0.7980350561,3000.0,0.45
5,Zprime_2000GeV_045,0.796716957703,2000.0,0.45
6,Zprime_2500GeV_015,0.841802353623,2500.0,0.15
7,Zprime_3500GeV_060,0.764831584495,3500.0,0.6
8,Zprime_2500GeV_045,0.79838809082,2500.0,0.45
9,Zprime_2000GeV_075,0.734808778515,2000.0,0.75
10,Zprime_2500GeV_060,0.765478110286,2500.0,0.6
11,Zprime_4000GeV_075,0.719803047616,4000.0,0.75
12,Zprime_4000GeV_030,0.831388380213,4000.0,0.3
13,Zprime_4000GeV_015,0.851513076088,4000.0,0.15
14,Zprime_3000GeV_030,0.82250464654,3000.0,0.3
15,Zprime_1500GeV_045,0.778140130259,1500.0,0.45
16,Zprime_3000GeV_075,0.724694305467,3000.0,0.75
17,Zprime_1500GeV_060,0.751380491722,1500.0,0.6
18,Zprime_3000GeV_015,0.844999319208,3000.0,0.15
19,Zprime_3500GeV_015,0.846875606542,3500.0,0.15
20,Zprime_3500GeV_030,0.827349166783,3500.0,0.3
21,Zprime_2000GeV_030,0.822453562996,2000.0,0.3
22,Zprime_2000GeV_015,0.83964126316,2000.0,0.15
23,Zprime_3500GeV_075,0.72282524245,3500.0,0.75
24,Zprime_3500GeV_045,0.797702602295,3500.0,0.45
25,Zprime_2500GeV_030,0.821363216163,2500.0,0.3
26,Zprime_2000GeV_060,0.766219385481,2000.0,0.6
27,Zprime_4000GeV_060,0.766625860778,4000.0,0.6
28,Zprime_2500GeV_075,0.7255307011,2500.0,0.75
29,Zprime_4000GeV_045,0.800634717529,4000.0,0.45
