,name,auc,mass,nu
0,Zprime_1500GeV_075,0.708023338635,1500.0,0.75
1,Zprime_1500GeV_015,0.8028087953,1500.0,0.15
2,Zprime_3000GeV_060,0.754074699693,3000.0,0.6
3,Zprime_1500GeV_030,0.793851730442,1500.0,0.3
4,Zprime_3000GeV_045,0.787360093961,3000.0,0.45
5,Zprime_2000GeV_045,0.789032672834,2000.0,0.45
6,Zprime_2500GeV_015,0.832586343507,2500.0,0.15
7,Zprime_3500GeV_060,0.754063855227,3500.0,0.6
8,Zprime_2500GeV_045,0.787505814829,2500.0,0.45
9,Zprime_2000GeV_075,0.718984273827,2000.0,0.75
10,Zprime_2500GeV_060,0.756737578666,2500.0,0.6
11,Zprime_4000GeV_075,0.711037011081,4000.0,0.75
12,Zprime_4000GeV_030,0.817472804144,4000.0,0.3
13,Zprime_4000GeV_015,0.835874775676,4000.0,0.15
14,Zprime_3000GeV_030,0.811499130609,3000.0,0.3
15,Zprime_1500GeV_045,0.763964912306,1500.0,0.45
16,Zprime_3000GeV_075,0.715068452974,3000.0,0.75
17,Zprime_1500GeV_060,0.741938650986,1500.0,0.6
18,Zprime_3000GeV_015,0.834286602579,3000.0,0.15
19,Zprime_3500GeV_015,0.833617668254,3500.0,0.15
20,Zprime_3500GeV_030,0.816207314173,3500.0,0.3
21,Zprime_2000GeV_030,0.812594729591,2000.0,0.3
22,Zprime_2000GeV_015,0.830980386658,2000.0,0.15
23,Zprime_3500GeV_075,0.714644621781,3500.0,0.75
24,Zprime_3500GeV_045,0.78550933251,3500.0,0.45
25,Zprime_2500GeV_030,0.812351170104,2500.0,0.3
26,Zprime_2000GeV_060,0.75397411923,2000.0,0.6
27,Zprime_4000GeV_060,0.754955607124,4000.0,0.6
28,Zprime_2500GeV_075,0.712945363214,2500.0,0.75
29,Zprime_4000GeV_045,0.788610154361,4000.0,0.45
