,name,auc,mass,nu
0,Zprime_1500GeV_075,0.789924052816,1500.0,0.75
1,Zprime_1500GeV_015,0.854336745815,1500.0,0.15
2,Zprime_3000GeV_060,0.799380720737,3000.0,0.6
3,Zprime_1500GeV_030,0.843242855614,1500.0,0.3
4,Zprime_3000GeV_045,0.825177271647,3000.0,0.45
5,Zprime_2000GeV_045,0.836308167524,2000.0,0.45
6,Zprime_2500GeV_015,0.861788017745,2500.0,0.15
7,Zprime_3500GeV_060,0.795473230325,3500.0,0.6
8,Zprime_2500GeV_045,0.828164296899,2500.0,0.45
9,Zprime_2000GeV_075,0.791641871005,2000.0,0.75
10,Zprime_2500GeV_060,0.804266913678,2500.0,0.6
11,Zprime_4000GeV_075,0.762586830001,4000.0,0.75
12,Zprime_4000GeV_030,0.857928095298,4000.0,0.3
13,Zprime_4000GeV_015,0.873672743445,4000.0,0.15
14,Zprime_3000GeV_030,0.846353923863,3000.0,0.3
15,Zprime_1500GeV_045,0.825311395267,1500.0,0.45
16,Zprime_3000GeV_075,0.772075604147,3000.0,0.75
17,Zprime_1500GeV_060,0.8105548474,1500.0,0.6
18,Zprime_3000GeV_015,0.865595259123,3000.0,0.15
19,Zprime_3500GeV_015,0.87055311378,3500.0,0.15
20,Zprime_3500GeV_030,0.852175279607,3500.0,0.3
21,Zprime_2000GeV_030,0.854153719392,2000.0,0.3
22,Zprime_2000GeV_015,0.866533348121,2000.0,0.15
23,Zprime_3500GeV_075,0.767775835381,3500.0,0.75
24,Zprime_3500GeV_045,0.82640450808,3500.0,0.45
25,Zprime_2500GeV_030,0.846187411299,2500.0,0.3
26,Zprime_2000GeV_060,0.81260788875,2000.0,0.6
27,Zprime_4000GeV_060,0.79864057694,4000.0,0.6
28,Zprime_2500GeV_075,0.779782781212,2500.0,0.75
29,Zprime_4000GeV_045,0.829221143634,4000.0,0.45
