,name,auc,mass,nu
0,Zprime_1500GeV_075,0.727922837308,1500.0,0.75
1,Zprime_1500GeV_015,0.819386442645,1500.0,0.15
2,Zprime_3000GeV_060,0.754839232708,3000.0,0.6
3,Zprime_1500GeV_030,0.806137920156,1500.0,0.3
4,Zprime_3000GeV_045,0.791865144541,3000.0,0.45
5,Zprime_2000GeV_045,0.783767107805,2000.0,0.45
6,Zprime_2500GeV_015,0.836165199326,2500.0,0.15
7,Zprime_3500GeV_060,0.760017462446,3500.0,0.6
8,Zprime_2500GeV_045,0.786037938355,2500.0,0.45
9,Zprime_2000GeV_075,0.727306969372,2000.0,0.75
10,Zprime_2500GeV_060,0.753184761547,2500.0,0.6
11,Zprime_4000GeV_075,0.715020536035,4000.0,0.75
12,Zprime_4000GeV_030,0.834867042244,4000.0,0.3
13,Zprime_4000GeV_015,0.855373138253,4000.0,0.15
14,Zprime_3000GeV_030,0.818216389203,3000.0,0.3
15,Zprime_1500GeV_045,0.777719256011,1500.0,0.45
16,Zprime_3000GeV_075,0.715343986742,3000.0,0.75
17,Zprime_1500GeV_060,0.760434620678,1500.0,0.6
18,Zprime_3000GeV_015,0.844513938777,3000.0,0.15
19,Zprime_3500GeV_015,0.848426136806,3500.0,0.15
20,Zprime_3500GeV_030,0.828480567495,3500.0,0.3
21,Zprime_2000GeV_030,0.808461450825,2000.0,0.3
22,Zprime_2000GeV_015,0.828869503013,2000.0,0.15
23,Zprime_3500GeV_075,0.717413990736,3500.0,0.75
24,Zprime_3500GeV_045,0.794727105028,3500.0,0.45
25,Zprime_2500GeV_030,0.813916790314,2500.0,0.3
26,Zprime_2000GeV_060,0.754886391742,2000.0,0.6
27,Zprime_4000GeV_060,0.764581185344,4000.0,0.6
28,Zprime_2500GeV_075,0.716141213923,2500.0,0.75
29,Zprime_4000GeV_045,0.800261051275,4000.0,0.45
