,name,auc,mass,nu
0,Zprime_1500GeV_075,0.796040731217,1500.0,0.75
1,Zprime_1500GeV_015,0.871466970724,1500.0,0.15
2,Zprime_3000GeV_060,0.808871946648,3000.0,0.6
3,Zprime_1500GeV_030,0.861006735294,1500.0,0.3
4,Zprime_3000GeV_045,0.838532609932,3000.0,0.45
5,Zprime_2000GeV_045,0.844667180404,2000.0,0.45
6,Zprime_2500GeV_015,0.87760299869,2500.0,0.15
7,Zprime_3500GeV_060,0.807761263323,3500.0,0.6
8,Zprime_2500GeV_045,0.839716089354,2500.0,0.45
9,Zprime_2000GeV_075,0.794790643566,2000.0,0.75
10,Zprime_2500GeV_060,0.813886976038,2500.0,0.6
11,Zprime_4000GeV_075,0.767110708602,4000.0,0.75
12,Zprime_4000GeV_030,0.865558202947,4000.0,0.3
13,Zprime_4000GeV_015,0.879106037012,4000.0,0.15
14,Zprime_3000GeV_030,0.858655174319,3000.0,0.3
15,Zprime_1500GeV_045,0.842655031561,1500.0,0.45
16,Zprime_3000GeV_075,0.778564660597,3000.0,0.75
17,Zprime_1500GeV_060,0.826924070764,1500.0,0.6
18,Zprime_3000GeV_015,0.87601541379,3000.0,0.15
19,Zprime_3500GeV_015,0.876646435591,3500.0,0.15
20,Zprime_3500GeV_030,0.862185749219,3500.0,0.3
21,Zprime_2000GeV_030,0.865295662473,2000.0,0.3
22,Zprime_2000GeV_015,0.878499710622,2000.0,0.15
23,Zprime_3500GeV_075,0.771660944798,3500.0,0.75
24,Zprime_3500GeV_045,0.83658832575,3500.0,0.45
25,Zprime_2500GeV_030,0.861016380491,2500.0,0.3
26,Zprime_2000GeV_060,0.820230308479,2000.0,0.6
27,Zprime_4000GeV_060,0.808812164138,4000.0,0.6
28,Zprime_2500GeV_075,0.783050035551,2500.0,0.75
29,Zprime_4000GeV_045,0.838459269,4000.0,0.45
