,name,auc,mass,nu
0,Zprime_1500GeV_075,0.781188356068,1500.0,0.75
1,Zprime_1500GeV_015,0.843614680307,1500.0,0.15
2,Zprime_3000GeV_060,0.780076957261,3000.0,0.6
3,Zprime_1500GeV_030,0.830919093262,1500.0,0.3
4,Zprime_3000GeV_045,0.798139228244,3000.0,0.45
5,Zprime_2000GeV_045,0.824100797147,2000.0,0.45
6,Zprime_2500GeV_015,0.834759995634,2500.0,0.15
7,Zprime_3500GeV_060,0.773877157343,3500.0,0.6
8,Zprime_2500GeV_045,0.806913597443,2500.0,0.45
9,Zprime_2000GeV_075,0.784526717711,2000.0,0.75
10,Zprime_2500GeV_060,0.788559889557,2500.0,0.6
11,Zprime_4000GeV_075,0.750565109318,4000.0,0.75
12,Zprime_4000GeV_030,0.822475132506,4000.0,0.3
13,Zprime_4000GeV_015,0.834973497227,4000.0,0.15
14,Zprime_3000GeV_030,0.814209748266,3000.0,0.3
15,Zprime_1500GeV_045,0.813817594316,1500.0,0.45
16,Zprime_3000GeV_075,0.75945962766,3000.0,0.75
17,Zprime_1500GeV_060,0.801049202929,1500.0,0.6
18,Zprime_3000GeV_015,0.829171126288,3000.0,0.15
19,Zprime_3500GeV_015,0.829866446275,3500.0,0.15
20,Zprime_3500GeV_030,0.816739140177,3500.0,0.3
21,Zprime_2000GeV_030,0.839369158253,2000.0,0.3
22,Zprime_2000GeV_015,0.850184258979,2000.0,0.15
23,Zprime_3500GeV_075,0.754923358167,3500.0,0.75
24,Zprime_3500GeV_045,0.796579152456,3500.0,0.45
25,Zprime_2500GeV_030,0.822120398811,2500.0,0.3
26,Zprime_2000GeV_060,0.802012108804,2000.0,0.6
27,Zprime_4000GeV_060,0.775743404951,4000.0,0.6
28,Zprime_2500GeV_075,0.76905429387,2500.0,0.75
29,Zprime_4000GeV_045,0.800285321172,4000.0,0.45
