,name,auc,mass,nu
0,Zprime_1500GeV_075,0.802787216559,1500.0,0.75
1,Zprime_1500GeV_015,0.874381641866,1500.0,0.15
2,Zprime_3000GeV_060,0.808742422391,3000.0,0.6
3,Zprime_1500GeV_030,0.863794739129,1500.0,0.3
4,Zprime_3000GeV_045,0.836924097574,3000.0,0.45
5,Zprime_2000GeV_045,0.846569291543,2000.0,0.45
6,Zprime_2500GeV_015,0.875663343527,2500.0,0.15
7,Zprime_3500GeV_060,0.806672522441,3500.0,0.6
8,Zprime_2500GeV_045,0.840140920578,2500.0,0.45
9,Zprime_2000GeV_075,0.802666703201,2000.0,0.75
10,Zprime_2500GeV_060,0.814419111789,2500.0,0.6
11,Zprime_4000GeV_075,0.767728920593,4000.0,0.75
12,Zprime_4000GeV_030,0.860389984061,4000.0,0.3
13,Zprime_4000GeV_015,0.874148950973,4000.0,0.15
14,Zprime_3000GeV_030,0.85696238386,3000.0,0.3
15,Zprime_1500GeV_045,0.843843810095,1500.0,0.45
16,Zprime_3000GeV_075,0.781199012429,3000.0,0.75
17,Zprime_1500GeV_060,0.830133501139,1500.0,0.6
18,Zprime_3000GeV_015,0.874558650846,3000.0,0.15
19,Zprime_3500GeV_015,0.873571361443,3500.0,0.15
20,Zprime_3500GeV_030,0.858573863139,3500.0,0.3
21,Zprime_2000GeV_030,0.866373766287,2000.0,0.3
22,Zprime_2000GeV_015,0.87796334489,2000.0,0.15
23,Zprime_3500GeV_075,0.773302833814,3500.0,0.75
24,Zprime_3500GeV_045,0.833907985031,3500.0,0.45
25,Zprime_2500GeV_030,0.859535788979,2500.0,0.3
26,Zprime_2000GeV_060,0.823748765977,2000.0,0.6
27,Zprime_4000GeV_060,0.806349028983,4000.0,0.6
28,Zprime_2500GeV_075,0.787227192831,2500.0,0.75
29,Zprime_4000GeV_045,0.833971762625,4000.0,0.45
