,name,auc,mass,nu
0,Zprime_1500GeV_075,0.78784217498,1500.0,0.75
1,Zprime_1500GeV_015,0.85772134492,1500.0,0.15
2,Zprime_3000GeV_060,0.805120653393,3000.0,0.6
3,Zprime_1500GeV_030,0.844573741389,1500.0,0.3
4,Zprime_3000GeV_045,0.831480082144,3000.0,0.45
5,Zprime_2000GeV_045,0.840025182496,2000.0,0.45
6,Zprime_2500GeV_015,0.867272573605,2500.0,0.15
7,Zprime_3500GeV_060,0.802084511083,3500.0,0.6
8,Zprime_2500GeV_045,0.832748921931,2500.0,0.45
9,Zprime_2000GeV_075,0.7907759194,2000.0,0.75
10,Zprime_2500GeV_060,0.807379467042,2500.0,0.6
11,Zprime_4000GeV_075,0.767175594055,4000.0,0.75
12,Zprime_4000GeV_030,0.864748844283,4000.0,0.3
13,Zprime_4000GeV_015,0.880073233052,4000.0,0.15
14,Zprime_3000GeV_030,0.853129047929,3000.0,0.3
15,Zprime_1500GeV_045,0.825406161426,1500.0,0.45
16,Zprime_3000GeV_075,0.77437748887,3000.0,0.75
17,Zprime_1500GeV_060,0.810211842357,1500.0,0.6
18,Zprime_3000GeV_015,0.872854587844,3000.0,0.15
19,Zprime_3500GeV_015,0.876579052571,3500.0,0.15
20,Zprime_3500GeV_030,0.859178504851,3500.0,0.3
21,Zprime_2000GeV_030,0.857391441052,2000.0,0.3
22,Zprime_2000GeV_015,0.870157251805,2000.0,0.15
23,Zprime_3500GeV_075,0.771128227749,3500.0,0.75
24,Zprime_3500GeV_045,0.832393100182,3500.0,0.45
25,Zprime_2500GeV_030,0.85140481538,2500.0,0.3
26,Zprime_2000GeV_060,0.813845197088,2000.0,0.6
27,Zprime_4000GeV_060,0.804563227239,4000.0,0.6
28,Zprime_2500GeV_075,0.780875808557,2500.0,0.75
29,Zprime_4000GeV_045,0.836620208161,4000.0,0.45
