,name,auc,mass,nu
0,Zprime_1500GeV_075,0.79366885827,1500.0,0.75
1,Zprime_1500GeV_015,0.872693696948,1500.0,0.15
2,Zprime_3000GeV_060,0.806740402219,3000.0,0.6
3,Zprime_1500GeV_030,0.859065053706,1500.0,0.3
4,Zprime_3000GeV_045,0.835003928032,3000.0,0.45
5,Zprime_2000GeV_045,0.846473444397,2000.0,0.45
6,Zprime_2500GeV_015,0.874138154903,2500.0,0.15
7,Zprime_3500GeV_060,0.804387097162,3500.0,0.6
8,Zprime_2500GeV_045,0.838544636002,2500.0,0.45
9,Zprime_2000GeV_075,0.796130827835,2000.0,0.75
10,Zprime_2500GeV_060,0.814368021239,2500.0,0.6
11,Zprime_4000GeV_075,0.763230930917,4000.0,0.75
12,Zprime_4000GeV_030,0.860339093039,4000.0,0.3
13,Zprime_4000GeV_015,0.876266488776,4000.0,0.15
14,Zprime_3000GeV_030,0.855784660665,3000.0,0.3
15,Zprime_1500GeV_045,0.842963647523,1500.0,0.45
16,Zprime_3000GeV_075,0.77647404319,3000.0,0.75
17,Zprime_1500GeV_060,0.820823105692,1500.0,0.6
18,Zprime_3000GeV_015,0.871815618401,3000.0,0.15
19,Zprime_3500GeV_015,0.87342829918,3500.0,0.15
20,Zprime_3500GeV_030,0.858177981666,3500.0,0.3
21,Zprime_2000GeV_030,0.864376349901,2000.0,0.3
22,Zprime_2000GeV_015,0.878327292911,2000.0,0.15
23,Zprime_3500GeV_075,0.770266924411,3500.0,0.75
24,Zprime_3500GeV_045,0.835258269435,3500.0,0.45
25,Zprime_2500GeV_030,0.858492099757,2500.0,0.3
26,Zprime_2000GeV_060,0.822086768074,2000.0,0.6
27,Zprime_4000GeV_060,0.805803801994,4000.0,0.6
28,Zprime_2500GeV_075,0.781719571115,2500.0,0.75
29,Zprime_4000GeV_045,0.83599581963,4000.0,0.45
