,name,auc,mass,nu
0,Zprime_1500GeV_075,0.74857361012,1500.0,0.75
1,Zprime_1500GeV_015,0.839276555913,1500.0,0.15
2,Zprime_3000GeV_060,0.767097016527,3000.0,0.6
3,Zprime_1500GeV_030,0.82505794038,1500.0,0.3
4,Zprime_3000GeV_045,0.797601293186,3000.0,0.45
5,Zprime_2000GeV_045,0.806748328605,2000.0,0.45
6,Zprime_2500GeV_015,0.841515590893,2500.0,0.15
7,Zprime_3500GeV_060,0.766128965964,3500.0,0.6
8,Zprime_2500GeV_045,0.80004389337,2500.0,0.45
9,Zprime_2000GeV_075,0.753422788173,2000.0,0.75
10,Zprime_2500GeV_060,0.771099003023,2500.0,0.6
11,Zprime_4000GeV_075,0.725366364848,4000.0,0.75
12,Zprime_4000GeV_030,0.824034156668,4000.0,0.3
13,Zprime_4000GeV_015,0.841688742648,4000.0,0.15
14,Zprime_3000GeV_030,0.819225905883,3000.0,0.3
15,Zprime_1500GeV_045,0.799146183083,1500.0,0.45
16,Zprime_3000GeV_075,0.735368625895,3000.0,0.75
17,Zprime_1500GeV_060,0.782221213438,1500.0,0.6
18,Zprime_3000GeV_015,0.840046264195,3000.0,0.15
19,Zprime_3500GeV_015,0.837181570754,3500.0,0.15
20,Zprime_3500GeV_030,0.822291894266,3500.0,0.3
21,Zprime_2000GeV_030,0.829983907617,2000.0,0.3
22,Zprime_2000GeV_015,0.8460578198,2000.0,0.15
23,Zprime_3500GeV_075,0.731193177421,3500.0,0.75
24,Zprime_3500GeV_045,0.794138657073,3500.0,0.45
25,Zprime_2500GeV_030,0.823049212251,2500.0,0.3
26,Zprime_2000GeV_060,0.780065351112,2000.0,0.6
27,Zprime_4000GeV_060,0.767290819249,4000.0,0.6
28,Zprime_2500GeV_075,0.739183963544,2500.0,0.75
29,Zprime_4000GeV_045,0.795131113377,4000.0,0.45
