,name,auc,mass,nu
0,Zprime_1500GeV_075,0.79926583987,1500.0,0.75
1,Zprime_1500GeV_015,0.868041200527,1500.0,0.15
2,Zprime_3000GeV_060,0.808496724167,3000.0,0.6
3,Zprime_1500GeV_030,0.85624416996,1500.0,0.3
4,Zprime_3000GeV_045,0.831094254018,3000.0,0.45
5,Zprime_2000GeV_045,0.848074453438,2000.0,0.45
6,Zprime_2500GeV_015,0.868096492559,2500.0,0.15
7,Zprime_3500GeV_060,0.802990547115,3500.0,0.6
8,Zprime_2500GeV_045,0.837062156918,2500.0,0.45
9,Zprime_2000GeV_075,0.802082514019,2000.0,0.75
10,Zprime_2500GeV_060,0.815050213927,2500.0,0.6
11,Zprime_4000GeV_075,0.772694587334,4000.0,0.75
12,Zprime_4000GeV_030,0.85389229374,4000.0,0.3
13,Zprime_4000GeV_015,0.866902023296,4000.0,0.15
14,Zprime_3000GeV_030,0.848598731969,3000.0,0.3
15,Zprime_1500GeV_045,0.836191782835,1500.0,0.45
16,Zprime_3000GeV_075,0.78221156891,3000.0,0.75
17,Zprime_1500GeV_060,0.819419096427,1500.0,0.6
18,Zprime_3000GeV_015,0.865451880539,3000.0,0.15
19,Zprime_3500GeV_015,0.863867697545,3500.0,0.15
20,Zprime_3500GeV_030,0.850611600388,3500.0,0.3
21,Zprime_2000GeV_030,0.865705058366,2000.0,0.3
22,Zprime_2000GeV_015,0.878244069614,2000.0,0.15
23,Zprime_3500GeV_075,0.777844567979,3500.0,0.75
24,Zprime_3500GeV_045,0.829290711345,3500.0,0.45
25,Zprime_2500GeV_030,0.853860271812,2500.0,0.3
26,Zprime_2000GeV_060,0.822804752647,2000.0,0.6
27,Zprime_4000GeV_060,0.804151023013,4000.0,0.6
28,Zprime_2500GeV_075,0.789505595547,2500.0,0.75
29,Zprime_4000GeV_045,0.829791105244,4000.0,0.45
