,name,auc,mass,nu
0,Zprime_1500GeV_075,0.747863617122,1500.0,0.75
1,Zprime_1500GeV_015,0.840090546596,1500.0,0.15
2,Zprime_3000GeV_060,0.769717845551,3000.0,0.6
3,Zprime_1500GeV_030,0.819765815861,1500.0,0.3
4,Zprime_3000GeV_045,0.801144549879,3000.0,0.45
5,Zprime_2000GeV_045,0.808954983527,2000.0,0.45
6,Zprime_2500GeV_015,0.843968420969,2500.0,0.15
7,Zprime_3500GeV_060,0.768801907111,3500.0,0.6
8,Zprime_2500GeV_045,0.803479719448,2500.0,0.45
9,Zprime_2000GeV_075,0.749293668825,2000.0,0.75
10,Zprime_2500GeV_060,0.773066635053,2500.0,0.6
11,Zprime_4000GeV_075,0.728634672801,4000.0,0.75
12,Zprime_4000GeV_030,0.837017020603,4000.0,0.3
13,Zprime_4000GeV_015,0.855582805222,4000.0,0.15
14,Zprime_3000GeV_030,0.824172523317,3000.0,0.3
15,Zprime_1500GeV_045,0.798125363247,1500.0,0.45
16,Zprime_3000GeV_075,0.736326631676,3000.0,0.75
17,Zprime_1500GeV_060,0.779564886872,1500.0,0.6
18,Zprime_3000GeV_015,0.844841991043,3000.0,0.15
19,Zprime_3500GeV_015,0.849006545859,3500.0,0.15
20,Zprime_3500GeV_030,0.830780647375,3500.0,0.3
21,Zprime_2000GeV_030,0.831994199804,2000.0,0.3
22,Zprime_2000GeV_015,0.848383359642,2000.0,0.15
23,Zprime_3500GeV_075,0.731095335008,3500.0,0.75
24,Zprime_3500GeV_045,0.803319193549,3500.0,0.45
25,Zprime_2500GeV_030,0.826354741376,2500.0,0.3
26,Zprime_2000GeV_060,0.781271982052,2000.0,0.6
27,Zprime_4000GeV_060,0.773478853565,4000.0,0.6
28,Zprime_2500GeV_075,0.73781485593,2500.0,0.75
29,Zprime_4000GeV_045,0.807421028018,4000.0,0.45
