,name,auc,mass,nu
0,Zprime_1500GeV_075,0.795357519289,1500.0,0.75
1,Zprime_1500GeV_015,0.876180432032,1500.0,0.15
2,Zprime_3000GeV_060,0.818923590816,3000.0,0.6
3,Zprime_1500GeV_030,0.865855067375,1500.0,0.3
4,Zprime_3000GeV_045,0.846524611506,3000.0,0.45
5,Zprime_2000GeV_045,0.857999203394,2000.0,0.45
6,Zprime_2500GeV_015,0.888189672319,2500.0,0.15
7,Zprime_3500GeV_060,0.813106453629,3500.0,0.6
8,Zprime_2500GeV_045,0.852291224801,2500.0,0.45
9,Zprime_2000GeV_075,0.800958735411,2000.0,0.75
10,Zprime_2500GeV_060,0.825908900646,2500.0,0.6
11,Zprime_4000GeV_075,0.771012085706,4000.0,0.75
12,Zprime_4000GeV_030,0.862877464562,4000.0,0.3
13,Zprime_4000GeV_015,0.878107768167,4000.0,0.15
14,Zprime_3000GeV_030,0.86535044668,3000.0,0.3
15,Zprime_1500GeV_045,0.84354391733,1500.0,0.45
16,Zprime_3000GeV_075,0.7865384554,3000.0,0.75
17,Zprime_1500GeV_060,0.822265220571,1500.0,0.6
18,Zprime_3000GeV_015,0.883297617952,3000.0,0.15
19,Zprime_3500GeV_015,0.878068544226,3500.0,0.15
20,Zprime_3500GeV_030,0.864055691744,3500.0,0.3
21,Zprime_2000GeV_030,0.878650086913,2000.0,0.3
22,Zprime_2000GeV_015,0.892971895465,2000.0,0.15
23,Zprime_3500GeV_075,0.779916826985,3500.0,0.75
24,Zprime_3500GeV_045,0.840310973974,3500.0,0.45
25,Zprime_2500GeV_030,0.871442433612,2500.0,0.3
26,Zprime_2000GeV_060,0.828874150518,2000.0,0.6
27,Zprime_4000GeV_060,0.810695003571,4000.0,0.6
28,Zprime_2500GeV_075,0.789774761217,2500.0,0.75
29,Zprime_4000GeV_045,0.838029231427,4000.0,0.45
