,name,auc,mass,nu
0,Zprime_1500GeV_075,0.787028894796,1500.0,0.75
1,Zprime_1500GeV_015,0.856708554682,1500.0,0.15
2,Zprime_3000GeV_060,0.808792270459,3000.0,0.6
3,Zprime_1500GeV_030,0.842793988378,1500.0,0.3
4,Zprime_3000GeV_045,0.835137348942,3000.0,0.45
5,Zprime_2000GeV_045,0.841188138531,2000.0,0.45
6,Zprime_2500GeV_015,0.870817210951,2500.0,0.15
7,Zprime_3500GeV_060,0.804826295523,3500.0,0.6
8,Zprime_2500GeV_045,0.835936008135,2500.0,0.45
9,Zprime_2000GeV_075,0.792430715902,2000.0,0.75
10,Zprime_2500GeV_060,0.810446779171,2500.0,0.6
11,Zprime_4000GeV_075,0.76769096761,4000.0,0.75
12,Zprime_4000GeV_030,0.865495397221,4000.0,0.3
13,Zprime_4000GeV_015,0.878735045936,4000.0,0.15
14,Zprime_3000GeV_030,0.856200936799,3000.0,0.3
15,Zprime_1500GeV_045,0.82378373825,1500.0,0.45
16,Zprime_3000GeV_075,0.778012566964,3000.0,0.75
17,Zprime_1500GeV_060,0.80975082439,1500.0,0.6
18,Zprime_3000GeV_015,0.876041431276,3000.0,0.15
19,Zprime_3500GeV_015,0.877500373364,3500.0,0.15
20,Zprime_3500GeV_030,0.86182518779,3500.0,0.3
21,Zprime_2000GeV_030,0.858173039514,2000.0,0.3
22,Zprime_2000GeV_015,0.870982170501,2000.0,0.15
23,Zprime_3500GeV_075,0.774407152918,3500.0,0.75
24,Zprime_3500GeV_045,0.835722821536,3500.0,0.45
25,Zprime_2500GeV_030,0.854782466869,2500.0,0.3
26,Zprime_2000GeV_060,0.815325151107,2000.0,0.6
27,Zprime_4000GeV_060,0.806921931157,4000.0,0.6
28,Zprime_2500GeV_075,0.782139387082,2500.0,0.75
29,Zprime_4000GeV_045,0.837801423169,4000.0,0.45
