,name,auc,mass,nu
0,Zprime_1500GeV_075,0.739628981743,1500.0,0.75
1,Zprime_1500GeV_015,0.82893765169,1500.0,0.15
2,Zprime_3000GeV_060,0.760458382304,3000.0,0.6
3,Zprime_1500GeV_030,0.814031878342,1500.0,0.3
4,Zprime_3000GeV_045,0.789961302939,3000.0,0.45
5,Zprime_2000GeV_045,0.793493359279,2000.0,0.45
6,Zprime_2500GeV_015,0.827488493205,2500.0,0.15
7,Zprime_3500GeV_060,0.762693319674,3500.0,0.6
8,Zprime_2500GeV_045,0.789515952057,2500.0,0.45
9,Zprime_2000GeV_075,0.74333660806,2000.0,0.75
10,Zprime_2500GeV_060,0.762144555663,2500.0,0.6
11,Zprime_4000GeV_075,0.727110176872,4000.0,0.75
12,Zprime_4000GeV_030,0.823907348807,4000.0,0.3
13,Zprime_4000GeV_015,0.842538205806,4000.0,0.15
14,Zprime_3000GeV_030,0.811861963806,3000.0,0.3
15,Zprime_1500GeV_045,0.790106287182,1500.0,0.45
16,Zprime_3000GeV_075,0.728811747358,3000.0,0.75
17,Zprime_1500GeV_060,0.771272287478,1500.0,0.6
18,Zprime_3000GeV_015,0.833180349485,3000.0,0.15
19,Zprime_3500GeV_015,0.836230730632,3500.0,0.15
20,Zprime_3500GeV_030,0.819079741801,3500.0,0.3
21,Zprime_2000GeV_030,0.815748641903,2000.0,0.3
22,Zprime_2000GeV_015,0.830925157254,2000.0,0.15
23,Zprime_3500GeV_075,0.727493536976,3500.0,0.75
24,Zprime_3500GeV_045,0.79177097881,3500.0,0.45
25,Zprime_2500GeV_030,0.810663646386,2500.0,0.3
26,Zprime_2000GeV_060,0.76795524442,2000.0,0.6
27,Zprime_4000GeV_060,0.765842460681,4000.0,0.6
28,Zprime_2500GeV_075,0.730296704248,2500.0,0.75
29,Zprime_4000GeV_045,0.794108512326,4000.0,0.45
