,name,auc,mass,nu
0,Zprime_1500GeV_075,0.79063466132,1500.0,0.75
1,Zprime_1500GeV_015,0.86461922608,1500.0,0.15
2,Zprime_3000GeV_060,0.797147074463,3000.0,0.6
3,Zprime_1500GeV_030,0.854668006697,1500.0,0.3
4,Zprime_3000GeV_045,0.825704995863,3000.0,0.45
5,Zprime_2000GeV_045,0.835344124267,2000.0,0.45
6,Zprime_2500GeV_015,0.863846716094,2500.0,0.15
7,Zprime_3500GeV_060,0.795515234683,3500.0,0.6
8,Zprime_2500GeV_045,0.828506594447,2500.0,0.45
9,Zprime_2000GeV_075,0.788864597841,2000.0,0.75
10,Zprime_2500GeV_060,0.802704237527,2500.0,0.6
11,Zprime_4000GeV_075,0.756998928979,4000.0,0.75
12,Zprime_4000GeV_030,0.850718652322,4000.0,0.3
13,Zprime_4000GeV_015,0.863726547041,4000.0,0.15
14,Zprime_3000GeV_030,0.84571814702,3000.0,0.3
15,Zprime_1500GeV_045,0.832047544007,1500.0,0.45
16,Zprime_3000GeV_075,0.767303104722,3000.0,0.75
17,Zprime_1500GeV_060,0.81848307208,1500.0,0.6
18,Zprime_3000GeV_015,0.863703557796,3000.0,0.15
19,Zprime_3500GeV_015,0.861525684824,3500.0,0.15
20,Zprime_3500GeV_030,0.848466355089,3500.0,0.3
21,Zprime_2000GeV_030,0.855056778539,2000.0,0.3
22,Zprime_2000GeV_015,0.866699264761,2000.0,0.15
23,Zprime_3500GeV_075,0.761390962551,3500.0,0.75
24,Zprime_3500GeV_045,0.823006399187,3500.0,0.45
25,Zprime_2500GeV_030,0.848241457049,2500.0,0.3
26,Zprime_2000GeV_060,0.811148522995,2000.0,0.6
27,Zprime_4000GeV_060,0.79669348381,4000.0,0.6
28,Zprime_2500GeV_075,0.773281492168,2500.0,0.75
29,Zprime_4000GeV_045,0.823992182213,4000.0,0.45
