,name,auc,mass,nu
0,Zprime_1500GeV_075,0.802233195462,1500.0,0.75
1,Zprime_1500GeV_015,0.870132496399,1500.0,0.15
2,Zprime_3000GeV_060,0.807271584942,3000.0,0.6
3,Zprime_1500GeV_030,0.860165275286,1500.0,0.3
4,Zprime_3000GeV_045,0.837389418066,3000.0,0.45
5,Zprime_2000GeV_045,0.841841109013,2000.0,0.45
6,Zprime_2500GeV_015,0.874185527979,2500.0,0.15
7,Zprime_3500GeV_060,0.806725131756,3500.0,0.6
8,Zprime_2500GeV_045,0.837436249222,2500.0,0.45
9,Zprime_2000GeV_075,0.79485918801,2000.0,0.75
10,Zprime_2500GeV_060,0.813107282579,2500.0,0.6
11,Zprime_4000GeV_075,0.767645220384,4000.0,0.75
12,Zprime_4000GeV_030,0.864797395662,4000.0,0.3
13,Zprime_4000GeV_015,0.87930383071,4000.0,0.15
14,Zprime_3000GeV_030,0.858168372767,3000.0,0.3
15,Zprime_1500GeV_045,0.845142000156,1500.0,0.45
16,Zprime_3000GeV_075,0.778004103102,3000.0,0.75
17,Zprime_1500GeV_060,0.82899263322,1500.0,0.6
18,Zprime_3000GeV_015,0.875826632903,3000.0,0.15
19,Zprime_3500GeV_015,0.876272786953,3500.0,0.15
20,Zprime_3500GeV_030,0.861085590088,3500.0,0.3
21,Zprime_2000GeV_030,0.861204993675,2000.0,0.3
22,Zprime_2000GeV_015,0.87359461177,2000.0,0.15
23,Zprime_3500GeV_075,0.772324076995,3500.0,0.75
24,Zprime_3500GeV_045,0.836639564908,3500.0,0.45
25,Zprime_2500GeV_030,0.858617860159,2500.0,0.3
26,Zprime_2000GeV_060,0.820009057657,2000.0,0.6
27,Zprime_4000GeV_060,0.808228939622,4000.0,0.6
28,Zprime_2500GeV_075,0.782736215468,2500.0,0.75
29,Zprime_4000GeV_045,0.838953065596,4000.0,0.45
