,name,auc,mass,nu
0,Zprime_1500GeV_075,0.746601475738,1500.0,0.75
1,Zprime_1500GeV_015,0.830148473018,1500.0,0.15
2,Zprime_3000GeV_060,0.766421758233,3000.0,0.6
3,Zprime_1500GeV_030,0.818258135805,1500.0,0.3
4,Zprime_3000GeV_045,0.799209315363,3000.0,0.45
5,Zprime_2000GeV_045,0.796674580884,2000.0,0.45
6,Zprime_2500GeV_015,0.836387640881,2500.0,0.15
7,Zprime_3500GeV_060,0.770792062421,3500.0,0.6
8,Zprime_2500GeV_045,0.793899055006,2500.0,0.45
9,Zprime_2000GeV_075,0.745661299783,2000.0,0.75
10,Zprime_2500GeV_060,0.765487411034,2500.0,0.6
11,Zprime_4000GeV_075,0.730801584785,4000.0,0.75
12,Zprime_4000GeV_030,0.839553489266,4000.0,0.3
13,Zprime_4000GeV_015,0.858475942194,4000.0,0.15
14,Zprime_3000GeV_030,0.823250209215,3000.0,0.3
15,Zprime_1500GeV_045,0.793135374459,1500.0,0.45
16,Zprime_3000GeV_075,0.730559449736,3000.0,0.75
17,Zprime_1500GeV_060,0.777040703381,1500.0,0.6
18,Zprime_3000GeV_015,0.846556203156,3000.0,0.15
19,Zprime_3500GeV_015,0.8522147401,3500.0,0.15
20,Zprime_3500GeV_030,0.832996996012,3500.0,0.3
21,Zprime_2000GeV_030,0.819053833717,2000.0,0.3
22,Zprime_2000GeV_015,0.834890161558,2000.0,0.15
23,Zprime_3500GeV_075,0.731050155475,3500.0,0.75
24,Zprime_3500GeV_045,0.804258778762,3500.0,0.45
25,Zprime_2500GeV_030,0.817649551747,2500.0,0.3
26,Zprime_2000GeV_060,0.771300610968,2000.0,0.6
27,Zprime_4000GeV_060,0.776174208242,4000.0,0.6
28,Zprime_2500GeV_075,0.731162829275,2500.0,0.75
29,Zprime_4000GeV_045,0.808216881243,4000.0,0.45
