,name,auc,mass,nu
0,Zprime_1500GeV_075,0.817361566229,1500.0,0.75
1,Zprime_1500GeV_015,0.885947621615,1500.0,0.15
2,Zprime_3000GeV_060,0.819307836234,3000.0,0.6
3,Zprime_1500GeV_030,0.87607650819,1500.0,0.3
4,Zprime_3000GeV_045,0.846387371186,3000.0,0.45
5,Zprime_2000GeV_045,0.856014305018,2000.0,0.45
6,Zprime_2500GeV_015,0.882134469894,2500.0,0.15
7,Zprime_3500GeV_060,0.816397126595,3500.0,0.6
8,Zprime_2500GeV_045,0.849048937255,2500.0,0.45
9,Zprime_2000GeV_075,0.812311565328,2000.0,0.75
10,Zprime_2500GeV_060,0.825555266192,2500.0,0.6
11,Zprime_4000GeV_075,0.779457379731,4000.0,0.75
12,Zprime_4000GeV_030,0.870991097683,4000.0,0.3
13,Zprime_4000GeV_015,0.883456113713,4000.0,0.15
14,Zprime_3000GeV_030,0.866252680023,3000.0,0.3
15,Zprime_1500GeV_045,0.859492047897,1500.0,0.45
16,Zprime_3000GeV_075,0.791797458982,3000.0,0.75
17,Zprime_1500GeV_060,0.842556432943,1500.0,0.6
18,Zprime_3000GeV_015,0.883188893846,3000.0,0.15
19,Zprime_3500GeV_015,0.882820612901,3500.0,0.15
20,Zprime_3500GeV_030,0.868336182485,3500.0,0.3
21,Zprime_2000GeV_030,0.87399946662,2000.0,0.3
22,Zprime_2000GeV_015,0.885697850817,2000.0,0.15
23,Zprime_3500GeV_075,0.78474462944,3500.0,0.75
24,Zprime_3500GeV_045,0.844500994034,3500.0,0.45
25,Zprime_2500GeV_030,0.86795875041,2500.0,0.3
26,Zprime_2000GeV_060,0.835028047899,2000.0,0.6
27,Zprime_4000GeV_060,0.815524042451,4000.0,0.6
28,Zprime_2500GeV_075,0.799796145902,2500.0,0.75
29,Zprime_4000GeV_045,0.845540078463,4000.0,0.45
