,name,auc,mass,nu
0,Zprime_1500GeV_075,0.815388292506,1500.0,0.75
1,Zprime_1500GeV_015,0.882330340636,1500.0,0.15
2,Zprime_3000GeV_060,0.829763829899,3000.0,0.6
3,Zprime_1500GeV_030,0.868563986723,1500.0,0.3
4,Zprime_3000GeV_045,0.85455704256,3000.0,0.45
5,Zprime_2000GeV_045,0.863663907264,2000.0,0.45
6,Zprime_2500GeV_015,0.885662671805,2500.0,0.15
7,Zprime_3500GeV_060,0.825319194487,3500.0,0.6
8,Zprime_2500GeV_045,0.856490259186,2500.0,0.45
9,Zprime_2000GeV_075,0.815750092684,2000.0,0.75
10,Zprime_2500GeV_060,0.833798300588,2500.0,0.6
11,Zprime_4000GeV_075,0.788611848581,4000.0,0.75
12,Zprime_4000GeV_030,0.879693268622,4000.0,0.3
13,Zprime_4000GeV_015,0.890528404793,4000.0,0.15
14,Zprime_3000GeV_030,0.871955214225,3000.0,0.3
15,Zprime_1500GeV_045,0.850223188082,1500.0,0.45
16,Zprime_3000GeV_075,0.797741376904,3000.0,0.75
17,Zprime_1500GeV_060,0.83409290888,1500.0,0.6
18,Zprime_3000GeV_015,0.887726835857,3000.0,0.15
19,Zprime_3500GeV_015,0.889118256977,3500.0,0.15
20,Zprime_3500GeV_030,0.876434804763,3500.0,0.3
21,Zprime_2000GeV_030,0.88087868275,2000.0,0.3
22,Zprime_2000GeV_015,0.891585189247,2000.0,0.15
23,Zprime_3500GeV_075,0.793699787451,3500.0,0.75
24,Zprime_3500GeV_045,0.853775135665,3500.0,0.45
25,Zprime_2500GeV_030,0.873260893465,2500.0,0.3
26,Zprime_2000GeV_060,0.839135501801,2000.0,0.6
27,Zprime_4000GeV_060,0.826695250861,4000.0,0.6
28,Zprime_2500GeV_075,0.804396786338,2500.0,0.75
29,Zprime_4000GeV_045,0.854246671901,4000.0,0.45
