,name,auc,mass,nu
0,Zprime_1500GeV_075,0.781678482378,1500.0,0.75
1,Zprime_1500GeV_015,0.861877738995,1500.0,0.15
2,Zprime_3000GeV_060,0.796454678686,3000.0,0.6
3,Zprime_1500GeV_030,0.850195847359,1500.0,0.3
4,Zprime_3000GeV_045,0.827662464019,3000.0,0.45
5,Zprime_2000GeV_045,0.834882397404,2000.0,0.45
6,Zprime_2500GeV_015,0.869356049299,2500.0,0.15
7,Zprime_3500GeV_060,0.795030616479,3500.0,0.6
8,Zprime_2500GeV_045,0.830373058383,2500.0,0.45
9,Zprime_2000GeV_075,0.78297228688,2000.0,0.75
10,Zprime_2500GeV_060,0.802134824261,2500.0,0.6
11,Zprime_4000GeV_075,0.754524418656,4000.0,0.75
12,Zprime_4000GeV_030,0.853013615572,4000.0,0.3
13,Zprime_4000GeV_015,0.866994276547,4000.0,0.15
14,Zprime_3000GeV_030,0.849169442733,3000.0,0.3
15,Zprime_1500GeV_045,0.830017394261,1500.0,0.45
16,Zprime_3000GeV_075,0.765030363853,3000.0,0.75
17,Zprime_1500GeV_060,0.812276447063,1500.0,0.6
18,Zprime_3000GeV_015,0.867850938973,3000.0,0.15
19,Zprime_3500GeV_015,0.865279057081,3500.0,0.15
20,Zprime_3500GeV_030,0.851677252919,3500.0,0.3
21,Zprime_2000GeV_030,0.855811409182,2000.0,0.3
22,Zprime_2000GeV_015,0.870593824049,2000.0,0.15
23,Zprime_3500GeV_075,0.758918666167,3500.0,0.75
24,Zprime_3500GeV_045,0.825594038666,3500.0,0.45
25,Zprime_2500GeV_030,0.851808490193,2500.0,0.3
26,Zprime_2000GeV_060,0.809451613741,2000.0,0.6
27,Zprime_4000GeV_060,0.796337738289,4000.0,0.6
28,Zprime_2500GeV_075,0.768728296837,2500.0,0.75
29,Zprime_4000GeV_045,0.825938511542,4000.0,0.45
