,name,auc,mass,nu
0,Zprime_1500GeV_075,0.794683618529,1500.0,0.75
1,Zprime_1500GeV_015,0.865905659702,1500.0,0.15
2,Zprime_3000GeV_060,0.806646619766,3000.0,0.6
3,Zprime_1500GeV_030,0.856244874055,1500.0,0.3
4,Zprime_3000GeV_045,0.835927033189,3000.0,0.45
5,Zprime_2000GeV_045,0.839621740852,2000.0,0.45
6,Zprime_2500GeV_015,0.872860418034,2500.0,0.15
7,Zprime_3500GeV_060,0.806272293685,3500.0,0.6
8,Zprime_2500GeV_045,0.83630293035,2500.0,0.45
9,Zprime_2000GeV_075,0.791519622448,2000.0,0.75
10,Zprime_2500GeV_060,0.811107409905,2500.0,0.6
11,Zprime_4000GeV_075,0.767386778372,4000.0,0.75
12,Zprime_4000GeV_030,0.864437833258,4000.0,0.3
13,Zprime_4000GeV_015,0.880479055272,4000.0,0.15
14,Zprime_3000GeV_030,0.856607449777,3000.0,0.3
15,Zprime_1500GeV_045,0.839147220264,1500.0,0.45
16,Zprime_3000GeV_075,0.777144565476,3000.0,0.75
17,Zprime_1500GeV_060,0.823829458765,1500.0,0.6
18,Zprime_3000GeV_015,0.874759609375,3000.0,0.15
19,Zprime_3500GeV_015,0.876453520346,3500.0,0.15
20,Zprime_3500GeV_030,0.860651331949,3500.0,0.3
21,Zprime_2000GeV_030,0.858011002733,2000.0,0.3
22,Zprime_2000GeV_015,0.870923169745,2000.0,0.15
23,Zprime_3500GeV_075,0.77279046419,3500.0,0.75
24,Zprime_3500GeV_045,0.835635971743,3500.0,0.45
25,Zprime_2500GeV_030,0.856619396886,2500.0,0.3
26,Zprime_2000GeV_060,0.81666964008,2000.0,0.6
27,Zprime_4000GeV_060,0.807150546412,4000.0,0.6
28,Zprime_2500GeV_075,0.78201993812,2500.0,0.75
29,Zprime_4000GeV_045,0.8383154194,4000.0,0.45
