,name,auc,mass,nu
0,Zprime_1500GeV_075,0.81506181228,1500.0,0.75
1,Zprime_1500GeV_015,0.887189391122,1500.0,0.15
2,Zprime_3000GeV_060,0.824304371573,3000.0,0.6
3,Zprime_1500GeV_030,0.876866941234,1500.0,0.3
4,Zprime_3000GeV_045,0.854142478739,3000.0,0.45
5,Zprime_2000GeV_045,0.860747113696,2000.0,0.45
6,Zprime_2500GeV_015,0.89346789344,2500.0,0.15
7,Zprime_3500GeV_060,0.822107334752,3500.0,0.6
8,Zprime_2500GeV_045,0.855792907521,2500.0,0.45
9,Zprime_2000GeV_075,0.812806415997,2000.0,0.75
10,Zprime_2500GeV_060,0.830088021109,2500.0,0.6
11,Zprime_4000GeV_075,0.780444131982,4000.0,0.75
12,Zprime_4000GeV_030,0.879467859644,4000.0,0.3
13,Zprime_4000GeV_015,0.892476612693,4000.0,0.15
14,Zprime_3000GeV_030,0.875224271803,3000.0,0.3
15,Zprime_1500GeV_045,0.860971595853,1500.0,0.45
16,Zprime_3000GeV_075,0.792571967722,3000.0,0.75
17,Zprime_1500GeV_060,0.843334943182,1500.0,0.6
18,Zprime_3000GeV_015,0.893565227721,3000.0,0.15
19,Zprime_3500GeV_015,0.893853937232,3500.0,0.15
20,Zprime_3500GeV_030,0.878137702973,3500.0,0.3
21,Zprime_2000GeV_030,0.880309143878,2000.0,0.3
22,Zprime_2000GeV_015,0.894339217254,2000.0,0.15
23,Zprime_3500GeV_075,0.786275366157,3500.0,0.75
24,Zprime_3500GeV_045,0.852543924009,3500.0,0.45
25,Zprime_2500GeV_030,0.876857091197,2500.0,0.3
26,Zprime_2000GeV_060,0.836792536933,2000.0,0.6
27,Zprime_4000GeV_060,0.822298778134,4000.0,0.6
28,Zprime_2500GeV_075,0.799469225355,2500.0,0.75
29,Zprime_4000GeV_045,0.852694771727,4000.0,0.45
