,name,auc,mass,nu
0,Zprime_1500GeV_075,0.798817803709,1500.0,0.75
1,Zprime_1500GeV_015,0.871889929178,1500.0,0.15
2,Zprime_3000GeV_060,0.807790103852,3000.0,0.6
3,Zprime_1500GeV_030,0.860122803742,1500.0,0.3
4,Zprime_3000GeV_045,0.837203761359,3000.0,0.45
5,Zprime_2000GeV_045,0.842688518275,2000.0,0.45
6,Zprime_2500GeV_015,0.874778487473,2500.0,0.15
7,Zprime_3500GeV_060,0.806932184099,3500.0,0.6
8,Zprime_2500GeV_045,0.838031918098,2500.0,0.45
9,Zprime_2000GeV_075,0.796961951227,2000.0,0.75
10,Zprime_2500GeV_060,0.811831795695,2500.0,0.6
11,Zprime_4000GeV_075,0.765516202315,4000.0,0.75
12,Zprime_4000GeV_030,0.865935267092,4000.0,0.3
13,Zprime_4000GeV_015,0.880603765979,4000.0,0.15
14,Zprime_3000GeV_030,0.858253017865,3000.0,0.3
15,Zprime_1500GeV_045,0.840530641561,1500.0,0.45
16,Zprime_3000GeV_075,0.776263427779,3000.0,0.75
17,Zprime_1500GeV_060,0.825544582108,1500.0,0.6
18,Zprime_3000GeV_015,0.876108321163,3000.0,0.15
19,Zprime_3500GeV_015,0.878159140163,3500.0,0.15
20,Zprime_3500GeV_030,0.862821449353,3500.0,0.3
21,Zprime_2000GeV_030,0.862277681968,2000.0,0.3
22,Zprime_2000GeV_015,0.87445743358,2000.0,0.15
23,Zprime_3500GeV_075,0.76973109115,3500.0,0.75
24,Zprime_3500GeV_045,0.835482928205,3500.0,0.45
25,Zprime_2500GeV_030,0.858183819898,2500.0,0.3
26,Zprime_2000GeV_060,0.819442503883,2000.0,0.6
27,Zprime_4000GeV_060,0.807505227234,4000.0,0.6
28,Zprime_2500GeV_075,0.783715187171,2500.0,0.75
29,Zprime_4000GeV_045,0.83781507566,4000.0,0.45
