,name,auc,mass,nu
0,Zprime_1500GeV_075,0.743145905833,1500.0,0.75
1,Zprime_1500GeV_015,0.835863523605,1500.0,0.15
2,Zprime_3000GeV_060,0.765244725894,3000.0,0.6
3,Zprime_1500GeV_030,0.819821067395,1500.0,0.3
4,Zprime_3000GeV_045,0.794510600823,3000.0,0.45
5,Zprime_2000GeV_045,0.804063200629,2000.0,0.45
6,Zprime_2500GeV_015,0.838572561695,2500.0,0.15
7,Zprime_3500GeV_060,0.764644235807,3500.0,0.6
8,Zprime_2500GeV_045,0.798451376076,2500.0,0.45
9,Zprime_2000GeV_075,0.747055961919,2000.0,0.75
10,Zprime_2500GeV_060,0.771590624629,2500.0,0.6
11,Zprime_4000GeV_075,0.725082002972,4000.0,0.75
12,Zprime_4000GeV_030,0.822421153613,4000.0,0.3
13,Zprime_4000GeV_015,0.83976724215,4000.0,0.15
14,Zprime_3000GeV_030,0.816368782105,3000.0,0.3
15,Zprime_1500GeV_045,0.793542735182,1500.0,0.45
16,Zprime_3000GeV_075,0.734013679833,3000.0,0.75
17,Zprime_1500GeV_060,0.777393608253,1500.0,0.6
18,Zprime_3000GeV_015,0.83729556626,3000.0,0.15
19,Zprime_3500GeV_015,0.835303658188,3500.0,0.15
20,Zprime_3500GeV_030,0.819058885907,3500.0,0.3
21,Zprime_2000GeV_030,0.827120664863,2000.0,0.3
22,Zprime_2000GeV_015,0.843194970816,2000.0,0.15
23,Zprime_3500GeV_075,0.729909650603,3500.0,0.75
24,Zprime_3500GeV_045,0.792372927928,3500.0,0.45
25,Zprime_2500GeV_030,0.820712008574,2500.0,0.3
26,Zprime_2000GeV_060,0.776102575123,2000.0,0.6
27,Zprime_4000GeV_060,0.766483253982,4000.0,0.6
28,Zprime_2500GeV_075,0.735715826471,2500.0,0.75
29,Zprime_4000GeV_045,0.794034760134,4000.0,0.45
