,name,auc,mass,nu
0,Zprime_1500GeV_075,0.737949700011,1500.0,0.75
1,Zprime_1500GeV_015,0.824988536115,1500.0,0.15
2,Zprime_3000GeV_060,0.753563512176,3000.0,0.6
3,Zprime_1500GeV_030,0.813348528687,1500.0,0.3
4,Zprime_3000GeV_045,0.786008528486,3000.0,0.45
5,Zprime_2000GeV_045,0.787219628928,2000.0,0.45
6,Zprime_2500GeV_015,0.827702588217,2500.0,0.15
7,Zprime_3500GeV_060,0.756160675954,3500.0,0.6
8,Zprime_2500GeV_045,0.784954390194,2500.0,0.45
9,Zprime_2000GeV_075,0.734387467998,2000.0,0.75
10,Zprime_2500GeV_060,0.755408581187,2500.0,0.6
11,Zprime_4000GeV_075,0.714133291928,4000.0,0.75
12,Zprime_4000GeV_030,0.818806506569,4000.0,0.3
13,Zprime_4000GeV_015,0.837784963018,4000.0,0.15
14,Zprime_3000GeV_030,0.809340396516,3000.0,0.3
15,Zprime_1500GeV_045,0.785461348734,1500.0,0.45
16,Zprime_3000GeV_075,0.719182145304,3000.0,0.75
17,Zprime_1500GeV_060,0.769071694279,1500.0,0.6
18,Zprime_3000GeV_015,0.831085502539,3000.0,0.15
19,Zprime_3500GeV_015,0.831932506098,3500.0,0.15
20,Zprime_3500GeV_030,0.815402737383,3500.0,0.3
21,Zprime_2000GeV_030,0.810645076194,2000.0,0.3
22,Zprime_2000GeV_015,0.826410009496,2000.0,0.15
23,Zprime_3500GeV_075,0.716190605071,3500.0,0.75
24,Zprime_3500GeV_045,0.785920618884,3500.0,0.45
25,Zprime_2500GeV_030,0.809233646016,2500.0,0.3
26,Zprime_2000GeV_060,0.760440066425,2000.0,0.6
27,Zprime_4000GeV_060,0.757881987432,4000.0,0.6
28,Zprime_2500GeV_075,0.722640220166,2500.0,0.75
29,Zprime_4000GeV_045,0.788781286181,4000.0,0.45
