,name,auc,mass,nu
0,Zprime_1500GeV_075,0.738071240212,1500.0,0.75
1,Zprime_1500GeV_015,0.820052753023,1500.0,0.15
2,Zprime_3000GeV_060,0.755784159678,3000.0,0.6
3,Zprime_1500GeV_030,0.805584730479,1500.0,0.3
4,Zprime_3000GeV_045,0.783986400955,3000.0,0.45
5,Zprime_2000GeV_045,0.799611207951,2000.0,0.45
6,Zprime_2500GeV_015,0.832492987423,2500.0,0.15
7,Zprime_3500GeV_060,0.749799564639,3500.0,0.6
8,Zprime_2500GeV_045,0.790972741579,2500.0,0.45
9,Zprime_2000GeV_075,0.743443678058,2000.0,0.75
10,Zprime_2500GeV_060,0.763135077276,2500.0,0.6
11,Zprime_4000GeV_075,0.715302515177,4000.0,0.75
12,Zprime_4000GeV_030,0.800237697038,4000.0,0.3
13,Zprime_4000GeV_015,0.814120490589,4000.0,0.15
14,Zprime_3000GeV_030,0.804820054828,3000.0,0.3
15,Zprime_1500GeV_045,0.783019347022,1500.0,0.45
16,Zprime_3000GeV_075,0.727819428271,3000.0,0.75
17,Zprime_1500GeV_060,0.760459658595,1500.0,0.6
18,Zprime_3000GeV_015,0.825421419522,3000.0,0.15
19,Zprime_3500GeV_015,0.816177001281,3500.0,0.15
20,Zprime_3500GeV_030,0.802359787338,3500.0,0.3
21,Zprime_2000GeV_030,0.821598850712,2000.0,0.3
22,Zprime_2000GeV_015,0.840364581499,2000.0,0.15
23,Zprime_3500GeV_075,0.722387633088,3500.0,0.75
24,Zprime_3500GeV_045,0.778334172534,3500.0,0.45
25,Zprime_2500GeV_030,0.812435493278,2500.0,0.3
26,Zprime_2000GeV_060,0.768923353763,2000.0,0.6
27,Zprime_4000GeV_060,0.74735304548,4000.0,0.6
28,Zprime_2500GeV_075,0.730530977885,2500.0,0.75
29,Zprime_4000GeV_045,0.774972005965,4000.0,0.45
