,name,auc,mass,nu
0,Zprime_1500GeV_075,0.792570480834,1500.0,0.75
1,Zprime_1500GeV_015,0.87030477227,1500.0,0.15
2,Zprime_3000GeV_060,0.804428312485,3000.0,0.6
3,Zprime_1500GeV_030,0.858380965585,1500.0,0.3
4,Zprime_3000GeV_045,0.835569030015,3000.0,0.45
5,Zprime_2000GeV_045,0.84303352255,2000.0,0.45
6,Zprime_2500GeV_015,0.875756669685,2500.0,0.15
7,Zprime_3500GeV_060,0.802817724661,3500.0,0.6
8,Zprime_2500GeV_045,0.837756311782,2500.0,0.45
9,Zprime_2000GeV_075,0.791397619453,2000.0,0.75
10,Zprime_2500GeV_060,0.809682395051,2500.0,0.6
11,Zprime_4000GeV_075,0.760496687512,4000.0,0.75
12,Zprime_4000GeV_030,0.862643671233,4000.0,0.3
13,Zprime_4000GeV_015,0.876672229145,4000.0,0.15
14,Zprime_3000GeV_030,0.857587063628,3000.0,0.3
15,Zprime_1500GeV_045,0.837737480749,1500.0,0.45
16,Zprime_3000GeV_075,0.772201423963,3000.0,0.75
17,Zprime_1500GeV_060,0.821008258637,1500.0,0.6
18,Zprime_3000GeV_015,0.876131295045,3000.0,0.15
19,Zprime_3500GeV_015,0.875735643824,3500.0,0.15
20,Zprime_3500GeV_030,0.860296173724,3500.0,0.3
21,Zprime_2000GeV_030,0.863275510161,2000.0,0.3
22,Zprime_2000GeV_015,0.876895216256,2000.0,0.15
23,Zprime_3500GeV_075,0.765195270025,3500.0,0.75
24,Zprime_3500GeV_045,0.832626834095,3500.0,0.45
25,Zprime_2500GeV_030,0.858910197019,2500.0,0.3
26,Zprime_2000GeV_060,0.817975498256,2000.0,0.6
27,Zprime_4000GeV_060,0.802539779501,4000.0,0.6
28,Zprime_2500GeV_075,0.777767677335,2500.0,0.75
29,Zprime_4000GeV_045,0.833352826014,4000.0,0.45
