,name,auc,mass,nu
0,Zprime_1500GeV_075,0.723921039821,1500.0,0.75
1,Zprime_1500GeV_015,0.810548704471,1500.0,0.15
2,Zprime_3000GeV_060,0.747375500836,3000.0,0.6
3,Zprime_1500GeV_030,0.800220841405,1500.0,0.3
4,Zprime_3000GeV_045,0.773562912397,3000.0,0.45
5,Zprime_2000GeV_045,0.78659537115,2000.0,0.45
6,Zprime_2500GeV_015,0.8120169536,2500.0,0.15
7,Zprime_3500GeV_060,0.746199645726,3500.0,0.6
8,Zprime_2500GeV_045,0.777181318329,2500.0,0.45
9,Zprime_2000GeV_075,0.732669500578,2000.0,0.75
10,Zprime_2500GeV_060,0.753892591673,2500.0,0.6
11,Zprime_4000GeV_075,0.711074637781,4000.0,0.75
12,Zprime_4000GeV_030,0.805802382769,4000.0,0.3
13,Zprime_4000GeV_015,0.827785045492,4000.0,0.15
14,Zprime_3000GeV_030,0.792924294612,3000.0,0.3
15,Zprime_1500GeV_045,0.772104158127,1500.0,0.45
16,Zprime_3000GeV_075,0.719687246755,3000.0,0.75
17,Zprime_1500GeV_060,0.753369582984,1500.0,0.6
18,Zprime_3000GeV_015,0.811412031525,3000.0,0.15
19,Zprime_3500GeV_015,0.817366162361,3500.0,0.15
20,Zprime_3500GeV_030,0.79872619745,3500.0,0.3
21,Zprime_2000GeV_030,0.805912528984,2000.0,0.3
22,Zprime_2000GeV_015,0.819216914209,2000.0,0.15
23,Zprime_3500GeV_075,0.715464210016,3500.0,0.75
24,Zprime_3500GeV_045,0.775509487455,3500.0,0.45
25,Zprime_2500GeV_030,0.795161482854,2500.0,0.3
26,Zprime_2000GeV_060,0.760576831668,2000.0,0.6
27,Zprime_4000GeV_060,0.749184212116,4000.0,0.6
28,Zprime_2500GeV_075,0.720168010611,2500.0,0.75
29,Zprime_4000GeV_045,0.777838681081,4000.0,0.45
