,name,auc,mass,nu
0,Zprime_1500GeV_075,0.805950499574,1500.0,0.75
1,Zprime_1500GeV_015,0.874295038194,1500.0,0.15
2,Zprime_3000GeV_060,0.812290945872,3000.0,0.6
3,Zprime_1500GeV_030,0.86460871286,1500.0,0.3
4,Zprime_3000GeV_045,0.842597685775,3000.0,0.45
5,Zprime_2000GeV_045,0.849118036768,2000.0,0.45
6,Zprime_2500GeV_015,0.879209055221,2500.0,0.15
7,Zprime_3500GeV_060,0.810956876575,3500.0,0.6
8,Zprime_2500GeV_045,0.844050220814,2500.0,0.45
9,Zprime_2000GeV_075,0.801942353279,2000.0,0.75
10,Zprime_2500GeV_060,0.818824194397,2500.0,0.6
11,Zprime_4000GeV_075,0.770774573669,4000.0,0.75
12,Zprime_4000GeV_030,0.868803947891,4000.0,0.3
13,Zprime_4000GeV_015,0.883146630488,4000.0,0.15
14,Zprime_3000GeV_030,0.863446186396,3000.0,0.3
15,Zprime_1500GeV_045,0.848732779003,1500.0,0.45
16,Zprime_3000GeV_075,0.782428151758,3000.0,0.75
17,Zprime_1500GeV_060,0.832967926477,1500.0,0.6
18,Zprime_3000GeV_015,0.880910398265,3000.0,0.15
19,Zprime_3500GeV_015,0.881391574319,3500.0,0.15
20,Zprime_3500GeV_030,0.866375724247,3500.0,0.3
21,Zprime_2000GeV_030,0.868609844703,2000.0,0.3
22,Zprime_2000GeV_015,0.881221340638,2000.0,0.15
23,Zprime_3500GeV_075,0.776406106633,3500.0,0.75
24,Zprime_3500GeV_045,0.842008403574,3500.0,0.45
25,Zprime_2500GeV_030,0.864274866694,2500.0,0.3
26,Zprime_2000GeV_060,0.826829604277,2000.0,0.6
27,Zprime_4000GeV_060,0.81089416158,4000.0,0.6
28,Zprime_2500GeV_075,0.789505014573,2500.0,0.75
29,Zprime_4000GeV_045,0.842233594978,4000.0,0.45
