,name,auc,mass,nu
0,Zprime_1500GeV_075,0.776771452246,1500.0,0.75
1,Zprime_1500GeV_015,0.864099716404,1500.0,0.15
2,Zprime_3000GeV_060,0.796826325808,3000.0,0.6
3,Zprime_1500GeV_030,0.851085527212,1500.0,0.3
4,Zprime_3000GeV_045,0.827485257187,3000.0,0.45
5,Zprime_2000GeV_045,0.839178450494,2000.0,0.45
6,Zprime_2500GeV_015,0.871726320062,2500.0,0.15
7,Zprime_3500GeV_060,0.792937912171,3500.0,0.6
8,Zprime_2500GeV_045,0.832568743048,2500.0,0.45
9,Zprime_2000GeV_075,0.783115200785,2000.0,0.75
10,Zprime_2500GeV_060,0.804586308751,2500.0,0.6
11,Zprime_4000GeV_075,0.749318965821,4000.0,0.75
12,Zprime_4000GeV_030,0.849608720193,4000.0,0.3
13,Zprime_4000GeV_015,0.864790713256,4000.0,0.15
14,Zprime_3000GeV_030,0.848723733264,3000.0,0.3
15,Zprime_1500GeV_045,0.82831682908,1500.0,0.45
16,Zprime_3000GeV_075,0.764130661833,3000.0,0.75
17,Zprime_1500GeV_060,0.810325498822,1500.0,0.6
18,Zprime_3000GeV_015,0.866812335214,3000.0,0.15
19,Zprime_3500GeV_015,0.862852448103,3500.0,0.15
20,Zprime_3500GeV_030,0.848991476075,3500.0,0.3
21,Zprime_2000GeV_030,0.860091216913,2000.0,0.3
22,Zprime_2000GeV_015,0.874778978611,2000.0,0.15
23,Zprime_3500GeV_075,0.757691433104,3500.0,0.75
24,Zprime_3500GeV_045,0.823227534455,3500.0,0.45
25,Zprime_2500GeV_030,0.85388586946,2500.0,0.3
26,Zprime_2000GeV_060,0.811608389163,2000.0,0.6
27,Zprime_4000GeV_060,0.792658577732,4000.0,0.6
28,Zprime_2500GeV_075,0.769106420235,2500.0,0.75
29,Zprime_4000GeV_045,0.821658050686,4000.0,0.45
