,name,auc,mass,nu
0,Zprime_1500GeV_075,0.730675304114,1500.0,0.75
1,Zprime_1500GeV_015,0.826165542441,1500.0,0.15
2,Zprime_3000GeV_060,0.756279144573,3000.0,0.6
3,Zprime_1500GeV_030,0.813298609845,1500.0,0.3
4,Zprime_3000GeV_045,0.788285730133,3000.0,0.45
5,Zprime_2000GeV_045,0.794139388614,2000.0,0.45
6,Zprime_2500GeV_015,0.83550471656,2500.0,0.15
7,Zprime_3500GeV_060,0.755194355908,3500.0,0.6
8,Zprime_2500GeV_045,0.792514025538,2500.0,0.45
9,Zprime_2000GeV_075,0.732251511054,2000.0,0.75
10,Zprime_2500GeV_060,0.760413637531,2500.0,0.6
11,Zprime_4000GeV_075,0.713427407714,4000.0,0.75
12,Zprime_4000GeV_030,0.815730915656,4000.0,0.3
13,Zprime_4000GeV_015,0.834718434894,4000.0,0.15
14,Zprime_3000GeV_030,0.810884720804,3000.0,0.3
15,Zprime_1500GeV_045,0.78496657495,1500.0,0.45
16,Zprime_3000GeV_075,0.720324894722,3000.0,0.75
17,Zprime_1500GeV_060,0.765486023537,1500.0,0.6
18,Zprime_3000GeV_015,0.832244747988,3000.0,0.15
19,Zprime_3500GeV_015,0.828900776569,3500.0,0.15
20,Zprime_3500GeV_030,0.812322309211,3500.0,0.3
21,Zprime_2000GeV_030,0.820466912467,2000.0,0.3
22,Zprime_2000GeV_015,0.837980093439,2000.0,0.15
23,Zprime_3500GeV_075,0.717574446889,3500.0,0.75
24,Zprime_3500GeV_045,0.785481195169,3500.0,0.45
25,Zprime_2500GeV_030,0.815971642996,2500.0,0.3
26,Zprime_2000GeV_060,0.763056370984,2000.0,0.6
27,Zprime_4000GeV_060,0.756714039128,4000.0,0.6
28,Zprime_2500GeV_075,0.721553214232,2500.0,0.75
29,Zprime_4000GeV_045,0.785903642249,4000.0,0.45
