,name,auc,mass,nu
0,Zprime_1500GeV_075,0.738569237145,1500.0,0.75
1,Zprime_1500GeV_015,0.836839730253,1500.0,0.15
2,Zprime_3000GeV_060,0.777352273017,3000.0,0.6
3,Zprime_1500GeV_030,0.823700325563,1500.0,0.3
4,Zprime_3000GeV_045,0.814227759251,3000.0,0.45
5,Zprime_2000GeV_045,0.819233104112,2000.0,0.45
6,Zprime_2500GeV_015,0.864960848262,2500.0,0.15
7,Zprime_3500GeV_060,0.77306035608,3500.0,0.6
8,Zprime_2500GeV_045,0.817079817417,2500.0,0.45
9,Zprime_2000GeV_075,0.743154321723,2000.0,0.75
10,Zprime_2500GeV_060,0.780609576657,2500.0,0.6
11,Zprime_4000GeV_075,0.720750882097,4000.0,0.75
12,Zprime_4000GeV_030,0.837668694582,4000.0,0.3
13,Zprime_4000GeV_015,0.851516622979,4000.0,0.15
14,Zprime_3000GeV_030,0.839482577171,3000.0,0.3
15,Zprime_1500GeV_045,0.795240283033,1500.0,0.45
16,Zprime_3000GeV_075,0.732382182219,3000.0,0.75
17,Zprime_1500GeV_060,0.769149930143,1500.0,0.6
18,Zprime_3000GeV_015,0.860868805727,3000.0,0.15
19,Zprime_3500GeV_015,0.856412972337,3500.0,0.15
20,Zprime_3500GeV_030,0.840684999681,3500.0,0.3
21,Zprime_2000GeV_030,0.845242576437,2000.0,0.3
22,Zprime_2000GeV_015,0.866769013071,2000.0,0.15
23,Zprime_3500GeV_075,0.730126470223,3500.0,0.75
24,Zprime_3500GeV_045,0.81235756146,3500.0,0.45
25,Zprime_2500GeV_030,0.843825344678,2500.0,0.3
26,Zprime_2000GeV_060,0.783620354589,2000.0,0.6
27,Zprime_4000GeV_060,0.770665052025,4000.0,0.6
28,Zprime_2500GeV_075,0.734615454673,2500.0,0.75
29,Zprime_4000GeV_045,0.807085669901,4000.0,0.45
