,name,auc,mass,nu
0,Zprime_1500GeV_075,0.712711872309,1500.0,0.75
1,Zprime_1500GeV_015,0.796950880093,1500.0,0.15
2,Zprime_3000GeV_060,0.728882412864,3000.0,0.6
3,Zprime_1500GeV_030,0.787980467819,1500.0,0.3
4,Zprime_3000GeV_045,0.758556118425,3000.0,0.45
5,Zprime_2000GeV_045,0.77051346953,2000.0,0.45
6,Zprime_2500GeV_015,0.808958431954,2500.0,0.15
7,Zprime_3500GeV_060,0.725410656964,3500.0,0.6
8,Zprime_2500GeV_045,0.762244777835,2500.0,0.45
9,Zprime_2000GeV_075,0.717689240674,2000.0,0.75
10,Zprime_2500GeV_060,0.734729919608,2500.0,0.6
11,Zprime_4000GeV_075,0.687959327296,4000.0,0.75
12,Zprime_4000GeV_030,0.784232161292,4000.0,0.3
13,Zprime_4000GeV_015,0.803396655555,4000.0,0.15
14,Zprime_3000GeV_030,0.782511690689,3000.0,0.3
15,Zprime_1500GeV_045,0.75900647794,1500.0,0.45
16,Zprime_3000GeV_075,0.699726310724,3000.0,0.75
17,Zprime_1500GeV_060,0.741645275916,1500.0,0.6
18,Zprime_3000GeV_015,0.803980753722,3000.0,0.15
19,Zprime_3500GeV_015,0.802806161932,3500.0,0.15
20,Zprime_3500GeV_030,0.784034884435,3500.0,0.3
21,Zprime_2000GeV_030,0.79241374154,2000.0,0.3
22,Zprime_2000GeV_015,0.810966404651,2000.0,0.15
23,Zprime_3500GeV_075,0.695068542786,3500.0,0.75
24,Zprime_3500GeV_045,0.756080009463,3500.0,0.45
25,Zprime_2500GeV_030,0.787301200302,2500.0,0.3
26,Zprime_2000GeV_060,0.74217544387,2000.0,0.6
27,Zprime_4000GeV_060,0.724764746086,4000.0,0.6
28,Zprime_2500GeV_075,0.703588911864,2500.0,0.75
29,Zprime_4000GeV_045,0.755610231239,4000.0,0.45
