,name,auc,mass,nu
0,Zprime_1500GeV_075,0.775135048617,1500.0,0.75
1,Zprime_1500GeV_015,0.849749405907,1500.0,0.15
2,Zprime_3000GeV_060,0.798156614273,3000.0,0.6
3,Zprime_1500GeV_030,0.838725448206,1500.0,0.3
4,Zprime_3000GeV_045,0.831021446812,3000.0,0.45
5,Zprime_2000GeV_045,0.829583032056,2000.0,0.45
6,Zprime_2500GeV_015,0.867809581695,2500.0,0.15
7,Zprime_3500GeV_060,0.798970338679,3500.0,0.6
8,Zprime_2500GeV_045,0.828536709456,2500.0,0.45
9,Zprime_2000GeV_075,0.77464821883,2000.0,0.75
10,Zprime_2500GeV_060,0.798862711563,2500.0,0.6
11,Zprime_4000GeV_075,0.754056398431,4000.0,0.75
12,Zprime_4000GeV_030,0.862430397251,4000.0,0.3
13,Zprime_4000GeV_015,0.878290722904,4000.0,0.15
14,Zprime_3000GeV_030,0.852565425386,3000.0,0.3
15,Zprime_1500GeV_045,0.818761989251,1500.0,0.45
16,Zprime_3000GeV_075,0.761048901898,3000.0,0.75
17,Zprime_1500GeV_060,0.801116517396,1500.0,0.6
18,Zprime_3000GeV_015,0.872492992885,3000.0,0.15
19,Zprime_3500GeV_015,0.87573730582,3500.0,0.15
20,Zprime_3500GeV_030,0.859373089094,3500.0,0.3
21,Zprime_2000GeV_030,0.850515393268,2000.0,0.3
22,Zprime_2000GeV_015,0.864902079669,2000.0,0.15
23,Zprime_3500GeV_075,0.757460431844,3500.0,0.75
24,Zprime_3500GeV_045,0.830836711254,3500.0,0.45
25,Zprime_2500GeV_030,0.850529595463,2500.0,0.3
26,Zprime_2000GeV_060,0.801733455769,2000.0,0.6
27,Zprime_4000GeV_060,0.801150625165,4000.0,0.6
28,Zprime_2500GeV_075,0.764290638126,2500.0,0.75
29,Zprime_4000GeV_045,0.833421472704,4000.0,0.45
