,name,auc,mass,nu
0,Zprime_1500GeV_075,0.734123671286,1500.0,0.75
1,Zprime_1500GeV_015,0.82049515597,1500.0,0.15
2,Zprime_3000GeV_060,0.755633141323,3000.0,0.6
3,Zprime_1500GeV_030,0.807995671489,1500.0,0.3
4,Zprime_3000GeV_045,0.787405912576,3000.0,0.45
5,Zprime_2000GeV_045,0.789150949668,2000.0,0.45
6,Zprime_2500GeV_015,0.82988594646,2500.0,0.15
7,Zprime_3500GeV_060,0.757253266969,3500.0,0.6
8,Zprime_2500GeV_045,0.786464140411,2500.0,0.45
9,Zprime_2000GeV_075,0.734626909172,2000.0,0.75
10,Zprime_2500GeV_060,0.757326673279,2500.0,0.6
11,Zprime_4000GeV_075,0.716771222218,4000.0,0.75
12,Zprime_4000GeV_030,0.824546327568,4000.0,0.3
13,Zprime_4000GeV_015,0.841693841303,4000.0,0.15
14,Zprime_3000GeV_030,0.811660568317,3000.0,0.3
15,Zprime_1500GeV_045,0.780205675836,1500.0,0.45
16,Zprime_3000GeV_075,0.721680529754,3000.0,0.75
17,Zprime_1500GeV_060,0.76499645089,1500.0,0.6
18,Zprime_3000GeV_015,0.834824802396,3000.0,0.15
19,Zprime_3500GeV_015,0.836349690525,3500.0,0.15
20,Zprime_3500GeV_030,0.817398711466,3500.0,0.3
21,Zprime_2000GeV_030,0.811778207279,2000.0,0.3
22,Zprime_2000GeV_015,0.827214366282,2000.0,0.15
23,Zprime_3500GeV_075,0.720357530557,3500.0,0.75
24,Zprime_3500GeV_045,0.78842681082,3500.0,0.45
25,Zprime_2500GeV_030,0.81008392684,2500.0,0.3
26,Zprime_2000GeV_060,0.760343291665,2000.0,0.6
27,Zprime_4000GeV_060,0.762120275631,4000.0,0.6
28,Zprime_2500GeV_075,0.721675564706,2500.0,0.75
29,Zprime_4000GeV_045,0.792714602858,4000.0,0.45
