,name,auc,mass,nu
0,Zprime_1500GeV_075,0.717540990227,1500.0,0.75
1,Zprime_1500GeV_015,0.814198586993,1500.0,0.15
2,Zprime_3000GeV_060,0.749364160966,3000.0,0.6
3,Zprime_1500GeV_030,0.801229597053,1500.0,0.3
4,Zprime_3000GeV_045,0.781866732324,3000.0,0.45
5,Zprime_2000GeV_045,0.785645358486,2000.0,0.45
6,Zprime_2500GeV_015,0.827147547706,2500.0,0.15
7,Zprime_3500GeV_060,0.750956529079,3500.0,0.6
8,Zprime_2500GeV_045,0.783128337448,2500.0,0.45
9,Zprime_2000GeV_075,0.724121822149,2000.0,0.75
10,Zprime_2500GeV_060,0.753420946583,2500.0,0.6
11,Zprime_4000GeV_075,0.710233230857,4000.0,0.75
12,Zprime_4000GeV_030,0.81770597838,4000.0,0.3
13,Zprime_4000GeV_015,0.835554818894,4000.0,0.15
14,Zprime_3000GeV_030,0.807498073561,3000.0,0.3
15,Zprime_1500GeV_045,0.77353711758,1500.0,0.45
16,Zprime_3000GeV_075,0.713717435783,3000.0,0.75
17,Zprime_1500GeV_060,0.755644559029,1500.0,0.6
18,Zprime_3000GeV_015,0.828814232293,3000.0,0.15
19,Zprime_3500GeV_015,0.829781088489,3500.0,0.15
20,Zprime_3500GeV_030,0.812866170061,3500.0,0.3
21,Zprime_2000GeV_030,0.810337577473,2000.0,0.3
22,Zprime_2000GeV_015,0.827528222253,2000.0,0.15
23,Zprime_3500GeV_075,0.712164881974,3500.0,0.75
24,Zprime_3500GeV_045,0.782545426587,3500.0,0.45
25,Zprime_2500GeV_030,0.808229507985,2500.0,0.3
26,Zprime_2000GeV_060,0.754285373701,2000.0,0.6
27,Zprime_4000GeV_060,0.755083072508,4000.0,0.6
28,Zprime_2500GeV_075,0.713364769476,2500.0,0.75
29,Zprime_4000GeV_045,0.786967353559,4000.0,0.45
