,name,auc,mass,nu
0,Zprime_1500GeV_075,0.779594037751,1500.0,0.75
1,Zprime_1500GeV_015,0.858726846384,1500.0,0.15
2,Zprime_3000GeV_060,0.795708645208,3000.0,0.6
3,Zprime_1500GeV_030,0.848439967156,1500.0,0.3
4,Zprime_3000GeV_045,0.827457509039,3000.0,0.45
5,Zprime_2000GeV_045,0.833973532798,2000.0,0.45
6,Zprime_2500GeV_015,0.867869948701,2500.0,0.15
7,Zprime_3500GeV_060,0.794336557314,3500.0,0.6
8,Zprime_2500GeV_045,0.829195391025,2500.0,0.45
9,Zprime_2000GeV_075,0.781315340545,2000.0,0.75
10,Zprime_2500GeV_060,0.800446587282,2500.0,0.6
11,Zprime_4000GeV_075,0.752199098746,4000.0,0.75
12,Zprime_4000GeV_030,0.857328425189,4000.0,0.3
13,Zprime_4000GeV_015,0.872853428854,4000.0,0.15
14,Zprime_3000GeV_030,0.849373325637,3000.0,0.3
15,Zprime_1500GeV_045,0.828422466876,1500.0,0.45
16,Zprime_3000GeV_075,0.762954825288,3000.0,0.75
17,Zprime_1500GeV_060,0.809414590043,1500.0,0.6
18,Zprime_3000GeV_015,0.868545158173,3000.0,0.15
19,Zprime_3500GeV_015,0.869090610636,3500.0,0.15
20,Zprime_3500GeV_030,0.853833403891,3500.0,0.3
21,Zprime_2000GeV_030,0.854875554997,2000.0,0.3
22,Zprime_2000GeV_015,0.869145844213,2000.0,0.15
23,Zprime_3500GeV_075,0.758228880928,3500.0,0.75
24,Zprime_3500GeV_045,0.826288089081,3500.0,0.45
25,Zprime_2500GeV_030,0.851189865644,2500.0,0.3
26,Zprime_2000GeV_060,0.807351439258,2000.0,0.6
27,Zprime_4000GeV_060,0.795888822901,4000.0,0.6
28,Zprime_2500GeV_075,0.768808252987,2500.0,0.75
29,Zprime_4000GeV_045,0.828494425715,4000.0,0.45
