,name,auc,mass,nu
0,Zprime_1500GeV_075,0.786689763953,1500.0,0.75
1,Zprime_1500GeV_015,0.855199336084,1500.0,0.15
2,Zprime_3000GeV_060,0.802959597865,3000.0,0.6
3,Zprime_1500GeV_030,0.841916367112,1500.0,0.3
4,Zprime_3000GeV_045,0.826971249026,3000.0,0.45
5,Zprime_2000GeV_045,0.840520887082,2000.0,0.45
6,Zprime_2500GeV_015,0.860724029815,2500.0,0.15
7,Zprime_3500GeV_060,0.797542027952,3500.0,0.6
8,Zprime_2500GeV_045,0.830061992505,2500.0,0.45
9,Zprime_2000GeV_075,0.793481780132,2000.0,0.75
10,Zprime_2500GeV_060,0.807907116808,2500.0,0.6
11,Zprime_4000GeV_075,0.763074944802,4000.0,0.75
12,Zprime_4000GeV_030,0.85651101261,4000.0,0.3
13,Zprime_4000GeV_015,0.87105748827,4000.0,0.15
14,Zprime_3000GeV_030,0.846102322929,3000.0,0.3
15,Zprime_1500GeV_045,0.821723108762,1500.0,0.45
16,Zprime_3000GeV_075,0.773431956492,3000.0,0.75
17,Zprime_1500GeV_060,0.807421006789,1500.0,0.6
18,Zprime_3000GeV_015,0.86436479763,3000.0,0.15
19,Zprime_3500GeV_015,0.867175682569,3500.0,0.15
20,Zprime_3500GeV_030,0.851921141561,3500.0,0.3
21,Zprime_2000GeV_030,0.856059823266,2000.0,0.3
22,Zprime_2000GeV_015,0.867510379532,2000.0,0.15
23,Zprime_3500GeV_075,0.7699892954,3500.0,0.75
24,Zprime_3500GeV_045,0.826227618795,3500.0,0.45
25,Zprime_2500GeV_030,0.846771679338,2500.0,0.3
26,Zprime_2000GeV_060,0.815608233715,2000.0,0.6
27,Zprime_4000GeV_060,0.799620310975,4000.0,0.6
28,Zprime_2500GeV_075,0.781765165834,2500.0,0.75
29,Zprime_4000GeV_045,0.829572104166,4000.0,0.45
