,name,auc,mass,nu
0,Zprime_1500GeV_075,0.795805070902,1500.0,0.75
1,Zprime_1500GeV_015,0.867465992864,1500.0,0.15
2,Zprime_3000GeV_060,0.800132613027,3000.0,0.6
3,Zprime_1500GeV_030,0.857158430738,1500.0,0.3
4,Zprime_3000GeV_045,0.827504265103,3000.0,0.45
5,Zprime_2000GeV_045,0.837193976505,2000.0,0.45
6,Zprime_2500GeV_015,0.864979020909,2500.0,0.15
7,Zprime_3500GeV_060,0.798230206589,3500.0,0.6
8,Zprime_2500GeV_045,0.830810934585,2500.0,0.45
9,Zprime_2000GeV_075,0.791530362344,2000.0,0.75
10,Zprime_2500GeV_060,0.805733680342,2500.0,0.6
11,Zprime_4000GeV_075,0.75934554734,4000.0,0.75
12,Zprime_4000GeV_030,0.850675754446,4000.0,0.3
13,Zprime_4000GeV_015,0.862950780759,4000.0,0.15
14,Zprime_3000GeV_030,0.846095702999,3000.0,0.3
15,Zprime_1500GeV_045,0.838451228045,1500.0,0.45
16,Zprime_3000GeV_075,0.770961385396,3000.0,0.75
17,Zprime_1500GeV_060,0.825170198536,1500.0,0.6
18,Zprime_3000GeV_015,0.862894372359,3000.0,0.15
19,Zprime_3500GeV_015,0.861667144695,3500.0,0.15
20,Zprime_3500GeV_030,0.849203683419,3500.0,0.3
21,Zprime_2000GeV_030,0.856924426553,2000.0,0.3
22,Zprime_2000GeV_015,0.867818351189,2000.0,0.15
23,Zprime_3500GeV_075,0.764375723932,3500.0,0.75
24,Zprime_3500GeV_045,0.824211675294,3500.0,0.45
25,Zprime_2500GeV_030,0.849936989192,2500.0,0.3
26,Zprime_2000GeV_060,0.815181971157,2000.0,0.6
27,Zprime_4000GeV_060,0.799476934454,4000.0,0.6
28,Zprime_2500GeV_075,0.777567049826,2500.0,0.75
29,Zprime_4000GeV_045,0.825919449488,4000.0,0.45
