,name,auc,mass,nu
0,Zprime_1500GeV_075,0.799886204682,1500.0,0.75
1,Zprime_1500GeV_015,0.869164090834,1500.0,0.15
2,Zprime_3000GeV_060,0.802028080852,3000.0,0.6
3,Zprime_1500GeV_030,0.85712185765,1500.0,0.3
4,Zprime_3000GeV_045,0.831040494272,3000.0,0.45
5,Zprime_2000GeV_045,0.836984809936,2000.0,0.45
6,Zprime_2500GeV_015,0.868914918571,2500.0,0.15
7,Zprime_3500GeV_060,0.800366189789,3500.0,0.6
8,Zprime_2500GeV_045,0.832491751629,2500.0,0.45
9,Zprime_2000GeV_075,0.79132822249,2000.0,0.75
10,Zprime_2500GeV_060,0.806114842964,2500.0,0.6
11,Zprime_4000GeV_075,0.761580689185,4000.0,0.75
12,Zprime_4000GeV_030,0.856387790175,4000.0,0.3
13,Zprime_4000GeV_015,0.86996505631,4000.0,0.15
14,Zprime_3000GeV_030,0.851426792317,3000.0,0.3
15,Zprime_1500GeV_045,0.838089804158,1500.0,0.45
16,Zprime_3000GeV_075,0.772113872488,3000.0,0.75
17,Zprime_1500GeV_060,0.825477790979,1500.0,0.6
18,Zprime_3000GeV_015,0.869393584472,3000.0,0.15
19,Zprime_3500GeV_015,0.869755356033,3500.0,0.15
20,Zprime_3500GeV_030,0.853989099962,3500.0,0.3
21,Zprime_2000GeV_030,0.856403275713,2000.0,0.3
22,Zprime_2000GeV_015,0.868723487065,2000.0,0.15
23,Zprime_3500GeV_075,0.764707104832,3500.0,0.75
24,Zprime_3500GeV_045,0.828317055352,3500.0,0.45
25,Zprime_2500GeV_030,0.852684147153,2500.0,0.3
26,Zprime_2000GeV_060,0.814305885969,2000.0,0.6
27,Zprime_4000GeV_060,0.801276947307,4000.0,0.6
28,Zprime_2500GeV_075,0.777400484867,2500.0,0.75
29,Zprime_4000GeV_045,0.830037697212,4000.0,0.45
