,name,auc,mass,nu
0,Zprime_1500GeV_075,0.78695544002,1500.0,0.75
1,Zprime_1500GeV_015,0.864970973449,1500.0,0.15
2,Zprime_3000GeV_060,0.812358736171,3000.0,0.6
3,Zprime_1500GeV_030,0.856152265629,1500.0,0.3
4,Zprime_3000GeV_045,0.844474518126,3000.0,0.45
5,Zprime_2000GeV_045,0.848268060206,2000.0,0.45
6,Zprime_2500GeV_015,0.884292744474,2500.0,0.15
7,Zprime_3500GeV_060,0.810613409075,3500.0,0.6
8,Zprime_2500GeV_045,0.845826521432,2500.0,0.45
9,Zprime_2000GeV_075,0.789593075997,2000.0,0.75
10,Zprime_2500GeV_060,0.816993571954,2500.0,0.6
11,Zprime_4000GeV_075,0.762598624032,4000.0,0.75
12,Zprime_4000GeV_030,0.870764573958,4000.0,0.3
13,Zprime_4000GeV_015,0.884314894279,4000.0,0.15
14,Zprime_3000GeV_030,0.86580417088,3000.0,0.3
15,Zprime_1500GeV_045,0.832826252254,1500.0,0.45
16,Zprime_3000GeV_075,0.775265075847,3000.0,0.75
17,Zprime_1500GeV_060,0.810864369657,1500.0,0.6
18,Zprime_3000GeV_015,0.884551125947,3000.0,0.15
19,Zprime_3500GeV_015,0.885038879182,3500.0,0.15
20,Zprime_3500GeV_030,0.869519552872,3500.0,0.3
21,Zprime_2000GeV_030,0.870366024243,2000.0,0.3
22,Zprime_2000GeV_015,0.88613772385,2000.0,0.15
23,Zprime_3500GeV_075,0.769943122228,3500.0,0.75
24,Zprime_3500GeV_045,0.84289504779,3500.0,0.45
25,Zprime_2500GeV_030,0.867044763079,2500.0,0.3
26,Zprime_2000GeV_060,0.819697896976,2000.0,0.6
27,Zprime_4000GeV_060,0.809510592548,4000.0,0.6
28,Zprime_2500GeV_075,0.778416743023,2500.0,0.75
29,Zprime_4000GeV_045,0.842523015679,4000.0,0.45
