,name,auc,mass,nu
0,Zprime_1500GeV_075,0.741637889349,1500.0,0.75
1,Zprime_1500GeV_015,0.834869153239,1500.0,0.15
2,Zprime_3000GeV_060,0.7653123967,3000.0,0.6
3,Zprime_1500GeV_030,0.817621846438,1500.0,0.3
4,Zprime_3000GeV_045,0.796858590067,3000.0,0.45
5,Zprime_2000GeV_045,0.80329871342,2000.0,0.45
6,Zprime_2500GeV_015,0.840872143011,2500.0,0.15
7,Zprime_3500GeV_060,0.765614374026,3500.0,0.6
8,Zprime_2500GeV_045,0.798949491803,2500.0,0.45
9,Zprime_2000GeV_075,0.747134106477,2000.0,0.75
10,Zprime_2500GeV_060,0.770389163807,2500.0,0.6
11,Zprime_4000GeV_075,0.723423522576,4000.0,0.75
12,Zprime_4000GeV_030,0.827360763605,4000.0,0.3
13,Zprime_4000GeV_015,0.843577345739,4000.0,0.15
14,Zprime_3000GeV_030,0.820071719296,3000.0,0.3
15,Zprime_1500GeV_045,0.792752091132,1500.0,0.45
16,Zprime_3000GeV_075,0.731035414401,3000.0,0.75
17,Zprime_1500GeV_060,0.774876380808,1500.0,0.6
18,Zprime_3000GeV_015,0.841084228248,3000.0,0.15
19,Zprime_3500GeV_015,0.839413437888,3500.0,0.15
20,Zprime_3500GeV_030,0.82277505146,3500.0,0.3
21,Zprime_2000GeV_030,0.826054851897,2000.0,0.3
22,Zprime_2000GeV_015,0.842129485098,2000.0,0.15
23,Zprime_3500GeV_075,0.728221379928,3500.0,0.75
24,Zprime_3500GeV_045,0.794899353191,3500.0,0.45
25,Zprime_2500GeV_030,0.821787270172,2500.0,0.3
26,Zprime_2000GeV_060,0.774738709118,2000.0,0.6
27,Zprime_4000GeV_060,0.768350962475,4000.0,0.6
28,Zprime_2500GeV_075,0.733477967693,2500.0,0.75
29,Zprime_4000GeV_045,0.797498155741,4000.0,0.45
