,name,auc,mass,nu
0,Zprime_1500GeV_075,0.798282365662,1500.0,0.75
1,Zprime_1500GeV_015,0.872356084678,1500.0,0.15
2,Zprime_3000GeV_060,0.805612376619,3000.0,0.6
3,Zprime_1500GeV_030,0.862163536889,1500.0,0.3
4,Zprime_3000GeV_045,0.836774680918,3000.0,0.45
5,Zprime_2000GeV_045,0.843671921246,2000.0,0.45
6,Zprime_2500GeV_015,0.876749301732,2500.0,0.15
7,Zprime_3500GeV_060,0.804597648363,3500.0,0.6
8,Zprime_2500GeV_045,0.838438468605,2500.0,0.45
9,Zprime_2000GeV_075,0.794586539209,2000.0,0.75
10,Zprime_2500GeV_060,0.810885122762,2500.0,0.6
11,Zprime_4000GeV_075,0.762999674526,4000.0,0.75
12,Zprime_4000GeV_030,0.861055701592,4000.0,0.3
13,Zprime_4000GeV_015,0.87416651149,4000.0,0.15
14,Zprime_3000GeV_030,0.857400498364,3000.0,0.3
15,Zprime_1500GeV_045,0.842897554729,1500.0,0.45
16,Zprime_3000GeV_075,0.775334445935,3000.0,0.75
17,Zprime_1500GeV_060,0.827152050276,1500.0,0.6
18,Zprime_3000GeV_015,0.87628975286,3000.0,0.15
19,Zprime_3500GeV_015,0.874367594739,3500.0,0.15
20,Zprime_3500GeV_030,0.859461495367,3500.0,0.3
21,Zprime_2000GeV_030,0.864985353288,2000.0,0.3
22,Zprime_2000GeV_015,0.877688636968,2000.0,0.15
23,Zprime_3500GeV_075,0.76885281388,3500.0,0.75
24,Zprime_3500GeV_045,0.833295536905,3500.0,0.45
25,Zprime_2500GeV_030,0.859901187039,2500.0,0.3
26,Zprime_2000GeV_060,0.819615801171,2000.0,0.6
27,Zprime_4000GeV_060,0.80473883097,4000.0,0.6
28,Zprime_2500GeV_075,0.781640289969,2500.0,0.75
29,Zprime_4000GeV_045,0.833816307273,4000.0,0.45
