,name,auc,mass,nu
0,Zprime_1500GeV_075,0.732758845126,1500.0,0.75
1,Zprime_1500GeV_015,0.830129866852,1500.0,0.15
2,Zprime_3000GeV_060,0.76039444992,3000.0,0.6
3,Zprime_1500GeV_030,0.81725446824,1500.0,0.3
4,Zprime_3000GeV_045,0.792626891626,3000.0,0.45
5,Zprime_2000GeV_045,0.796795758209,2000.0,0.45
6,Zprime_2500GeV_015,0.836946532459,2500.0,0.15
7,Zprime_3500GeV_060,0.761286405059,3500.0,0.6
8,Zprime_2500GeV_045,0.793092564165,2500.0,0.45
9,Zprime_2000GeV_075,0.73893239355,2000.0,0.75
10,Zprime_2500GeV_060,0.762809342144,2500.0,0.6
11,Zprime_4000GeV_075,0.720090925481,4000.0,0.75
12,Zprime_4000GeV_030,0.823486420165,4000.0,0.3
13,Zprime_4000GeV_015,0.84199010554,4000.0,0.15
14,Zprime_3000GeV_030,0.815445151315,3000.0,0.3
15,Zprime_1500GeV_045,0.788795886931,1500.0,0.45
16,Zprime_3000GeV_075,0.725184474681,3000.0,0.75
17,Zprime_1500GeV_060,0.768083583504,1500.0,0.6
18,Zprime_3000GeV_015,0.837420810711,3000.0,0.15
19,Zprime_3500GeV_015,0.837414339501,3500.0,0.15
20,Zprime_3500GeV_030,0.820848546955,3500.0,0.3
21,Zprime_2000GeV_030,0.822659987494,2000.0,0.3
22,Zprime_2000GeV_015,0.839972290089,2000.0,0.15
23,Zprime_3500GeV_075,0.722499033797,3500.0,0.75
24,Zprime_3500GeV_045,0.79151551895,3500.0,0.45
25,Zprime_2500GeV_030,0.817832149104,2500.0,0.3
26,Zprime_2000GeV_060,0.766936177581,2000.0,0.6
27,Zprime_4000GeV_060,0.762625414094,4000.0,0.6
28,Zprime_2500GeV_075,0.726237310097,2500.0,0.75
29,Zprime_4000GeV_045,0.792941324968,4000.0,0.45
