,name,auc,mass,nu
0,Zprime_1500GeV_075,0.782735487954,1500.0,0.75
1,Zprime_1500GeV_015,0.865908233696,1500.0,0.15
2,Zprime_3000GeV_060,0.799527272355,3000.0,0.6
3,Zprime_1500GeV_030,0.855080350128,1500.0,0.3
4,Zprime_3000GeV_045,0.829963640015,3000.0,0.45
5,Zprime_2000GeV_045,0.838133657476,2000.0,0.45
6,Zprime_2500GeV_015,0.873530642215,2500.0,0.15
7,Zprime_3500GeV_060,0.795556351721,3500.0,0.6
8,Zprime_2500GeV_045,0.833102497411,2500.0,0.45
9,Zprime_2000GeV_075,0.785105048184,2000.0,0.75
10,Zprime_2500GeV_060,0.804504733072,2500.0,0.6
11,Zprime_4000GeV_075,0.752106364363,4000.0,0.75
12,Zprime_4000GeV_030,0.854164759339,4000.0,0.3
13,Zprime_4000GeV_015,0.868447331229,4000.0,0.15
14,Zprime_3000GeV_030,0.851674870309,3000.0,0.3
15,Zprime_1500GeV_045,0.831242608129,1500.0,0.45
16,Zprime_3000GeV_075,0.766364743716,3000.0,0.75
17,Zprime_1500GeV_060,0.81616885984,1500.0,0.6
18,Zprime_3000GeV_015,0.870776974005,3000.0,0.15
19,Zprime_3500GeV_015,0.868534713288,3500.0,0.15
20,Zprime_3500GeV_030,0.853065490907,3500.0,0.3
21,Zprime_2000GeV_030,0.860541734462,2000.0,0.3
22,Zprime_2000GeV_015,0.874608740024,2000.0,0.15
23,Zprime_3500GeV_075,0.759498037907,3500.0,0.75
24,Zprime_3500GeV_045,0.826506714008,3500.0,0.45
25,Zprime_2500GeV_030,0.855598501038,2500.0,0.3
26,Zprime_2000GeV_060,0.811977950047,2000.0,0.6
27,Zprime_4000GeV_060,0.795853969323,4000.0,0.6
28,Zprime_2500GeV_075,0.77171895776,2500.0,0.75
29,Zprime_4000GeV_045,0.825677397987,4000.0,0.45
