,name,auc,mass,nu
0,Zprime_1500GeV_075,0.735462384266,1500.0,0.75
1,Zprime_1500GeV_015,0.828968436862,1500.0,0.15
2,Zprime_3000GeV_060,0.758585047499,3000.0,0.6
3,Zprime_1500GeV_030,0.814156104621,1500.0,0.3
4,Zprime_3000GeV_045,0.79014252131,3000.0,0.45
5,Zprime_2000GeV_045,0.794996687663,2000.0,0.45
6,Zprime_2500GeV_015,0.831951424575,2500.0,0.15
7,Zprime_3500GeV_060,0.760870013193,3500.0,0.6
8,Zprime_2500GeV_045,0.791404021341,2500.0,0.45
9,Zprime_2000GeV_075,0.738796110849,2000.0,0.75
10,Zprime_2500GeV_060,0.760910190798,2500.0,0.6
11,Zprime_4000GeV_075,0.719542872925,4000.0,0.75
12,Zprime_4000GeV_030,0.823500976463,4000.0,0.3
13,Zprime_4000GeV_015,0.842137148014,4000.0,0.15
14,Zprime_3000GeV_030,0.812861548944,3000.0,0.3
15,Zprime_1500GeV_045,0.789580140068,1500.0,0.45
16,Zprime_3000GeV_075,0.724342924396,3000.0,0.75
17,Zprime_1500GeV_060,0.768823148606,1500.0,0.6
18,Zprime_3000GeV_015,0.834371379689,3000.0,0.15
19,Zprime_3500GeV_015,0.834833572558,3500.0,0.15
20,Zprime_3500GeV_030,0.8192437874,3500.0,0.3
21,Zprime_2000GeV_030,0.818704219549,2000.0,0.3
22,Zprime_2000GeV_015,0.835923902589,2000.0,0.15
23,Zprime_3500GeV_075,0.722096780691,3500.0,0.75
24,Zprime_3500GeV_045,0.789923555384,3500.0,0.45
25,Zprime_2500GeV_030,0.814812444683,2500.0,0.3
26,Zprime_2000GeV_060,0.766862914122,2000.0,0.6
27,Zprime_4000GeV_060,0.762753300121,4000.0,0.6
28,Zprime_2500GeV_075,0.72484759637,2500.0,0.75
29,Zprime_4000GeV_045,0.792607703478,4000.0,0.45
