,name,auc,mass,nu
0,Zprime_1500GeV_075,0.793599528695,1500.0,0.75
1,Zprime_1500GeV_015,0.86920787005,1500.0,0.15
2,Zprime_3000GeV_060,0.808191362383,3000.0,0.6
3,Zprime_1500GeV_030,0.860940975473,1500.0,0.3
4,Zprime_3000GeV_045,0.838852782351,3000.0,0.45
5,Zprime_2000GeV_045,0.844060346208,2000.0,0.45
6,Zprime_2500GeV_015,0.877071766345,2500.0,0.15
7,Zprime_3500GeV_060,0.806958318538,3500.0,0.6
8,Zprime_2500GeV_045,0.838998694822,2500.0,0.45
9,Zprime_2000GeV_075,0.795700157079,2000.0,0.75
10,Zprime_2500GeV_060,0.812033662108,2500.0,0.6
11,Zprime_4000GeV_075,0.765204210396,4000.0,0.75
12,Zprime_4000GeV_030,0.867377559807,4000.0,0.3
13,Zprime_4000GeV_015,0.882042091356,4000.0,0.15
14,Zprime_3000GeV_030,0.860557747945,3000.0,0.3
15,Zprime_1500GeV_045,0.839546738112,1500.0,0.45
16,Zprime_3000GeV_075,0.776157099701,3000.0,0.75
17,Zprime_1500GeV_060,0.823816811408,1500.0,0.6
18,Zprime_3000GeV_015,0.878933719718,3000.0,0.15
19,Zprime_3500GeV_015,0.880502468726,3500.0,0.15
20,Zprime_3500GeV_030,0.864667112622,3500.0,0.3
21,Zprime_2000GeV_030,0.863491892562,2000.0,0.3
22,Zprime_2000GeV_015,0.876633101589,2000.0,0.15
23,Zprime_3500GeV_075,0.770050909904,3500.0,0.75
24,Zprime_3500GeV_045,0.836689470192,3500.0,0.45
25,Zprime_2500GeV_030,0.860582727703,2500.0,0.3
26,Zprime_2000GeV_060,0.819459244074,2000.0,0.6
27,Zprime_4000GeV_060,0.808321090171,4000.0,0.6
28,Zprime_2500GeV_075,0.782265193176,2500.0,0.75
29,Zprime_4000GeV_045,0.838257372489,4000.0,0.45
