,name,auc,mass,nu
0,Zprime_1500GeV_075,0.777509619315,1500.0,0.75
1,Zprime_1500GeV_015,0.85941848813,1500.0,0.15
2,Zprime_3000GeV_060,0.814307060115,3000.0,0.6
3,Zprime_1500GeV_030,0.846944323139,1500.0,0.3
4,Zprime_3000GeV_045,0.847494981028,3000.0,0.45
5,Zprime_2000GeV_045,0.842082589279,2000.0,0.45
6,Zprime_2500GeV_015,0.884727132844,2500.0,0.15
7,Zprime_3500GeV_060,0.815543498395,3500.0,0.6
8,Zprime_2500GeV_045,0.843680653262,2500.0,0.45
9,Zprime_2000GeV_075,0.776526959307,2000.0,0.75
10,Zprime_2500GeV_060,0.811839961065,2500.0,0.6
11,Zprime_4000GeV_075,0.768635305792,4000.0,0.75
12,Zprime_4000GeV_030,0.884940319405,4000.0,0.3
13,Zprime_4000GeV_015,0.901222640346,4000.0,0.15
14,Zprime_3000GeV_030,0.872286520903,3000.0,0.3
15,Zprime_1500GeV_045,0.822971394819,1500.0,0.45
16,Zprime_3000GeV_075,0.773349670403,3000.0,0.75
17,Zprime_1500GeV_060,0.802690012147,1500.0,0.6
18,Zprime_3000GeV_015,0.892421379829,3000.0,0.15
19,Zprime_3500GeV_015,0.897283986069,3500.0,0.15
20,Zprime_3500GeV_030,0.879594899524,3500.0,0.3
21,Zprime_2000GeV_030,0.863397811393,2000.0,0.3
22,Zprime_2000GeV_015,0.881215321551,2000.0,0.15
23,Zprime_3500GeV_075,0.773723094412,3500.0,0.75
24,Zprime_3500GeV_045,0.854107906219,3500.0,0.45
25,Zprime_2500GeV_030,0.866962448081,2500.0,0.3
26,Zprime_2000GeV_060,0.8124981999,2000.0,0.6
27,Zprime_4000GeV_060,0.820684773387,4000.0,0.6
28,Zprime_2500GeV_075,0.770385634804,2500.0,0.75
29,Zprime_4000GeV_045,0.85519073596,4000.0,0.45
