,name,auc,mass,nu
0,Zprime_1500GeV_075,0.782171804083,1500.0,0.75
1,Zprime_1500GeV_015,0.861178412599,1500.0,0.15
2,Zprime_3000GeV_060,0.794813822285,3000.0,0.6
3,Zprime_1500GeV_030,0.847126178934,1500.0,0.3
4,Zprime_3000GeV_045,0.81929905748,3000.0,0.45
5,Zprime_2000GeV_045,0.834018910257,2000.0,0.45
6,Zprime_2500GeV_015,0.856706762983,2500.0,0.15
7,Zprime_3500GeV_060,0.790511983385,3500.0,0.6
8,Zprime_2500GeV_045,0.825279176359,2500.0,0.45
9,Zprime_2000GeV_075,0.786143655848,2000.0,0.75
10,Zprime_2500GeV_060,0.802528698148,2500.0,0.6
11,Zprime_4000GeV_075,0.754434777833,4000.0,0.75
12,Zprime_4000GeV_030,0.840599470859,4000.0,0.3
13,Zprime_4000GeV_015,0.855536794553,4000.0,0.15
14,Zprime_3000GeV_030,0.838295449641,3000.0,0.3
15,Zprime_1500GeV_045,0.827285010008,1500.0,0.45
16,Zprime_3000GeV_075,0.766802999955,3000.0,0.75
17,Zprime_1500GeV_060,0.807782655781,1500.0,0.6
18,Zprime_3000GeV_015,0.855800109914,3000.0,0.15
19,Zprime_3500GeV_015,0.853815328691,3500.0,0.15
20,Zprime_3500GeV_030,0.839774222883,3500.0,0.3
21,Zprime_2000GeV_030,0.853570851854,2000.0,0.3
22,Zprime_2000GeV_015,0.865781293497,2000.0,0.15
23,Zprime_3500GeV_075,0.761629728735,3500.0,0.75
24,Zprime_3500GeV_045,0.817936408281,3500.0,0.45
25,Zprime_2500GeV_030,0.842254189976,2500.0,0.3
26,Zprime_2000GeV_060,0.809247537225,2000.0,0.6
27,Zprime_4000GeV_060,0.790121880428,4000.0,0.6
28,Zprime_2500GeV_075,0.771583543099,2500.0,0.75
29,Zprime_4000GeV_045,0.816532172363,4000.0,0.45
