,name,auc,mass,nu
0,Zprime_1500GeV_075,0.805194330512,1500.0,0.75
1,Zprime_1500GeV_015,0.87535407605,1500.0,0.15
2,Zprime_3000GeV_060,0.813764420701,3000.0,0.6
3,Zprime_1500GeV_030,0.863877224529,1500.0,0.3
4,Zprime_3000GeV_045,0.840759782797,3000.0,0.45
5,Zprime_2000GeV_045,0.849663350139,2000.0,0.45
6,Zprime_2500GeV_015,0.874905190254,2500.0,0.15
7,Zprime_3500GeV_060,0.811995142474,3500.0,0.6
8,Zprime_2500GeV_045,0.842719095374,2500.0,0.45
9,Zprime_2000GeV_075,0.805257756392,2000.0,0.75
10,Zprime_2500GeV_060,0.819802070499,2500.0,0.6
11,Zprime_4000GeV_075,0.77446257248,4000.0,0.75
12,Zprime_4000GeV_030,0.867889005266,4000.0,0.3
13,Zprime_4000GeV_015,0.88153407095,4000.0,0.15
14,Zprime_3000GeV_030,0.860407634363,3000.0,0.3
15,Zprime_1500GeV_045,0.851378297134,1500.0,0.45
16,Zprime_3000GeV_075,0.785344274741,3000.0,0.75
17,Zprime_1500GeV_060,0.830367280991,1500.0,0.6
18,Zprime_3000GeV_015,0.876837296509,3000.0,0.15
19,Zprime_3500GeV_015,0.878741542289,3500.0,0.15
20,Zprime_3500GeV_030,0.863241473589,3500.0,0.3
21,Zprime_2000GeV_030,0.866715908168,2000.0,0.3
22,Zprime_2000GeV_015,0.879373419327,2000.0,0.15
23,Zprime_3500GeV_075,0.778978312555,3500.0,0.75
24,Zprime_3500GeV_045,0.841596812468,3500.0,0.45
25,Zprime_2500GeV_030,0.861310339068,2500.0,0.3
26,Zprime_2000GeV_060,0.827278743578,2000.0,0.6
27,Zprime_4000GeV_060,0.812549310824,4000.0,0.6
28,Zprime_2500GeV_075,0.792415947041,2500.0,0.75
29,Zprime_4000GeV_045,0.842168190093,4000.0,0.45
