,name,auc,mass,nu
0,Zprime_1500GeV_075,0.798670566759,1500.0,0.75
1,Zprime_1500GeV_015,0.874805834521,1500.0,0.15
2,Zprime_3000GeV_060,0.80923710002,3000.0,0.6
3,Zprime_1500GeV_030,0.864754194839,1500.0,0.3
4,Zprime_3000GeV_045,0.837006966852,3000.0,0.45
5,Zprime_2000GeV_045,0.846370511657,2000.0,0.45
6,Zprime_2500GeV_015,0.875724404819,2500.0,0.15
7,Zprime_3500GeV_060,0.805650868474,3500.0,0.6
8,Zprime_2500GeV_045,0.840519970777,2500.0,0.45
9,Zprime_2000GeV_075,0.79768121383,2000.0,0.75
10,Zprime_2500GeV_060,0.815146813116,2500.0,0.6
11,Zprime_4000GeV_075,0.765689534909,4000.0,0.75
12,Zprime_4000GeV_030,0.861170452318,4000.0,0.3
13,Zprime_4000GeV_015,0.873722062271,4000.0,0.15
14,Zprime_3000GeV_030,0.856901015454,3000.0,0.3
15,Zprime_1500GeV_045,0.843125512559,1500.0,0.45
16,Zprime_3000GeV_075,0.777954710954,3000.0,0.75
17,Zprime_1500GeV_060,0.827156694909,1500.0,0.6
18,Zprime_3000GeV_015,0.873932422136,3000.0,0.15
19,Zprime_3500GeV_015,0.87259481885,3500.0,0.15
20,Zprime_3500GeV_030,0.859834473546,3500.0,0.3
21,Zprime_2000GeV_030,0.866516460206,2000.0,0.3
22,Zprime_2000GeV_015,0.87897887333,2000.0,0.15
23,Zprime_3500GeV_075,0.77115555061,3500.0,0.75
24,Zprime_3500GeV_045,0.83408281451,3500.0,0.45
25,Zprime_2500GeV_030,0.860649129041,2500.0,0.3
26,Zprime_2000GeV_060,0.823291678636,2000.0,0.6
27,Zprime_4000GeV_060,0.80594797093,4000.0,0.6
28,Zprime_2500GeV_075,0.784118970937,2500.0,0.75
29,Zprime_4000GeV_045,0.833960864837,4000.0,0.45
