,name,auc,mass,nu
0,Zprime_1500GeV_075,0.781331723757,1500.0,0.75
1,Zprime_1500GeV_015,0.849198297292,1500.0,0.15
2,Zprime_3000GeV_060,0.793899795076,3000.0,0.6
3,Zprime_1500GeV_030,0.832999785051,1500.0,0.3
4,Zprime_3000GeV_045,0.816283834894,3000.0,0.45
5,Zprime_2000GeV_045,0.827822774282,2000.0,0.45
6,Zprime_2500GeV_015,0.850358933906,2500.0,0.15
7,Zprime_3500GeV_060,0.790655816394,3500.0,0.6
8,Zprime_2500GeV_045,0.818821883164,2500.0,0.45
9,Zprime_2000GeV_075,0.784464901506,2000.0,0.75
10,Zprime_2500GeV_060,0.796453236994,2500.0,0.6
11,Zprime_4000GeV_075,0.763284613133,4000.0,0.75
12,Zprime_4000GeV_030,0.846891759888,4000.0,0.3
13,Zprime_4000GeV_015,0.860385051406,4000.0,0.15
14,Zprime_3000GeV_030,0.835654355281,3000.0,0.3
15,Zprime_1500GeV_045,0.815861437914,1500.0,0.45
16,Zprime_3000GeV_075,0.768779247751,3000.0,0.75
17,Zprime_1500GeV_060,0.8027515245,1500.0,0.6
18,Zprime_3000GeV_015,0.85362785065,3000.0,0.15
19,Zprime_3500GeV_015,0.85831518206,3500.0,0.15
20,Zprime_3500GeV_030,0.841451480921,3500.0,0.3
21,Zprime_2000GeV_030,0.844747993645,2000.0,0.3
22,Zprime_2000GeV_015,0.85576822609,2000.0,0.15
23,Zprime_3500GeV_075,0.766403861289,3500.0,0.75
24,Zprime_3500GeV_045,0.817839062164,3500.0,0.45
25,Zprime_2500GeV_030,0.836300862618,2500.0,0.3
26,Zprime_2000GeV_060,0.8034867132,2000.0,0.6
27,Zprime_4000GeV_060,0.793497355099,4000.0,0.6
28,Zprime_2500GeV_075,0.774075607366,2500.0,0.75
29,Zprime_4000GeV_045,0.822113277196,4000.0,0.45
