,name,auc,mass,nu
0,Zprime_1500GeV_075,0.730481301785,1500.0,0.75
1,Zprime_1500GeV_015,0.830800294308,1500.0,0.15
2,Zprime_3000GeV_060,0.759581928373,3000.0,0.6
3,Zprime_1500GeV_030,0.811943718415,1500.0,0.3
4,Zprime_3000GeV_045,0.79196489965,3000.0,0.45
5,Zprime_2000GeV_045,0.792816127524,2000.0,0.45
6,Zprime_2500GeV_015,0.835794193591,2500.0,0.15
7,Zprime_3500GeV_060,0.759528605589,3500.0,0.6
8,Zprime_2500GeV_045,0.792579722656,2500.0,0.45
9,Zprime_2000GeV_075,0.734779176619,2000.0,0.75
10,Zprime_2500GeV_060,0.761382468601,2500.0,0.6
11,Zprime_4000GeV_075,0.716426666623,4000.0,0.75
12,Zprime_4000GeV_030,0.82321819687,4000.0,0.3
13,Zprime_4000GeV_015,0.840212257507,4000.0,0.15
14,Zprime_3000GeV_030,0.815122504977,3000.0,0.3
15,Zprime_1500GeV_045,0.787977164019,1500.0,0.45
16,Zprime_3000GeV_075,0.724091566022,3000.0,0.75
17,Zprime_1500GeV_060,0.765395137013,1500.0,0.6
18,Zprime_3000GeV_015,0.835948569928,3000.0,0.15
19,Zprime_3500GeV_015,0.835573353032,3500.0,0.15
20,Zprime_3500GeV_030,0.819146198854,3500.0,0.3
21,Zprime_2000GeV_030,0.818684504445,2000.0,0.3
22,Zprime_2000GeV_015,0.83626687632,2000.0,0.15
23,Zprime_3500GeV_075,0.72059653406,3500.0,0.75
24,Zprime_3500GeV_045,0.788764586902,3500.0,0.45
25,Zprime_2500GeV_030,0.817339251572,2500.0,0.3
26,Zprime_2000GeV_060,0.7642653172,2000.0,0.6
27,Zprime_4000GeV_060,0.760825558327,4000.0,0.6
28,Zprime_2500GeV_075,0.723986085554,2500.0,0.75
29,Zprime_4000GeV_045,0.793135172183,4000.0,0.45
