,name,auc,mass,nu
0,Zprime_1500GeV_075,0.723296785533,1500.0,0.75
1,Zprime_1500GeV_015,0.807058546225,1500.0,0.15
2,Zprime_3000GeV_060,0.74356524269,3000.0,0.6
3,Zprime_1500GeV_030,0.792772140176,1500.0,0.3
4,Zprime_3000GeV_045,0.7759857287,3000.0,0.45
5,Zprime_2000GeV_045,0.77398850734,2000.0,0.45
6,Zprime_2500GeV_015,0.816020030953,2500.0,0.15
7,Zprime_3500GeV_060,0.747761743993,3500.0,0.6
8,Zprime_2500GeV_045,0.773487783163,2500.0,0.45
9,Zprime_2000GeV_075,0.720827185307,2000.0,0.75
10,Zprime_2500GeV_060,0.745427578453,2500.0,0.6
11,Zprime_4000GeV_075,0.710001206575,4000.0,0.75
12,Zprime_4000GeV_030,0.818563039543,4000.0,0.3
13,Zprime_4000GeV_015,0.840288662297,4000.0,0.15
14,Zprime_3000GeV_030,0.800312683095,3000.0,0.3
15,Zprime_1500GeV_045,0.769137996769,1500.0,0.45
16,Zprime_3000GeV_075,0.709892555268,3000.0,0.75
17,Zprime_1500GeV_060,0.749537739103,1500.0,0.6
18,Zprime_3000GeV_015,0.822991497398,3000.0,0.15
19,Zprime_3500GeV_015,0.831019132862,3500.0,0.15
20,Zprime_3500GeV_030,0.810907460039,3500.0,0.3
21,Zprime_2000GeV_030,0.796257486936,2000.0,0.3
22,Zprime_2000GeV_015,0.812661840908,2000.0,0.15
23,Zprime_3500GeV_075,0.709221764723,3500.0,0.75
24,Zprime_3500GeV_045,0.779532167328,3500.0,0.45
25,Zprime_2500GeV_030,0.797540452553,2500.0,0.3
26,Zprime_2000GeV_060,0.74805245147,2000.0,0.6
27,Zprime_4000GeV_060,0.753326628524,4000.0,0.6
28,Zprime_2500GeV_075,0.710736442323,2500.0,0.75
29,Zprime_4000GeV_045,0.786905137533,4000.0,0.45
