,name,auc,mass,nu
0,Zprime_1500GeV_075,0.722925098338,1500.0,0.75
1,Zprime_1500GeV_015,0.823550665779,1500.0,0.15
2,Zprime_3000GeV_060,0.751726886445,3000.0,0.6
3,Zprime_1500GeV_030,0.803244836645,1500.0,0.3
4,Zprime_3000GeV_045,0.784728112268,3000.0,0.45
5,Zprime_2000GeV_045,0.787387474649,2000.0,0.45
6,Zprime_2500GeV_015,0.831033039277,2500.0,0.15
7,Zprime_3500GeV_060,0.752298296574,3500.0,0.6
8,Zprime_2500GeV_045,0.785445783837,2500.0,0.45
9,Zprime_2000GeV_075,0.727518043211,2000.0,0.75
10,Zprime_2500GeV_060,0.754558740023,2500.0,0.6
11,Zprime_4000GeV_075,0.709966055131,4000.0,0.75
12,Zprime_4000GeV_030,0.81769538732,4000.0,0.3
13,Zprime_4000GeV_015,0.835837601538,4000.0,0.15
14,Zprime_3000GeV_030,0.809229017564,3000.0,0.3
15,Zprime_1500GeV_045,0.775948755711,1500.0,0.45
16,Zprime_3000GeV_075,0.715947791937,3000.0,0.75
17,Zprime_1500GeV_060,0.758900283091,1500.0,0.6
18,Zprime_3000GeV_015,0.832464545875,3000.0,0.15
19,Zprime_3500GeV_015,0.830353546152,3500.0,0.15
20,Zprime_3500GeV_030,0.812939996371,3500.0,0.3
21,Zprime_2000GeV_030,0.811634748291,2000.0,0.3
22,Zprime_2000GeV_015,0.829137470213,2000.0,0.15
23,Zprime_3500GeV_075,0.712935943796,3500.0,0.75
24,Zprime_3500GeV_045,0.783390020777,3500.0,0.45
25,Zprime_2500GeV_030,0.810246897687,2500.0,0.3
26,Zprime_2000GeV_060,0.757866306118,2000.0,0.6
27,Zprime_4000GeV_060,0.755620265385,4000.0,0.6
28,Zprime_2500GeV_075,0.716365376819,2500.0,0.75
29,Zprime_4000GeV_045,0.787147841755,4000.0,0.45
