,name,auc,mass,nu
0,Zprime_1500GeV_075,0.775496075768,1500.0,0.75
1,Zprime_1500GeV_015,0.842661457747,1500.0,0.15
2,Zprime_3000GeV_060,0.788057939876,3000.0,0.6
3,Zprime_1500GeV_030,0.829154724063,1500.0,0.3
4,Zprime_3000GeV_045,0.810838914488,3000.0,0.45
5,Zprime_2000GeV_045,0.828083316766,2000.0,0.45
6,Zprime_2500GeV_015,0.84810397535,2500.0,0.15
7,Zprime_3500GeV_060,0.782294883923,3500.0,0.6
8,Zprime_2500GeV_045,0.816157303608,2500.0,0.45
9,Zprime_2000GeV_075,0.782497085865,2000.0,0.75
10,Zprime_2500GeV_060,0.794531431449,2500.0,0.6
11,Zprime_4000GeV_075,0.750825213688,4000.0,0.75
12,Zprime_4000GeV_030,0.839140540476,4000.0,0.3
13,Zprime_4000GeV_015,0.853313457106,4000.0,0.15
14,Zprime_3000GeV_030,0.830175071824,3000.0,0.3
15,Zprime_1500GeV_045,0.809594252211,1500.0,0.45
16,Zprime_3000GeV_075,0.761358774727,3000.0,0.75
17,Zprime_1500GeV_060,0.797136939301,1500.0,0.6
18,Zprime_3000GeV_015,0.84880602657,3000.0,0.15
19,Zprime_3500GeV_015,0.849936889568,3500.0,0.15
20,Zprime_3500GeV_030,0.834392727855,3500.0,0.3
21,Zprime_2000GeV_030,0.844160727903,2000.0,0.3
22,Zprime_2000GeV_015,0.8566389997,2000.0,0.15
23,Zprime_3500GeV_075,0.758071681879,3500.0,0.75
24,Zprime_3500GeV_045,0.809323268188,3500.0,0.45
25,Zprime_2500GeV_030,0.833480385463,2500.0,0.3
26,Zprime_2000GeV_060,0.803288385585,2000.0,0.6
27,Zprime_4000GeV_060,0.784025404969,4000.0,0.6
28,Zprime_2500GeV_075,0.770715745672,2500.0,0.75
29,Zprime_4000GeV_045,0.812572686844,4000.0,0.45
