,name,auc,mass,nu
0,Zprime_1500GeV_075,0.79967439196,1500.0,0.75
1,Zprime_1500GeV_015,0.876181060776,1500.0,0.15
2,Zprime_3000GeV_060,0.805342872473,3000.0,0.6
3,Zprime_1500GeV_030,0.865651995735,1500.0,0.3
4,Zprime_3000GeV_045,0.834894236101,3000.0,0.45
5,Zprime_2000GeV_045,0.844368231525,2000.0,0.45
6,Zprime_2500GeV_015,0.878222502669,2500.0,0.15
7,Zprime_3500GeV_060,0.802454893943,3500.0,0.6
8,Zprime_2500GeV_045,0.838729642688,2500.0,0.45
9,Zprime_2000GeV_075,0.793873596373,2000.0,0.75
10,Zprime_2500GeV_060,0.811063081942,2500.0,0.6
11,Zprime_4000GeV_075,0.76010054815,4000.0,0.75
12,Zprime_4000GeV_030,0.856301582327,4000.0,0.3
13,Zprime_4000GeV_015,0.867248458979,4000.0,0.15
14,Zprime_3000GeV_030,0.85630828995,3000.0,0.3
15,Zprime_1500GeV_045,0.845795531098,1500.0,0.45
16,Zprime_3000GeV_075,0.772508222591,3000.0,0.75
17,Zprime_1500GeV_060,0.829198599789,1500.0,0.6
18,Zprime_3000GeV_015,0.874714284533,3000.0,0.15
19,Zprime_3500GeV_015,0.87008830298,3500.0,0.15
20,Zprime_3500GeV_030,0.857159286953,3500.0,0.3
21,Zprime_2000GeV_030,0.866407727797,2000.0,0.3
22,Zprime_2000GeV_015,0.880493926579,2000.0,0.15
23,Zprime_3500GeV_075,0.767219111298,3500.0,0.75
24,Zprime_3500GeV_045,0.830810915692,3500.0,0.45
25,Zprime_2500GeV_030,0.861296477087,2500.0,0.3
26,Zprime_2000GeV_060,0.819644935053,2000.0,0.6
27,Zprime_4000GeV_060,0.801921224441,4000.0,0.6
28,Zprime_2500GeV_075,0.780554633945,2500.0,0.75
29,Zprime_4000GeV_045,0.83016254073,4000.0,0.45
