,name,auc,mass,nu
0,Zprime_1500GeV_075,0.703444286497,1500.0,0.75
1,Zprime_1500GeV_015,0.78661365252,1500.0,0.15
2,Zprime_3000GeV_060,0.704906002118,3000.0,0.6
3,Zprime_1500GeV_030,0.772062592509,1500.0,0.3
4,Zprime_3000GeV_045,0.724796474081,3000.0,0.45
5,Zprime_2000GeV_045,0.766354357043,2000.0,0.45
6,Zprime_2500GeV_015,0.774614808256,2500.0,0.15
7,Zprime_3500GeV_060,0.693157234089,3500.0,0.6
8,Zprime_2500GeV_045,0.741289872294,2500.0,0.45
9,Zprime_2000GeV_075,0.714436479233,2000.0,0.75
10,Zprime_2500GeV_060,0.720769495572,2500.0,0.6
11,Zprime_4000GeV_075,0.661766663585,4000.0,0.75
12,Zprime_4000GeV_030,0.746162524918,4000.0,0.3
13,Zprime_4000GeV_015,0.77109077447,4000.0,0.15
14,Zprime_3000GeV_030,0.742788045683,3000.0,0.3
15,Zprime_1500GeV_045,0.749689154649,1500.0,0.45
16,Zprime_3000GeV_075,0.683249897653,3000.0,0.75
17,Zprime_1500GeV_060,0.730149537115,1500.0,0.6
18,Zprime_3000GeV_015,0.759575170577,3000.0,0.15
19,Zprime_3500GeV_015,0.759265990616,3500.0,0.15
20,Zprime_3500GeV_030,0.740662909556,3500.0,0.3
21,Zprime_2000GeV_030,0.783918382633,2000.0,0.3
22,Zprime_2000GeV_015,0.79694896581,2000.0,0.15
23,Zprime_3500GeV_075,0.670576631112,3500.0,0.75
24,Zprime_3500GeV_045,0.719180734297,3500.0,0.45
25,Zprime_2500GeV_030,0.75840947377,2500.0,0.3
26,Zprime_2000GeV_060,0.741232121907,2000.0,0.6
27,Zprime_4000GeV_060,0.691060325098,4000.0,0.6
28,Zprime_2500GeV_075,0.694728380739,2500.0,0.75
29,Zprime_4000GeV_045,0.717497142507,4000.0,0.45
