,name,auc,mass,nu
0,Zprime_1500GeV_075,0.804280539468,1500.0,0.75
1,Zprime_1500GeV_015,0.87477570138,1500.0,0.15
2,Zprime_3000GeV_060,0.811206527881,3000.0,0.6
3,Zprime_1500GeV_030,0.865160537391,1500.0,0.3
4,Zprime_3000GeV_045,0.840760837545,3000.0,0.45
5,Zprime_2000GeV_045,0.848609934801,2000.0,0.45
6,Zprime_2500GeV_015,0.878122859103,2500.0,0.15
7,Zprime_3500GeV_060,0.809724711704,3500.0,0.6
8,Zprime_2500GeV_045,0.843041276105,2500.0,0.45
9,Zprime_2000GeV_075,0.802316544599,2000.0,0.75
10,Zprime_2500GeV_060,0.818380455934,2500.0,0.6
11,Zprime_4000GeV_075,0.7703690424,4000.0,0.75
12,Zprime_4000GeV_030,0.86755244808,4000.0,0.3
13,Zprime_4000GeV_015,0.882040427046,4000.0,0.15
14,Zprime_3000GeV_030,0.861848290725,3000.0,0.3
15,Zprime_1500GeV_045,0.850842923781,1500.0,0.45
16,Zprime_3000GeV_075,0.783204483215,3000.0,0.75
17,Zprime_1500GeV_060,0.833720313382,1500.0,0.6
18,Zprime_3000GeV_015,0.878665164463,3000.0,0.15
19,Zprime_3500GeV_015,0.879248865783,3500.0,0.15
20,Zprime_3500GeV_030,0.864037382344,3500.0,0.3
21,Zprime_2000GeV_030,0.868046760885,2000.0,0.3
22,Zprime_2000GeV_015,0.880182574183,2000.0,0.15
23,Zprime_3500GeV_075,0.775886464369,3500.0,0.75
24,Zprime_3500GeV_045,0.840383229146,3500.0,0.45
25,Zprime_2500GeV_030,0.86280506875,2500.0,0.3
26,Zprime_2000GeV_060,0.826501730202,2000.0,0.6
27,Zprime_4000GeV_060,0.810469289184,4000.0,0.6
28,Zprime_2500GeV_075,0.789803746119,2500.0,0.75
29,Zprime_4000GeV_045,0.840957522011,4000.0,0.45
