,name,auc,mass,nu
0,Zprime_1500GeV_075,0.796202661742,1500.0,0.75
1,Zprime_1500GeV_015,0.867067462281,1500.0,0.15
2,Zprime_3000GeV_060,0.799161264626,3000.0,0.6
3,Zprime_1500GeV_030,0.854612104207,1500.0,0.3
4,Zprime_3000GeV_045,0.829024947242,3000.0,0.45
5,Zprime_2000GeV_045,0.833382190995,2000.0,0.45
6,Zprime_2500GeV_015,0.867183673522,2500.0,0.15
7,Zprime_3500GeV_060,0.798382871009,3500.0,0.6
8,Zprime_2500GeV_045,0.829485155811,2500.0,0.45
9,Zprime_2000GeV_075,0.789392543884,2000.0,0.75
10,Zprime_2500GeV_060,0.8027242345,2500.0,0.6
11,Zprime_4000GeV_075,0.756897114399,4000.0,0.75
12,Zprime_4000GeV_030,0.857237057594,4000.0,0.3
13,Zprime_4000GeV_015,0.871507704596,4000.0,0.15
14,Zprime_3000GeV_030,0.850480336908,3000.0,0.3
15,Zprime_1500GeV_045,0.836330530828,1500.0,0.45
16,Zprime_3000GeV_075,0.767444110214,3000.0,0.75
17,Zprime_1500GeV_060,0.823356534837,1500.0,0.6
18,Zprime_3000GeV_015,0.869291493034,3000.0,0.15
19,Zprime_3500GeV_015,0.870226090414,3500.0,0.15
20,Zprime_3500GeV_030,0.854736910699,3500.0,0.3
21,Zprime_2000GeV_030,0.854586506494,2000.0,0.3
22,Zprime_2000GeV_015,0.866990092871,2000.0,0.15
23,Zprime_3500GeV_075,0.760771707954,3500.0,0.75
24,Zprime_3500GeV_045,0.827033894605,3500.0,0.45
25,Zprime_2500GeV_030,0.850352400455,2500.0,0.3
26,Zprime_2000GeV_060,0.811455042407,2000.0,0.6
27,Zprime_4000GeV_060,0.799989304141,4000.0,0.6
28,Zprime_2500GeV_075,0.775654929497,2500.0,0.75
29,Zprime_4000GeV_045,0.82955509339,4000.0,0.45
