,name,auc,mass,nu
0,Zprime_1500GeV_075,0.797252649912,1500.0,0.75
1,Zprime_1500GeV_015,0.864304248596,1500.0,0.15
2,Zprime_3000GeV_060,0.812881013012,3000.0,0.6
3,Zprime_1500GeV_030,0.852827900784,1500.0,0.3
4,Zprime_3000GeV_045,0.834812466394,3000.0,0.45
5,Zprime_2000GeV_045,0.845344683719,2000.0,0.45
6,Zprime_2500GeV_015,0.865314802654,2500.0,0.15
7,Zprime_3500GeV_060,0.809820802455,3500.0,0.6
8,Zprime_2500GeV_045,0.837301413089,2500.0,0.45
9,Zprime_2000GeV_075,0.800452519355,2000.0,0.75
10,Zprime_2500GeV_060,0.816498089771,2500.0,0.6
11,Zprime_4000GeV_075,0.780758599156,4000.0,0.75
12,Zprime_4000GeV_030,0.863083246749,4000.0,0.3
13,Zprime_4000GeV_015,0.874831969486,4000.0,0.15
14,Zprime_3000GeV_030,0.852472474713,3000.0,0.3
15,Zprime_1500GeV_045,0.83138985154,1500.0,0.45
16,Zprime_3000GeV_075,0.785484613066,3000.0,0.75
17,Zprime_1500GeV_060,0.81486417262,1500.0,0.6
18,Zprime_3000GeV_015,0.868513218087,3000.0,0.15
19,Zprime_3500GeV_015,0.87205323762,3500.0,0.15
20,Zprime_3500GeV_030,0.858352574471,3500.0,0.3
21,Zprime_2000GeV_030,0.862228050271,2000.0,0.3
22,Zprime_2000GeV_015,0.873430963423,2000.0,0.15
23,Zprime_3500GeV_075,0.783340390981,3500.0,0.75
24,Zprime_3500GeV_045,0.837308153729,3500.0,0.45
25,Zprime_2500GeV_030,0.852501173453,2500.0,0.3
26,Zprime_2000GeV_060,0.821072626554,2000.0,0.6
27,Zprime_4000GeV_060,0.812613075806,4000.0,0.6
28,Zprime_2500GeV_075,0.791349607568,2500.0,0.75
29,Zprime_4000GeV_045,0.838902249589,4000.0,0.45
