,name,auc,mass,nu
0,Zprime_1500GeV_075,0.732939594427,1500.0,0.75
1,Zprime_1500GeV_015,0.822390702859,1500.0,0.15
2,Zprime_3000GeV_060,0.756652897779,3000.0,0.6
3,Zprime_1500GeV_030,0.807551839197,1500.0,0.3
4,Zprime_3000GeV_045,0.78447686375,3000.0,0.45
5,Zprime_2000GeV_045,0.789685464201,2000.0,0.45
6,Zprime_2500GeV_015,0.823534960071,2500.0,0.15
7,Zprime_3500GeV_060,0.757744058892,3500.0,0.6
8,Zprime_2500GeV_045,0.786402711329,2500.0,0.45
9,Zprime_2000GeV_075,0.737426662912,2000.0,0.75
10,Zprime_2500GeV_060,0.758270064283,2500.0,0.6
11,Zprime_4000GeV_075,0.719557713208,4000.0,0.75
12,Zprime_4000GeV_030,0.814841959774,4000.0,0.3
13,Zprime_4000GeV_015,0.830983890297,4000.0,0.15
14,Zprime_3000GeV_030,0.805499237777,3000.0,0.3
15,Zprime_1500GeV_045,0.785077049724,1500.0,0.45
16,Zprime_3000GeV_075,0.725020988284,3000.0,0.75
17,Zprime_1500GeV_060,0.765225204508,1500.0,0.6
18,Zprime_3000GeV_015,0.824546853089,3000.0,0.15
19,Zprime_3500GeV_015,0.823125473548,3500.0,0.15
20,Zprime_3500GeV_030,0.810183230926,3500.0,0.3
21,Zprime_2000GeV_030,0.811824545407,2000.0,0.3
22,Zprime_2000GeV_015,0.826822636806,2000.0,0.15
23,Zprime_3500GeV_075,0.72330222033,3500.0,0.75
24,Zprime_3500GeV_045,0.783585486306,3500.0,0.45
25,Zprime_2500GeV_030,0.808009348119,2500.0,0.3
26,Zprime_2000GeV_060,0.762888213393,2000.0,0.6
27,Zprime_4000GeV_060,0.758093719391,4000.0,0.6
28,Zprime_2500GeV_075,0.725635823843,2500.0,0.75
29,Zprime_4000GeV_045,0.785395297619,4000.0,0.45
