,name,auc,mass,nu
0,Zprime_1500GeV_075,0.701973148003,1500.0,0.75
1,Zprime_1500GeV_015,0.801589218129,1500.0,0.15
2,Zprime_3000GeV_060,0.729533884746,3000.0,0.6
3,Zprime_1500GeV_030,0.781552664556,1500.0,0.3
4,Zprime_3000GeV_045,0.75736437952,3000.0,0.45
5,Zprime_2000GeV_045,0.785935212999,2000.0,0.45
6,Zprime_2500GeV_015,0.807534532833,2500.0,0.15
7,Zprime_3500GeV_060,0.722765042479,3500.0,0.6
8,Zprime_2500GeV_045,0.769209202728,2500.0,0.45
9,Zprime_2000GeV_075,0.721993348974,2000.0,0.75
10,Zprime_2500GeV_060,0.741567247882,2500.0,0.6
11,Zprime_4000GeV_075,0.685803027971,4000.0,0.75
12,Zprime_4000GeV_030,0.785079182122,4000.0,0.3
13,Zprime_4000GeV_015,0.807694848756,4000.0,0.15
14,Zprime_3000GeV_030,0.777931214897,3000.0,0.3
15,Zprime_1500GeV_045,0.75753200613,1500.0,0.45
16,Zprime_3000GeV_075,0.702520093626,3000.0,0.75
17,Zprime_1500GeV_060,0.736072523347,1500.0,0.6
18,Zprime_3000GeV_015,0.797469806145,3000.0,0.15
19,Zprime_3500GeV_015,0.796359584738,3500.0,0.15
20,Zprime_3500GeV_030,0.77823431511,3500.0,0.3
21,Zprime_2000GeV_030,0.805855967066,2000.0,0.3
22,Zprime_2000GeV_015,0.822234479992,2000.0,0.15
23,Zprime_3500GeV_075,0.692722367609,3500.0,0.75
24,Zprime_3500GeV_045,0.753556139959,3500.0,0.45
25,Zprime_2500GeV_030,0.789630511896,2500.0,0.3
26,Zprime_2000GeV_060,0.753880229991,2000.0,0.6
27,Zprime_4000GeV_060,0.724857842646,4000.0,0.6
28,Zprime_2500GeV_075,0.706667440269,2500.0,0.75
29,Zprime_4000GeV_045,0.754273860401,4000.0,0.45
