,name,auc,mass,nu
0,Zprime_1500GeV_075,0.795292799462,1500.0,0.75
1,Zprime_1500GeV_015,0.870775701567,1500.0,0.15
2,Zprime_3000GeV_060,0.802637826529,3000.0,0.6
3,Zprime_1500GeV_030,0.858570300729,1500.0,0.3
4,Zprime_3000GeV_045,0.833529399244,3000.0,0.45
5,Zprime_2000GeV_045,0.838886874852,2000.0,0.45
6,Zprime_2500GeV_015,0.874033616917,2500.0,0.15
7,Zprime_3500GeV_060,0.801919426969,3500.0,0.6
8,Zprime_2500GeV_045,0.834828472849,2500.0,0.45
9,Zprime_2000GeV_075,0.792117178585,2000.0,0.75
10,Zprime_2500GeV_060,0.806609254063,2500.0,0.6
11,Zprime_4000GeV_075,0.759403113912,4000.0,0.75
12,Zprime_4000GeV_030,0.86256337516,4000.0,0.3
13,Zprime_4000GeV_015,0.878035125127,4000.0,0.15
14,Zprime_3000GeV_030,0.854828933705,3000.0,0.3
15,Zprime_1500GeV_045,0.839490351733,1500.0,0.45
16,Zprime_3000GeV_075,0.770627710409,3000.0,0.75
17,Zprime_1500GeV_060,0.824759650064,1500.0,0.6
18,Zprime_3000GeV_015,0.874658647588,3000.0,0.15
19,Zprime_3500GeV_015,0.875163364969,3500.0,0.15
20,Zprime_3500GeV_030,0.859751511838,3500.0,0.3
21,Zprime_2000GeV_030,0.860498754495,2000.0,0.3
22,Zprime_2000GeV_015,0.874080604485,2000.0,0.15
23,Zprime_3500GeV_075,0.764874508644,3500.0,0.75
24,Zprime_3500GeV_045,0.831356620125,3500.0,0.45
25,Zprime_2500GeV_030,0.856055693179,2500.0,0.3
26,Zprime_2000GeV_060,0.815074104514,2000.0,0.6
27,Zprime_4000GeV_060,0.802508894511,4000.0,0.6
28,Zprime_2500GeV_075,0.777791178244,2500.0,0.75
29,Zprime_4000GeV_045,0.833759431224,4000.0,0.45
