,name,auc,mass,nu
0,Zprime_1500GeV_075,0.787436294449,1500.0,0.75
1,Zprime_1500GeV_015,0.864135023298,1500.0,0.15
2,Zprime_3000GeV_060,0.796971358868,3000.0,0.6
3,Zprime_1500GeV_030,0.851042116468,1500.0,0.3
4,Zprime_3000GeV_045,0.825996029187,3000.0,0.45
5,Zprime_2000GeV_045,0.835537863925,2000.0,0.45
6,Zprime_2500GeV_015,0.867164170658,2500.0,0.15
7,Zprime_3500GeV_060,0.794916292204,3500.0,0.6
8,Zprime_2500GeV_045,0.829718432506,2500.0,0.45
9,Zprime_2000GeV_075,0.787232740607,2000.0,0.75
10,Zprime_2500GeV_060,0.803287636253,2500.0,0.6
11,Zprime_4000GeV_075,0.753666430332,4000.0,0.75
12,Zprime_4000GeV_030,0.849586426798,4000.0,0.3
13,Zprime_4000GeV_015,0.864220867583,4000.0,0.15
14,Zprime_3000GeV_030,0.846830014528,3000.0,0.3
15,Zprime_1500GeV_045,0.832938899253,1500.0,0.45
16,Zprime_3000GeV_075,0.767293424262,3000.0,0.75
17,Zprime_1500GeV_060,0.817144916295,1500.0,0.6
18,Zprime_3000GeV_015,0.864653675314,3000.0,0.15
19,Zprime_3500GeV_015,0.861427583545,3500.0,0.15
20,Zprime_3500GeV_030,0.847965830161,3500.0,0.3
21,Zprime_2000GeV_030,0.855393218427,2000.0,0.3
22,Zprime_2000GeV_015,0.86890298377,2000.0,0.15
23,Zprime_3500GeV_075,0.760391465732,3500.0,0.75
24,Zprime_3500GeV_045,0.823102180136,3500.0,0.45
25,Zprime_2500GeV_030,0.850519651702,2500.0,0.3
26,Zprime_2000GeV_060,0.81114327343,2000.0,0.6
27,Zprime_4000GeV_060,0.794862448079,4000.0,0.6
28,Zprime_2500GeV_075,0.772943193931,2500.0,0.75
29,Zprime_4000GeV_045,0.823658259687,4000.0,0.45
