,name,auc,mass,nu
0,Zprime_1500GeV_075,0.736330986724,1500.0,0.75
1,Zprime_1500GeV_015,0.82782111063,1500.0,0.15
2,Zprime_3000GeV_060,0.756933009131,3000.0,0.6
3,Zprime_1500GeV_030,0.812743372305,1500.0,0.3
4,Zprime_3000GeV_045,0.789017275792,3000.0,0.45
5,Zprime_2000GeV_045,0.791238182207,2000.0,0.45
6,Zprime_2500GeV_015,0.829038909401,2500.0,0.15
7,Zprime_3500GeV_060,0.76167055998,3500.0,0.6
8,Zprime_2500GeV_045,0.787702627939,2500.0,0.45
9,Zprime_2000GeV_075,0.738177929062,2000.0,0.75
10,Zprime_2500GeV_060,0.757189875798,2500.0,0.6
11,Zprime_4000GeV_075,0.720203590673,4000.0,0.75
12,Zprime_4000GeV_030,0.827480176585,4000.0,0.3
13,Zprime_4000GeV_015,0.847161102659,4000.0,0.15
14,Zprime_3000GeV_030,0.812341863297,3000.0,0.3
15,Zprime_1500GeV_045,0.78658833681,1500.0,0.45
16,Zprime_3000GeV_075,0.722669610045,3000.0,0.75
17,Zprime_1500GeV_060,0.768358694139,1500.0,0.6
18,Zprime_3000GeV_015,0.83485995975,3000.0,0.15
19,Zprime_3500GeV_015,0.838246483824,3500.0,0.15
20,Zprime_3500GeV_030,0.821791418251,3500.0,0.3
21,Zprime_2000GeV_030,0.814568668178,2000.0,0.3
22,Zprime_2000GeV_015,0.830516978185,2000.0,0.15
23,Zprime_3500GeV_075,0.721747897213,3500.0,0.75
24,Zprime_3500GeV_045,0.791209306712,3500.0,0.45
25,Zprime_2500GeV_030,0.811232369648,2500.0,0.3
26,Zprime_2000GeV_060,0.763414077837,2000.0,0.6
27,Zprime_4000GeV_060,0.763709048222,4000.0,0.6
28,Zprime_2500GeV_075,0.724398659233,2500.0,0.75
29,Zprime_4000GeV_045,0.794461024816,4000.0,0.45
