,name,auc,mass,nu
0,Zprime_1500GeV_075,0.705784860296,1500.0,0.75
1,Zprime_1500GeV_015,0.805551609734,1500.0,0.15
2,Zprime_3000GeV_060,0.737542786034,3000.0,0.6
3,Zprime_1500GeV_030,0.788116796562,1500.0,0.3
4,Zprime_3000GeV_045,0.770671909854,3000.0,0.45
5,Zprime_2000GeV_045,0.770176964501,2000.0,0.45
6,Zprime_2500GeV_015,0.813150485387,2500.0,0.15
7,Zprime_3500GeV_060,0.741050490113,3500.0,0.6
8,Zprime_2500GeV_045,0.769090071699,2500.0,0.45
9,Zprime_2000GeV_075,0.712185525838,2000.0,0.75
10,Zprime_2500GeV_060,0.738101156506,2500.0,0.6
11,Zprime_4000GeV_075,0.700454260616,4000.0,0.75
12,Zprime_4000GeV_030,0.807907472261,4000.0,0.3
13,Zprime_4000GeV_015,0.828402374916,4000.0,0.15
14,Zprime_3000GeV_030,0.794338837169,3000.0,0.3
15,Zprime_1500GeV_045,0.758663792348,1500.0,0.45
16,Zprime_3000GeV_075,0.702755174001,3000.0,0.75
17,Zprime_1500GeV_060,0.738739414816,1500.0,0.6
18,Zprime_3000GeV_015,0.816612736786,3000.0,0.15
19,Zprime_3500GeV_015,0.820358368277,3500.0,0.15
20,Zprime_3500GeV_030,0.801321976675,3500.0,0.3
21,Zprime_2000GeV_030,0.792236248995,2000.0,0.3
22,Zprime_2000GeV_015,0.812071849338,2000.0,0.15
23,Zprime_3500GeV_075,0.702041778679,3500.0,0.75
24,Zprime_3500GeV_045,0.773721750389,3500.0,0.45
25,Zprime_2500GeV_030,0.792823493105,2500.0,0.3
26,Zprime_2000GeV_060,0.740420877828,2000.0,0.6
27,Zprime_4000GeV_060,0.744932201555,4000.0,0.6
28,Zprime_2500GeV_075,0.699929204435,2500.0,0.75
29,Zprime_4000GeV_045,0.777071347568,4000.0,0.45
