,name,auc,mass,nu
0,Zprime_1500GeV_075,0.734137015985,1500.0,0.75
1,Zprime_1500GeV_015,0.830115335878,1500.0,0.15
2,Zprime_3000GeV_060,0.755741144656,3000.0,0.6
3,Zprime_1500GeV_030,0.813998281052,1500.0,0.3
4,Zprime_3000GeV_045,0.784534995075,3000.0,0.45
5,Zprime_2000GeV_045,0.792504740819,2000.0,0.45
6,Zprime_2500GeV_015,0.824735524911,2500.0,0.15
7,Zprime_3500GeV_060,0.757079863688,3500.0,0.6
8,Zprime_2500GeV_045,0.786963934829,2500.0,0.45
9,Zprime_2000GeV_075,0.737189843109,2000.0,0.75
10,Zprime_2500GeV_060,0.759980444787,2500.0,0.6
11,Zprime_4000GeV_075,0.719030019631,4000.0,0.75
12,Zprime_4000GeV_030,0.819443895932,4000.0,0.3
13,Zprime_4000GeV_015,0.838631585876,4000.0,0.15
14,Zprime_3000GeV_030,0.805317057418,3000.0,0.3
15,Zprime_1500GeV_045,0.787931535868,1500.0,0.45
16,Zprime_3000GeV_075,0.725071431329,3000.0,0.75
17,Zprime_1500GeV_060,0.769516507243,1500.0,0.6
18,Zprime_3000GeV_015,0.825929559315,3000.0,0.15
19,Zprime_3500GeV_015,0.829569396135,3500.0,0.15
20,Zprime_3500GeV_030,0.812763152116,3500.0,0.3
21,Zprime_2000GeV_030,0.815426098479,2000.0,0.3
22,Zprime_2000GeV_015,0.830994574343,2000.0,0.15
23,Zprime_3500GeV_075,0.722037466196,3500.0,0.75
24,Zprime_3500GeV_045,0.786467293987,3500.0,0.45
25,Zprime_2500GeV_030,0.806519674793,2500.0,0.3
26,Zprime_2000GeV_060,0.764853426617,2000.0,0.6
27,Zprime_4000GeV_060,0.759400390992,4000.0,0.6
28,Zprime_2500GeV_075,0.725571698399,2500.0,0.75
29,Zprime_4000GeV_045,0.790325361015,4000.0,0.45
