,name,auc,mass,nu
0,Zprime_1500GeV_075,0.770664810125,1500.0,0.75
1,Zprime_1500GeV_015,0.844232595992,1500.0,0.15
2,Zprime_3000GeV_060,0.792848076757,3000.0,0.6
3,Zprime_1500GeV_030,0.834837740897,1500.0,0.3
4,Zprime_3000GeV_045,0.825599465706,3000.0,0.45
5,Zprime_2000GeV_045,0.826771530525,2000.0,0.45
6,Zprime_2500GeV_015,0.864081298113,2500.0,0.15
7,Zprime_3500GeV_060,0.792357523871,3500.0,0.6
8,Zprime_2500GeV_045,0.825240438649,2500.0,0.45
9,Zprime_2000GeV_075,0.770483233419,2000.0,0.75
10,Zprime_2500GeV_060,0.796342457295,2500.0,0.6
11,Zprime_4000GeV_075,0.746265463569,4000.0,0.75
12,Zprime_4000GeV_030,0.852798478613,4000.0,0.3
13,Zprime_4000GeV_015,0.868324565011,4000.0,0.15
14,Zprime_3000GeV_030,0.847323545481,3000.0,0.3
15,Zprime_1500GeV_045,0.812997453741,1500.0,0.45
16,Zprime_3000GeV_075,0.756174391357,3000.0,0.75
17,Zprime_1500GeV_060,0.79354429401,1500.0,0.6
18,Zprime_3000GeV_015,0.866676717982,3000.0,0.15
19,Zprime_3500GeV_015,0.868091714779,3500.0,0.15
20,Zprime_3500GeV_030,0.852316923766,3500.0,0.3
21,Zprime_2000GeV_030,0.847930870587,2000.0,0.3
22,Zprime_2000GeV_015,0.863193040505,2000.0,0.15
23,Zprime_3500GeV_075,0.752035554239,3500.0,0.75
24,Zprime_3500GeV_045,0.82435044818,3500.0,0.45
25,Zprime_2500GeV_030,0.846913203671,2500.0,0.3
26,Zprime_2000GeV_060,0.798878206751,2000.0,0.6
27,Zprime_4000GeV_060,0.791603729881,4000.0,0.6
28,Zprime_2500GeV_075,0.760543348001,2500.0,0.75
29,Zprime_4000GeV_045,0.825875646549,4000.0,0.45
