,name,auc,mass,nu
0,Zprime_1500GeV_075,0.810680363837,1500.0,0.75
1,Zprime_1500GeV_015,0.87892804355,1500.0,0.15
2,Zprime_3000GeV_060,0.818873257461,3000.0,0.6
3,Zprime_1500GeV_030,0.871461816102,1500.0,0.3
4,Zprime_3000GeV_045,0.848329489223,3000.0,0.45
5,Zprime_2000GeV_045,0.85535223054,2000.0,0.45
6,Zprime_2500GeV_015,0.884840394299,2500.0,0.15
7,Zprime_3500GeV_060,0.81703328925,3500.0,0.6
8,Zprime_2500GeV_045,0.850088244181,2500.0,0.45
9,Zprime_2000GeV_075,0.808886479058,2000.0,0.75
10,Zprime_2500GeV_060,0.825364297655,2500.0,0.6
11,Zprime_4000GeV_075,0.776519608424,4000.0,0.75
12,Zprime_4000GeV_030,0.874340973808,4000.0,0.3
13,Zprime_4000GeV_015,0.88779400139,4000.0,0.15
14,Zprime_3000GeV_030,0.868687191549,3000.0,0.3
15,Zprime_1500GeV_045,0.855645266656,1500.0,0.45
16,Zprime_3000GeV_075,0.789959798097,3000.0,0.75
17,Zprime_1500GeV_060,0.838601855184,1500.0,0.6
18,Zprime_3000GeV_015,0.885837329282,3000.0,0.15
19,Zprime_3500GeV_015,0.886948575976,3500.0,0.15
20,Zprime_3500GeV_030,0.871290372336,3500.0,0.3
21,Zprime_2000GeV_030,0.874576834582,2000.0,0.3
22,Zprime_2000GeV_015,0.887122112939,2000.0,0.15
23,Zprime_3500GeV_075,0.782880721941,3500.0,0.75
24,Zprime_3500GeV_045,0.846859529162,3500.0,0.45
25,Zprime_2500GeV_030,0.869637522121,2500.0,0.3
26,Zprime_2000GeV_060,0.833393774347,2000.0,0.6
27,Zprime_4000GeV_060,0.816517999814,4000.0,0.6
28,Zprime_2500GeV_075,0.796230049196,2500.0,0.75
29,Zprime_4000GeV_045,0.848108324504,4000.0,0.45
