,name,auc,mass,nu
0,Zprime_1500GeV_075,0.784833174498,1500.0,0.75
1,Zprime_1500GeV_015,0.854864145642,1500.0,0.15
2,Zprime_3000GeV_060,0.795576554292,3000.0,0.6
3,Zprime_1500GeV_030,0.841798716815,1500.0,0.3
4,Zprime_3000GeV_045,0.821033641841,3000.0,0.45
5,Zprime_2000GeV_045,0.836062902753,2000.0,0.45
6,Zprime_2500GeV_015,0.858558318589,2500.0,0.15
7,Zprime_3500GeV_060,0.792882719377,3500.0,0.6
8,Zprime_2500GeV_045,0.823935861661,2500.0,0.45
9,Zprime_2000GeV_075,0.788698741043,2000.0,0.75
10,Zprime_2500GeV_060,0.800633544735,2500.0,0.6
11,Zprime_4000GeV_075,0.761438120081,4000.0,0.75
12,Zprime_4000GeV_030,0.854763299703,4000.0,0.3
13,Zprime_4000GeV_015,0.871944360888,4000.0,0.15
14,Zprime_3000GeV_030,0.841768531016,3000.0,0.3
15,Zprime_1500GeV_045,0.823350699546,1500.0,0.45
16,Zprime_3000GeV_075,0.768326946352,3000.0,0.75
17,Zprime_1500GeV_060,0.808144817209,1500.0,0.6
18,Zprime_3000GeV_015,0.861904055388,3000.0,0.15
19,Zprime_3500GeV_015,0.866734387283,3500.0,0.15
20,Zprime_3500GeV_030,0.848408668073,3500.0,0.3
21,Zprime_2000GeV_030,0.852852302956,2000.0,0.3
22,Zprime_2000GeV_015,0.866523843218,2000.0,0.15
23,Zprime_3500GeV_075,0.76567375389,3500.0,0.75
24,Zprime_3500GeV_045,0.82277080545,3500.0,0.45
25,Zprime_2500GeV_030,0.842306546219,2500.0,0.3
26,Zprime_2000GeV_060,0.810867573442,2000.0,0.6
27,Zprime_4000GeV_060,0.796383485426,4000.0,0.6
28,Zprime_2500GeV_075,0.775191883008,2500.0,0.75
29,Zprime_4000GeV_045,0.827472652132,4000.0,0.45
