,name,auc,mass,nu
0,Zprime_1500GeV_075,0.766271025366,1500.0,0.75
1,Zprime_1500GeV_015,0.839909514882,1500.0,0.15
2,Zprime_3000GeV_060,0.793858710292,3000.0,0.6
3,Zprime_1500GeV_030,0.829521159039,1500.0,0.3
4,Zprime_3000GeV_045,0.826952197751,3000.0,0.45
5,Zprime_2000GeV_045,0.822520513323,2000.0,0.45
6,Zprime_2500GeV_015,0.864085432409,2500.0,0.15
7,Zprime_3500GeV_060,0.794535807399,3500.0,0.6
8,Zprime_2500GeV_045,0.82418007467,2500.0,0.45
9,Zprime_2000GeV_075,0.765073759085,2000.0,0.75
10,Zprime_2500GeV_060,0.793788321419,2500.0,0.6
11,Zprime_4000GeV_075,0.748421816337,4000.0,0.75
12,Zprime_4000GeV_030,0.857286184388,4000.0,0.3
13,Zprime_4000GeV_015,0.872962161502,4000.0,0.15
14,Zprime_3000GeV_030,0.849605282681,3000.0,0.3
15,Zprime_1500GeV_045,0.808575913284,1500.0,0.45
16,Zprime_3000GeV_075,0.755616347729,3000.0,0.75
17,Zprime_1500GeV_060,0.788449099098,1500.0,0.6
18,Zprime_3000GeV_015,0.869054703576,3000.0,0.15
19,Zprime_3500GeV_015,0.871582918165,3500.0,0.15
20,Zprime_3500GeV_030,0.855396626753,3500.0,0.3
21,Zprime_2000GeV_030,0.843433461337,2000.0,0.3
22,Zprime_2000GeV_015,0.858565128022,2000.0,0.15
23,Zprime_3500GeV_075,0.752847173398,3500.0,0.75
24,Zprime_3500GeV_045,0.827345825129,3500.0,0.45
25,Zprime_2500GeV_030,0.846041164463,2500.0,0.3
26,Zprime_2000GeV_060,0.79439201775,2000.0,0.6
27,Zprime_4000GeV_060,0.795768784227,4000.0,0.6
28,Zprime_2500GeV_075,0.756992783119,2500.0,0.75
29,Zprime_4000GeV_045,0.829189233868,4000.0,0.45
