,name,auc,mass,nu
0,Zprime_1500GeV_075,0.767854202436,1500.0,0.75
1,Zprime_1500GeV_015,0.843319877242,1500.0,0.15
2,Zprime_3000GeV_060,0.787078357529,3000.0,0.6
3,Zprime_1500GeV_030,0.827115651042,1500.0,0.3
4,Zprime_3000GeV_045,0.81307566721,3000.0,0.45
5,Zprime_2000GeV_045,0.824445413366,2000.0,0.45
6,Zprime_2500GeV_015,0.850564124556,2500.0,0.15
7,Zprime_3500GeV_060,0.784583550466,3500.0,0.6
8,Zprime_2500GeV_045,0.814577706821,2500.0,0.45
9,Zprime_2000GeV_075,0.773717466603,2000.0,0.75
10,Zprime_2500GeV_060,0.789269711201,2500.0,0.6
11,Zprime_4000GeV_075,0.750665946924,4000.0,0.75
12,Zprime_4000GeV_030,0.846039176232,4000.0,0.3
13,Zprime_4000GeV_015,0.859041086639,4000.0,0.15
14,Zprime_3000GeV_030,0.834122084645,3000.0,0.3
15,Zprime_1500GeV_045,0.805769850471,1500.0,0.45
16,Zprime_3000GeV_075,0.758024499653,3000.0,0.75
17,Zprime_1500GeV_060,0.790815368134,1500.0,0.6
18,Zprime_3000GeV_015,0.854548264019,3000.0,0.15
19,Zprime_3500GeV_015,0.857925878081,3500.0,0.15
20,Zprime_3500GeV_030,0.839619555101,3500.0,0.3
21,Zprime_2000GeV_030,0.841538498376,2000.0,0.3
22,Zprime_2000GeV_015,0.854630433849,2000.0,0.15
23,Zprime_3500GeV_075,0.755232657685,3500.0,0.75
24,Zprime_3500GeV_045,0.815667325686,3500.0,0.45
25,Zprime_2500GeV_030,0.834423367746,2500.0,0.3
26,Zprime_2000GeV_060,0.797562236663,2000.0,0.6
27,Zprime_4000GeV_060,0.787219518691,4000.0,0.6
28,Zprime_2500GeV_075,0.763088408459,2500.0,0.75
29,Zprime_4000GeV_045,0.818190910172,4000.0,0.45
