,name,auc,mass,nu
0,Zprime_1500GeV_075,0.724038496746,1500.0,0.75
1,Zprime_1500GeV_015,0.818036533849,1500.0,0.15
2,Zprime_3000GeV_060,0.750132787146,3000.0,0.6
3,Zprime_1500GeV_030,0.802582482477,1500.0,0.3
4,Zprime_3000GeV_045,0.780213590565,3000.0,0.45
5,Zprime_2000GeV_045,0.783790167496,2000.0,0.45
6,Zprime_2500GeV_015,0.821552455166,2500.0,0.15
7,Zprime_3500GeV_060,0.753201778634,3500.0,0.6
8,Zprime_2500GeV_045,0.780319441497,2500.0,0.45
9,Zprime_2000GeV_075,0.728491681038,2000.0,0.75
10,Zprime_2500GeV_060,0.751828527034,2500.0,0.6
11,Zprime_4000GeV_075,0.716410073971,4000.0,0.75
12,Zprime_4000GeV_030,0.818029589671,4000.0,0.3
13,Zprime_4000GeV_015,0.839051135244,4000.0,0.15
14,Zprime_3000GeV_030,0.802355056754,3000.0,0.3
15,Zprime_1500GeV_045,0.776192822302,1500.0,0.45
16,Zprime_3000GeV_075,0.71799189299,3000.0,0.75
17,Zprime_1500GeV_060,0.758296001098,1500.0,0.6
18,Zprime_3000GeV_015,0.824477619982,3000.0,0.15
19,Zprime_3500GeV_015,0.82808779953,3500.0,0.15
20,Zprime_3500GeV_030,0.81080461857,3500.0,0.3
21,Zprime_2000GeV_030,0.807555756229,2000.0,0.3
22,Zprime_2000GeV_015,0.824082325921,2000.0,0.15
23,Zprime_3500GeV_075,0.716759496376,3500.0,0.75
24,Zprime_3500GeV_045,0.781731845468,3500.0,0.45
25,Zprime_2500GeV_030,0.802886415331,2500.0,0.3
26,Zprime_2000GeV_060,0.756601573558,2000.0,0.6
27,Zprime_4000GeV_060,0.757605562,4000.0,0.6
28,Zprime_2500GeV_075,0.717511625428,2500.0,0.75
29,Zprime_4000GeV_045,0.787151938259,4000.0,0.45
