,name,auc,mass,nu
0,Zprime_1500GeV_075,0.804097131704,1500.0,0.75
1,Zprime_1500GeV_015,0.881236861578,1500.0,0.15
2,Zprime_3000GeV_060,0.814867940493,3000.0,0.6
3,Zprime_1500GeV_030,0.87154117957,1500.0,0.3
4,Zprime_3000GeV_045,0.84570338494,3000.0,0.45
5,Zprime_2000GeV_045,0.854987386989,2000.0,0.45
6,Zprime_2500GeV_015,0.888534777551,2500.0,0.15
7,Zprime_3500GeV_060,0.81224800651,3500.0,0.6
8,Zprime_2500GeV_045,0.849584437387,2500.0,0.45
9,Zprime_2000GeV_075,0.802851417366,2000.0,0.75
10,Zprime_2500GeV_060,0.821466300881,2500.0,0.6
11,Zprime_4000GeV_075,0.768978286224,4000.0,0.75
12,Zprime_4000GeV_030,0.867209764525,4000.0,0.3
13,Zprime_4000GeV_015,0.880200518664,4000.0,0.15
14,Zprime_3000GeV_030,0.867281345823,3000.0,0.3
15,Zprime_1500GeV_045,0.851795295675,1500.0,0.45
16,Zprime_3000GeV_075,0.782718879515,3000.0,0.75
17,Zprime_1500GeV_060,0.835599863269,1500.0,0.6
18,Zprime_3000GeV_015,0.885005095728,3000.0,0.15
19,Zprime_3500GeV_015,0.881840466643,3500.0,0.15
20,Zprime_3500GeV_030,0.868193894464,3500.0,0.3
21,Zprime_2000GeV_030,0.875936708454,2000.0,0.3
22,Zprime_2000GeV_015,0.889641120164,2000.0,0.15
23,Zprime_3500GeV_075,0.776193858197,3500.0,0.75
24,Zprime_3500GeV_045,0.842147296449,3500.0,0.45
25,Zprime_2500GeV_030,0.871072407135,2500.0,0.3
26,Zprime_2000GeV_060,0.829648159931,2000.0,0.6
27,Zprime_4000GeV_060,0.810605268667,4000.0,0.6
28,Zprime_2500GeV_075,0.790736723474,2500.0,0.75
29,Zprime_4000GeV_045,0.840772671069,4000.0,0.45
