,name,auc,mass,nu
0,Zprime_1500GeV_075,0.80921704615,1500.0,0.75
1,Zprime_1500GeV_015,0.882160732583,1500.0,0.15
2,Zprime_3000GeV_060,0.834927225673,3000.0,0.6
3,Zprime_1500GeV_030,0.870205483088,1500.0,0.3
4,Zprime_3000GeV_045,0.862614085242,3000.0,0.45
5,Zprime_2000GeV_045,0.864689383193,2000.0,0.45
6,Zprime_2500GeV_015,0.895426900221,2500.0,0.15
7,Zprime_3500GeV_060,0.833075303409,3500.0,0.6
8,Zprime_2500GeV_045,0.861904089511,2500.0,0.45
9,Zprime_2000GeV_075,0.812665089413,2000.0,0.75
10,Zprime_2500GeV_060,0.836194460575,2500.0,0.6
11,Zprime_4000GeV_075,0.795000692642,4000.0,0.75
12,Zprime_4000GeV_030,0.892873570298,4000.0,0.3
13,Zprime_4000GeV_015,0.905891770455,4000.0,0.15
14,Zprime_3000GeV_030,0.882786418449,3000.0,0.3
15,Zprime_1500GeV_045,0.849297029095,1500.0,0.45
16,Zprime_3000GeV_075,0.800026459753,3000.0,0.75
17,Zprime_1500GeV_060,0.831207138048,1500.0,0.6
18,Zprime_3000GeV_015,0.900674251917,3000.0,0.15
19,Zprime_3500GeV_015,0.903891695433,3500.0,0.15
20,Zprime_3500GeV_030,0.889399336992,3500.0,0.3
21,Zprime_2000GeV_030,0.883465130174,2000.0,0.3
22,Zprime_2000GeV_015,0.895874235704,2000.0,0.15
23,Zprime_3500GeV_075,0.799236014608,3500.0,0.75
24,Zprime_3500GeV_045,0.863988630991,3500.0,0.45
25,Zprime_2500GeV_030,0.879860400128,2500.0,0.3
26,Zprime_2000GeV_060,0.837760808259,2000.0,0.6
27,Zprime_4000GeV_060,0.836203101406,4000.0,0.6
28,Zprime_2500GeV_075,0.803544407463,2500.0,0.75
29,Zprime_4000GeV_045,0.866678927036,4000.0,0.45
