,name,auc,mass,nu
0,Zprime_1500GeV_075,0.748390294027,1500.0,0.75
1,Zprime_1500GeV_015,0.851931287496,1500.0,0.15
2,Zprime_3000GeV_060,0.806329875669,3000.0,0.6
3,Zprime_1500GeV_030,0.836298831117,1500.0,0.3
4,Zprime_3000GeV_045,0.84411566524,3000.0,0.45
5,Zprime_2000GeV_045,0.838648071665,2000.0,0.45
6,Zprime_2500GeV_015,0.886849178841,2500.0,0.15
7,Zprime_3500GeV_060,0.807897570096,3500.0,0.6
8,Zprime_2500GeV_045,0.841733405123,2500.0,0.45
9,Zprime_2000GeV_075,0.762487997077,2000.0,0.75
10,Zprime_2500GeV_060,0.805904654829,2500.0,0.6
11,Zprime_4000GeV_075,0.754729749556,4000.0,0.75
12,Zprime_4000GeV_030,0.879230230213,4000.0,0.3
13,Zprime_4000GeV_015,0.894846508325,4000.0,0.15
14,Zprime_3000GeV_030,0.869289077107,3000.0,0.3
15,Zprime_1500GeV_045,0.807027517239,1500.0,0.45
16,Zprime_3000GeV_075,0.759550750439,3000.0,0.75
17,Zprime_1500GeV_060,0.780672337422,1500.0,0.6
18,Zprime_3000GeV_015,0.89054499012,3000.0,0.15
19,Zprime_3500GeV_015,0.893290259489,3500.0,0.15
20,Zprime_3500GeV_030,0.875981630588,3500.0,0.3
21,Zprime_2000GeV_030,0.863457725204,2000.0,0.3
22,Zprime_2000GeV_015,0.883129208398,2000.0,0.15
23,Zprime_3500GeV_075,0.758800633803,3500.0,0.75
24,Zprime_3500GeV_045,0.845804754834,3500.0,0.45
25,Zprime_2500GeV_030,0.866630769174,2500.0,0.3
26,Zprime_2000GeV_060,0.801389096076,2000.0,0.6
27,Zprime_4000GeV_060,0.810295467515,4000.0,0.6
28,Zprime_2500GeV_075,0.757679031154,2500.0,0.75
29,Zprime_4000GeV_045,0.846849769082,4000.0,0.45
