,name,auc,mass,nu
0,Zprime_1500GeV_075,0.727253704915,1500.0,0.75
1,Zprime_1500GeV_015,0.81861826182,1500.0,0.15
2,Zprime_3000GeV_060,0.751186175989,3000.0,0.6
3,Zprime_1500GeV_030,0.804921034545,1500.0,0.3
4,Zprime_3000GeV_045,0.780692417749,3000.0,0.45
5,Zprime_2000GeV_045,0.793671897364,2000.0,0.45
6,Zprime_2500GeV_015,0.823826973342,2500.0,0.15
7,Zprime_3500GeV_060,0.748278666186,3500.0,0.6
8,Zprime_2500GeV_045,0.784628463383,2500.0,0.45
9,Zprime_2000GeV_075,0.735485892354,2000.0,0.75
10,Zprime_2500GeV_060,0.759233678752,2500.0,0.6
11,Zprime_4000GeV_075,0.708103681171,4000.0,0.75
12,Zprime_4000GeV_030,0.813040716152,4000.0,0.3
13,Zprime_4000GeV_015,0.835044489599,4000.0,0.15
14,Zprime_3000GeV_030,0.803457225978,3000.0,0.3
15,Zprime_1500GeV_045,0.779142177501,1500.0,0.45
16,Zprime_3000GeV_075,0.72213398517,3000.0,0.75
17,Zprime_1500GeV_060,0.759113401959,1500.0,0.6
18,Zprime_3000GeV_015,0.825258151005,3000.0,0.15
19,Zprime_3500GeV_015,0.828824856624,3500.0,0.15
20,Zprime_3500GeV_030,0.808121694602,3500.0,0.3
21,Zprime_2000GeV_030,0.814300496926,2000.0,0.3
22,Zprime_2000GeV_015,0.829362300806,2000.0,0.15
23,Zprime_3500GeV_075,0.714903338377,3500.0,0.75
24,Zprime_3500GeV_045,0.780212851006,3500.0,0.45
25,Zprime_2500GeV_030,0.805858783443,2500.0,0.3
26,Zprime_2000GeV_060,0.765523586283,2000.0,0.6
27,Zprime_4000GeV_060,0.750290613885,4000.0,0.6
28,Zprime_2500GeV_075,0.722727779454,2500.0,0.75
29,Zprime_4000GeV_045,0.782919221397,4000.0,0.45
