,name,auc,mass,nu
0,Zprime_1500GeV_075,0.792626373924,1500.0,0.75
1,Zprime_1500GeV_015,0.868152096354,1500.0,0.15
2,Zprime_3000GeV_060,0.815270457824,3000.0,0.6
3,Zprime_1500GeV_030,0.855531660489,1500.0,0.3
4,Zprime_3000GeV_045,0.840533437259,3000.0,0.45
5,Zprime_2000GeV_045,0.85251586607,2000.0,0.45
6,Zprime_2500GeV_015,0.877443429024,2500.0,0.15
7,Zprime_3500GeV_060,0.810280987506,3500.0,0.6
8,Zprime_2500GeV_045,0.844092179839,2500.0,0.45
9,Zprime_2000GeV_075,0.799584272694,2000.0,0.75
10,Zprime_2500GeV_060,0.819862437738,2500.0,0.6
11,Zprime_4000GeV_075,0.774856934845,4000.0,0.75
12,Zprime_4000GeV_030,0.863584035404,4000.0,0.3
13,Zprime_4000GeV_015,0.876850859814,4000.0,0.15
14,Zprime_3000GeV_030,0.859377811556,3000.0,0.3
15,Zprime_1500GeV_045,0.832984403195,1500.0,0.45
16,Zprime_3000GeV_075,0.78431153127,3000.0,0.75
17,Zprime_1500GeV_060,0.815745716317,1500.0,0.6
18,Zprime_3000GeV_015,0.877522074855,3000.0,0.15
19,Zprime_3500GeV_015,0.876407286988,3500.0,0.15
20,Zprime_3500GeV_030,0.861792879236,3500.0,0.3
21,Zprime_2000GeV_030,0.870856779125,2000.0,0.3
22,Zprime_2000GeV_015,0.884188119794,2000.0,0.15
23,Zprime_3500GeV_075,0.780559591345,3500.0,0.75
24,Zprime_3500GeV_045,0.838503453236,3500.0,0.45
25,Zprime_2500GeV_030,0.862158724518,2500.0,0.3
26,Zprime_2000GeV_060,0.824332080373,2000.0,0.6
27,Zprime_4000GeV_060,0.810940747939,4000.0,0.6
28,Zprime_2500GeV_075,0.789475710521,2500.0,0.75
29,Zprime_4000GeV_045,0.838717968929,4000.0,0.45
