,name,auc,mass,nu
0,Zprime_1500GeV_075,0.749425248129,1500.0,0.75
1,Zprime_1500GeV_015,0.835638107218,1500.0,0.15
2,Zprime_3000GeV_060,0.76282341351,3000.0,0.6
3,Zprime_1500GeV_030,0.82166211653,1500.0,0.3
4,Zprime_3000GeV_045,0.792388772151,3000.0,0.45
5,Zprime_2000GeV_045,0.802863949946,2000.0,0.45
6,Zprime_2500GeV_015,0.838006992099,2500.0,0.15
7,Zprime_3500GeV_060,0.762012127636,3500.0,0.6
8,Zprime_2500GeV_045,0.796864651267,2500.0,0.45
9,Zprime_2000GeV_075,0.748676606664,2000.0,0.75
10,Zprime_2500GeV_060,0.767400634054,2500.0,0.6
11,Zprime_4000GeV_075,0.722645515952,4000.0,0.75
12,Zprime_4000GeV_030,0.821824932198,4000.0,0.3
13,Zprime_4000GeV_015,0.836329831461,4000.0,0.15
14,Zprime_3000GeV_030,0.816449453825,3000.0,0.3
15,Zprime_1500GeV_045,0.796583495309,1500.0,0.45
16,Zprime_3000GeV_075,0.730672471286,3000.0,0.75
17,Zprime_1500GeV_060,0.779023329227,1500.0,0.6
18,Zprime_3000GeV_015,0.836285091467,3000.0,0.15
19,Zprime_3500GeV_015,0.832912695694,3500.0,0.15
20,Zprime_3500GeV_030,0.818505405729,3500.0,0.3
21,Zprime_2000GeV_030,0.82614309041,2000.0,0.3
22,Zprime_2000GeV_015,0.841290906387,2000.0,0.15
23,Zprime_3500GeV_075,0.727663063361,3500.0,0.75
24,Zprime_3500GeV_045,0.791069645083,3500.0,0.45
25,Zprime_2500GeV_030,0.819574273974,2500.0,0.3
26,Zprime_2000GeV_060,0.774867209579,2000.0,0.6
27,Zprime_4000GeV_060,0.76499241917,4000.0,0.6
28,Zprime_2500GeV_075,0.734666036367,2500.0,0.75
29,Zprime_4000GeV_045,0.792247778441,4000.0,0.45
