,name,auc,mass,nu
0,Zprime_1500GeV_075,0.790991353735,1500.0,0.75
1,Zprime_1500GeV_015,0.865072457396,1500.0,0.15
2,Zprime_3000GeV_060,0.799653381691,3000.0,0.6
3,Zprime_1500GeV_030,0.855239745161,1500.0,0.3
4,Zprime_3000GeV_045,0.827150951077,3000.0,0.45
5,Zprime_2000GeV_045,0.836847614431,2000.0,0.45
6,Zprime_2500GeV_015,0.866350018099,2500.0,0.15
7,Zprime_3500GeV_060,0.795480341983,3500.0,0.6
8,Zprime_2500GeV_045,0.830702564501,2500.0,0.45
9,Zprime_2000GeV_075,0.789397696069,2000.0,0.75
10,Zprime_2500GeV_060,0.805924799387,2500.0,0.6
11,Zprime_4000GeV_075,0.756201429717,4000.0,0.75
12,Zprime_4000GeV_030,0.848989331815,4000.0,0.3
13,Zprime_4000GeV_015,0.862661156709,4000.0,0.15
14,Zprime_3000GeV_030,0.847212447016,3000.0,0.3
15,Zprime_1500GeV_045,0.834033723354,1500.0,0.45
16,Zprime_3000GeV_075,0.769152449749,3000.0,0.75
17,Zprime_1500GeV_060,0.819567212242,1500.0,0.6
18,Zprime_3000GeV_015,0.864525070957,3000.0,0.15
19,Zprime_3500GeV_015,0.86045621033,3500.0,0.15
20,Zprime_3500GeV_030,0.848552902847,3500.0,0.3
21,Zprime_2000GeV_030,0.855843475173,2000.0,0.3
22,Zprime_2000GeV_015,0.868465769643,2000.0,0.15
23,Zprime_3500GeV_075,0.762255921063,3500.0,0.75
24,Zprime_3500GeV_045,0.823695776044,3500.0,0.45
25,Zprime_2500GeV_030,0.851276973962,2500.0,0.3
26,Zprime_2000GeV_060,0.813458031599,2000.0,0.6
27,Zprime_4000GeV_060,0.795727822997,4000.0,0.6
28,Zprime_2500GeV_075,0.775293969909,2500.0,0.75
29,Zprime_4000GeV_045,0.822746383739,4000.0,0.45
