,name,auc,mass,nu
0,Zprime_1500GeV_075,0.79994774221,1500.0,0.75
1,Zprime_1500GeV_015,0.871450204216,1500.0,0.15
2,Zprime_3000GeV_060,0.805101240666,3000.0,0.6
3,Zprime_1500GeV_030,0.85991351481,1500.0,0.3
4,Zprime_3000GeV_045,0.834180592922,3000.0,0.45
5,Zprime_2000GeV_045,0.841206431265,2000.0,0.45
6,Zprime_2500GeV_015,0.873118848192,2500.0,0.15
7,Zprime_3500GeV_060,0.804821084754,3500.0,0.6
8,Zprime_2500GeV_045,0.836467824445,2500.0,0.45
9,Zprime_2000GeV_075,0.794564401494,2000.0,0.75
10,Zprime_2500GeV_060,0.810160694596,2500.0,0.6
11,Zprime_4000GeV_075,0.764882069929,4000.0,0.75
12,Zprime_4000GeV_030,0.860126432455,4000.0,0.3
13,Zprime_4000GeV_015,0.873965563106,4000.0,0.15
14,Zprime_3000GeV_030,0.854670334124,3000.0,0.3
15,Zprime_1500GeV_045,0.840040187528,1500.0,0.45
16,Zprime_3000GeV_075,0.775943213864,3000.0,0.75
17,Zprime_1500GeV_060,0.827924127808,1500.0,0.6
18,Zprime_3000GeV_015,0.87283389263,3000.0,0.15
19,Zprime_3500GeV_015,0.872575090392,3500.0,0.15
20,Zprime_3500GeV_030,0.85778292191,3500.0,0.3
21,Zprime_2000GeV_030,0.861389028759,2000.0,0.3
22,Zprime_2000GeV_015,0.873126066412,2000.0,0.15
23,Zprime_3500GeV_075,0.769197866192,3500.0,0.75
24,Zprime_3500GeV_045,0.832289735949,3500.0,0.45
25,Zprime_2500GeV_030,0.85695773869,2500.0,0.3
26,Zprime_2000GeV_060,0.818451549953,2000.0,0.6
27,Zprime_4000GeV_060,0.805484175941,4000.0,0.6
28,Zprime_2500GeV_075,0.781844635041,2500.0,0.75
29,Zprime_4000GeV_045,0.833484944306,4000.0,0.45
