,name,auc,mass,nu
0,Zprime_1500GeV_075,0.794323450547,1500.0,0.75
1,Zprime_1500GeV_015,0.865769584826,1500.0,0.15
2,Zprime_3000GeV_060,0.805325914228,3000.0,0.6
3,Zprime_1500GeV_030,0.852260967733,1500.0,0.3
4,Zprime_3000GeV_045,0.833719373026,3000.0,0.45
5,Zprime_2000GeV_045,0.843353053247,2000.0,0.45
6,Zprime_2500GeV_015,0.872599883877,2500.0,0.15
7,Zprime_3500GeV_060,0.803820671221,3500.0,0.6
8,Zprime_2500GeV_045,0.833978506814,2500.0,0.45
9,Zprime_2000GeV_075,0.795598857546,2000.0,0.75
10,Zprime_2500GeV_060,0.807295209499,2500.0,0.6
11,Zprime_4000GeV_075,0.767387591202,4000.0,0.75
12,Zprime_4000GeV_030,0.868885294577,4000.0,0.3
13,Zprime_4000GeV_015,0.886219993795,4000.0,0.15
14,Zprime_3000GeV_030,0.856347009863,3000.0,0.3
15,Zprime_1500GeV_045,0.830562018819,1500.0,0.45
16,Zprime_3000GeV_075,0.775206074551,3000.0,0.75
17,Zprime_1500GeV_060,0.813583361125,1500.0,0.6
18,Zprime_3000GeV_015,0.87659416822,3000.0,0.15
19,Zprime_3500GeV_015,0.881100259079,3500.0,0.15
20,Zprime_3500GeV_030,0.863172361404,3500.0,0.3
21,Zprime_2000GeV_030,0.860177425992,2000.0,0.3
22,Zprime_2000GeV_015,0.875299036799,2000.0,0.15
23,Zprime_3500GeV_075,0.77234354613,3500.0,0.75
24,Zprime_3500GeV_045,0.837001610551,3500.0,0.45
25,Zprime_2500GeV_030,0.854721978836,2500.0,0.3
26,Zprime_2000GeV_060,0.818512423463,2000.0,0.6
27,Zprime_4000GeV_060,0.80830712438,4000.0,0.6
28,Zprime_2500GeV_075,0.779791525914,2500.0,0.75
29,Zprime_4000GeV_045,0.840062689006,4000.0,0.45
