,name,auc,mass,nu
0,Zprime_1500GeV_075,0.808430701619,1500.0,0.75
1,Zprime_1500GeV_015,0.879805653816,1500.0,0.15
2,Zprime_3000GeV_060,0.815668092083,3000.0,0.6
3,Zprime_1500GeV_030,0.87133175779,1500.0,0.3
4,Zprime_3000GeV_045,0.845007759267,3000.0,0.45
5,Zprime_2000GeV_045,0.851944296903,2000.0,0.45
6,Zprime_2500GeV_015,0.882712632409,2500.0,0.15
7,Zprime_3500GeV_060,0.813410419331,3500.0,0.6
8,Zprime_2500GeV_045,0.846712892159,2500.0,0.45
9,Zprime_2000GeV_075,0.80526939514,2000.0,0.75
10,Zprime_2500GeV_060,0.821539784827,2500.0,0.6
11,Zprime_4000GeV_075,0.773950295808,4000.0,0.75
12,Zprime_4000GeV_030,0.872288501583,4000.0,0.3
13,Zprime_4000GeV_015,0.88505679458,4000.0,0.15
14,Zprime_3000GeV_030,0.866379813903,3000.0,0.3
15,Zprime_1500GeV_045,0.854220218674,1500.0,0.45
16,Zprime_3000GeV_075,0.786253902206,3000.0,0.75
17,Zprime_1500GeV_060,0.837387425439,1500.0,0.6
18,Zprime_3000GeV_015,0.884441728892,3000.0,0.15
19,Zprime_3500GeV_015,0.885184231561,3500.0,0.15
20,Zprime_3500GeV_030,0.869983572057,3500.0,0.3
21,Zprime_2000GeV_030,0.870231658596,2000.0,0.3
22,Zprime_2000GeV_015,0.883914403406,2000.0,0.15
23,Zprime_3500GeV_075,0.779728971504,3500.0,0.75
24,Zprime_3500GeV_045,0.843493099276,3500.0,0.45
25,Zprime_2500GeV_030,0.866707488593,2500.0,0.3
26,Zprime_2000GeV_060,0.829587946694,2000.0,0.6
27,Zprime_4000GeV_060,0.814073332819,4000.0,0.6
28,Zprime_2500GeV_075,0.794125502161,2500.0,0.75
29,Zprime_4000GeV_045,0.845517945545,4000.0,0.45
