,name,auc,mass,nu
0,Zprime_1500GeV_075,0.756461440472,1500.0,0.75
1,Zprime_1500GeV_015,0.8305581347,1500.0,0.15
2,Zprime_3000GeV_060,0.776531049213,3000.0,0.6
3,Zprime_1500GeV_030,0.814447692965,1500.0,0.3
4,Zprime_3000GeV_045,0.806452198543,3000.0,0.45
5,Zprime_2000GeV_045,0.805983997398,2000.0,0.45
6,Zprime_2500GeV_015,0.844013654327,2500.0,0.15
7,Zprime_3500GeV_060,0.779715258618,3500.0,0.6
8,Zprime_2500GeV_045,0.801798581245,2500.0,0.45
9,Zprime_2000GeV_075,0.754741260986,2000.0,0.75
10,Zprime_2500GeV_060,0.773056263221,2500.0,0.6
11,Zprime_4000GeV_075,0.743676073253,4000.0,0.75
12,Zprime_4000GeV_030,0.848097272868,4000.0,0.3
13,Zprime_4000GeV_015,0.863886259415,4000.0,0.15
14,Zprime_3000GeV_030,0.831064456563,3000.0,0.3
15,Zprime_1500GeV_045,0.792240612251,1500.0,0.45
16,Zprime_3000GeV_075,0.744210417825,3000.0,0.75
17,Zprime_1500GeV_060,0.776296602676,1500.0,0.6
18,Zprime_3000GeV_015,0.852808399238,3000.0,0.15
19,Zprime_3500GeV_015,0.859589568036,3500.0,0.15
20,Zprime_3500GeV_030,0.840385578961,3500.0,0.3
21,Zprime_2000GeV_030,0.824564767079,2000.0,0.3
22,Zprime_2000GeV_015,0.842235500975,2000.0,0.15
23,Zprime_3500GeV_075,0.744837367741,3500.0,0.75
24,Zprime_3500GeV_045,0.813217270221,3500.0,0.45
25,Zprime_2500GeV_030,0.824794791994,2500.0,0.3
26,Zprime_2000GeV_060,0.779058412671,2000.0,0.6
27,Zprime_4000GeV_060,0.785397295477,4000.0,0.6
28,Zprime_2500GeV_075,0.745289011412,2500.0,0.75
29,Zprime_4000GeV_045,0.819101513628,4000.0,0.45
