,name,auc,mass,nu
0,Zprime_1500GeV_075,0.72380252213,1500.0,0.75
1,Zprime_1500GeV_015,0.812500791752,1500.0,0.15
2,Zprime_3000GeV_060,0.752901455767,3000.0,0.6
3,Zprime_1500GeV_030,0.798897620966,1500.0,0.3
4,Zprime_3000GeV_045,0.785112800769,3000.0,0.45
5,Zprime_2000GeV_045,0.791974326647,2000.0,0.45
6,Zprime_2500GeV_015,0.828409158875,2500.0,0.15
7,Zprime_3500GeV_060,0.751400337929,3500.0,0.6
8,Zprime_2500GeV_045,0.785429531494,2500.0,0.45
9,Zprime_2000GeV_075,0.733458586405,2000.0,0.75
10,Zprime_2500GeV_060,0.754997425541,2500.0,0.6
11,Zprime_4000GeV_075,0.709124226289,4000.0,0.75
12,Zprime_4000GeV_030,0.82630708512,4000.0,0.3
13,Zprime_4000GeV_015,0.851199756083,4000.0,0.15
14,Zprime_3000GeV_030,0.810744497079,3000.0,0.3
15,Zprime_1500GeV_045,0.775594237211,1500.0,0.45
16,Zprime_3000GeV_075,0.717861749672,3000.0,0.75
17,Zprime_1500GeV_060,0.756755640241,1500.0,0.6
18,Zprime_3000GeV_015,0.834225916092,3000.0,0.15
19,Zprime_3500GeV_015,0.843027351546,3500.0,0.15
20,Zprime_3500GeV_030,0.819755739158,3500.0,0.3
21,Zprime_2000GeV_030,0.812124987605,2000.0,0.3
22,Zprime_2000GeV_015,0.828799610992,2000.0,0.15
23,Zprime_3500GeV_075,0.713025267083,3500.0,0.75
24,Zprime_3500GeV_045,0.788002270937,3500.0,0.45
25,Zprime_2500GeV_030,0.808758810669,2500.0,0.3
26,Zprime_2000GeV_060,0.762333241355,2000.0,0.6
27,Zprime_4000GeV_060,0.755858565908,4000.0,0.6
28,Zprime_2500GeV_075,0.718801105998,2500.0,0.75
29,Zprime_4000GeV_045,0.792754008258,4000.0,0.45
