,name,auc,mass,nu
0,Zprime_1500GeV_075,0.805036564476,1500.0,0.75
1,Zprime_1500GeV_015,0.874134405732,1500.0,0.15
2,Zprime_3000GeV_060,0.809995066941,3000.0,0.6
3,Zprime_1500GeV_030,0.865815930318,1500.0,0.3
4,Zprime_3000GeV_045,0.838331547795,3000.0,0.45
5,Zprime_2000GeV_045,0.848127365238,2000.0,0.45
6,Zprime_2500GeV_015,0.876086156466,2500.0,0.15
7,Zprime_3500GeV_060,0.807328713904,3500.0,0.6
8,Zprime_2500GeV_045,0.841470816317,2500.0,0.45
9,Zprime_2000GeV_075,0.803587633066,2000.0,0.75
10,Zprime_2500GeV_060,0.81663356068,2500.0,0.6
11,Zprime_4000GeV_075,0.767580050839,4000.0,0.75
12,Zprime_4000GeV_030,0.860132028986,4000.0,0.3
13,Zprime_4000GeV_015,0.873614775663,4000.0,0.15
14,Zprime_3000GeV_030,0.85786761548,3000.0,0.3
15,Zprime_1500GeV_045,0.846790078448,1500.0,0.45
16,Zprime_3000GeV_075,0.781759314831,3000.0,0.75
17,Zprime_1500GeV_060,0.831026491764,1500.0,0.6
18,Zprime_3000GeV_015,0.874491851331,3000.0,0.15
19,Zprime_3500GeV_015,0.873107341523,3500.0,0.15
20,Zprime_3500GeV_030,0.859113084596,3500.0,0.3
21,Zprime_2000GeV_030,0.86711107481,2000.0,0.3
22,Zprime_2000GeV_015,0.878412466987,2000.0,0.15
23,Zprime_3500GeV_075,0.773455812114,3500.0,0.75
24,Zprime_3500GeV_045,0.834129104136,3500.0,0.45
25,Zprime_2500GeV_030,0.860747568127,2500.0,0.3
26,Zprime_2000GeV_060,0.825578991144,2000.0,0.6
27,Zprime_4000GeV_060,0.806794647295,4000.0,0.6
28,Zprime_2500GeV_075,0.78858612836,2500.0,0.75
29,Zprime_4000GeV_045,0.834221253005,4000.0,0.45
