,name,auc,mass,nu
0,Zprime_1500GeV_075,0.789027600714,1500.0,0.75
1,Zprime_1500GeV_015,0.864833348361,1500.0,0.15
2,Zprime_3000GeV_060,0.800104189557,3000.0,0.6
3,Zprime_1500GeV_030,0.854341612145,1500.0,0.3
4,Zprime_3000GeV_045,0.829055989843,3000.0,0.45
5,Zprime_2000GeV_045,0.837504417566,2000.0,0.45
6,Zprime_2500GeV_015,0.868454639603,2500.0,0.15
7,Zprime_3500GeV_060,0.799461505778,3500.0,0.6
8,Zprime_2500GeV_045,0.831056587528,2500.0,0.45
9,Zprime_2000GeV_075,0.787964550077,2000.0,0.75
10,Zprime_2500GeV_060,0.805640770766,2500.0,0.6
11,Zprime_4000GeV_075,0.75862514948,4000.0,0.75
12,Zprime_4000GeV_030,0.856821267809,4000.0,0.3
13,Zprime_4000GeV_015,0.871229365796,4000.0,0.15
14,Zprime_3000GeV_030,0.849227880773,3000.0,0.3
15,Zprime_1500GeV_045,0.83401333874,1500.0,0.45
16,Zprime_3000GeV_075,0.769548033892,3000.0,0.75
17,Zprime_1500GeV_060,0.819754207776,1500.0,0.6
18,Zprime_3000GeV_015,0.86732254453,3000.0,0.15
19,Zprime_3500GeV_015,0.867594801106,3500.0,0.15
20,Zprime_3500GeV_030,0.853211863209,3500.0,0.3
21,Zprime_2000GeV_030,0.857796409495,2000.0,0.3
22,Zprime_2000GeV_015,0.870114702458,2000.0,0.15
23,Zprime_3500GeV_075,0.763781319187,3500.0,0.75
24,Zprime_3500GeV_045,0.827063001855,3500.0,0.45
25,Zprime_2500GeV_030,0.85214242716,2500.0,0.3
26,Zprime_2000GeV_060,0.813111613883,2000.0,0.6
27,Zprime_4000GeV_060,0.800112102305,4000.0,0.6
28,Zprime_2500GeV_075,0.775599152619,2500.0,0.75
29,Zprime_4000GeV_045,0.828691272696,4000.0,0.45
