,name,auc,mass,nu
0,Zprime_1500GeV_075,0.782324986562,1500.0,0.75
1,Zprime_1500GeV_015,0.857944595633,1500.0,0.15
2,Zprime_3000GeV_060,0.801711422107,3000.0,0.6
3,Zprime_1500GeV_030,0.846619828316,1500.0,0.3
4,Zprime_3000GeV_045,0.83207783746,3000.0,0.45
5,Zprime_2000GeV_045,0.836218664477,2000.0,0.45
6,Zprime_2500GeV_015,0.87073499936,2500.0,0.15
7,Zprime_3500GeV_060,0.800332073841,3500.0,0.6
8,Zprime_2500GeV_045,0.832854182899,2500.0,0.45
9,Zprime_2000GeV_075,0.781466546975,2000.0,0.75
10,Zprime_2500GeV_060,0.805204461212,2500.0,0.6
11,Zprime_4000GeV_075,0.756577432311,4000.0,0.75
12,Zprime_4000GeV_030,0.860698051542,4000.0,0.3
13,Zprime_4000GeV_015,0.875230298901,4000.0,0.15
14,Zprime_3000GeV_030,0.85348254673,3000.0,0.3
15,Zprime_1500GeV_045,0.826652401019,1500.0,0.45
16,Zprime_3000GeV_075,0.766289497345,3000.0,0.75
17,Zprime_1500GeV_060,0.807443281401,1500.0,0.6
18,Zprime_3000GeV_015,0.871496356322,3000.0,0.15
19,Zprime_3500GeV_015,0.872880739352,3500.0,0.15
20,Zprime_3500GeV_030,0.85676758438,3500.0,0.3
21,Zprime_2000GeV_030,0.856359997861,2000.0,0.3
22,Zprime_2000GeV_015,0.870289911564,2000.0,0.15
23,Zprime_3500GeV_075,0.761769738712,3500.0,0.75
24,Zprime_3500GeV_045,0.831309058619,3500.0,0.45
25,Zprime_2500GeV_030,0.853641916776,2500.0,0.3
26,Zprime_2000GeV_060,0.808880399939,2000.0,0.6
27,Zprime_4000GeV_060,0.802010845894,4000.0,0.6
28,Zprime_2500GeV_075,0.770462095035,2500.0,0.75
29,Zprime_4000GeV_045,0.831809672511,4000.0,0.45
