,name,auc,mass,nu
0,Zprime_1500GeV_075,0.799103595044,1500.0,0.75
1,Zprime_1500GeV_015,0.871799320174,1500.0,0.15
2,Zprime_3000GeV_060,0.804256708422,3000.0,0.6
3,Zprime_1500GeV_030,0.861060525498,1500.0,0.3
4,Zprime_3000GeV_045,0.834298640826,3000.0,0.45
5,Zprime_2000GeV_045,0.841272065933,2000.0,0.45
6,Zprime_2500GeV_015,0.873114589703,2500.0,0.15
7,Zprime_3500GeV_060,0.802344001828,3500.0,0.6
8,Zprime_2500GeV_045,0.836060794311,2500.0,0.45
9,Zprime_2000GeV_075,0.795460093994,2000.0,0.75
10,Zprime_2500GeV_060,0.809425751398,2500.0,0.6
11,Zprime_4000GeV_075,0.762555056719,4000.0,0.75
12,Zprime_4000GeV_030,0.858811439457,4000.0,0.3
13,Zprime_4000GeV_015,0.872513633359,4000.0,0.15
14,Zprime_3000GeV_030,0.854719080975,3000.0,0.3
15,Zprime_1500GeV_045,0.841712926287,1500.0,0.45
16,Zprime_3000GeV_075,0.773391819649,3000.0,0.75
17,Zprime_1500GeV_060,0.828632118129,1500.0,0.6
18,Zprime_3000GeV_015,0.872964451284,3000.0,0.15
19,Zprime_3500GeV_015,0.871298352475,3500.0,0.15
20,Zprime_3500GeV_030,0.856911267666,3500.0,0.3
21,Zprime_2000GeV_030,0.86188560991,2000.0,0.3
22,Zprime_2000GeV_015,0.873275997637,2000.0,0.15
23,Zprime_3500GeV_075,0.766601407045,3500.0,0.75
24,Zprime_3500GeV_045,0.83058997257,3500.0,0.45
25,Zprime_2500GeV_030,0.856637984405,2500.0,0.3
26,Zprime_2000GeV_060,0.818396811377,2000.0,0.6
27,Zprime_4000GeV_060,0.803052023519,4000.0,0.6
28,Zprime_2500GeV_075,0.780710200693,2500.0,0.75
29,Zprime_4000GeV_045,0.83177205971,4000.0,0.45
