,name,auc,mass,nu
0,Zprime_1500GeV_075,0.787090432325,1500.0,0.75
1,Zprime_1500GeV_015,0.862648136757,1500.0,0.15
2,Zprime_3000GeV_060,0.804171892817,3000.0,0.6
3,Zprime_1500GeV_030,0.848679027352,1500.0,0.3
4,Zprime_3000GeV_045,0.83004745338,3000.0,0.45
5,Zprime_2000GeV_045,0.844870314878,2000.0,0.45
6,Zprime_2500GeV_015,0.870948929351,2500.0,0.15
7,Zprime_3500GeV_060,0.798300696484,3500.0,0.6
8,Zprime_2500GeV_045,0.83450872828,2500.0,0.45
9,Zprime_2000GeV_075,0.794997532511,2000.0,0.75
10,Zprime_2500GeV_060,0.808499483121,2500.0,0.6
11,Zprime_4000GeV_075,0.759704563492,4000.0,0.75
12,Zprime_4000GeV_030,0.858683558627,4000.0,0.3
13,Zprime_4000GeV_015,0.87508913608,4000.0,0.15
14,Zprime_3000GeV_030,0.851201947821,3000.0,0.3
15,Zprime_1500GeV_045,0.825154412019,1500.0,0.45
16,Zprime_3000GeV_075,0.774115874442,3000.0,0.75
17,Zprime_1500GeV_060,0.807639816967,1500.0,0.6
18,Zprime_3000GeV_015,0.870727418751,3000.0,0.15
19,Zprime_3500GeV_015,0.870913844703,3500.0,0.15
20,Zprime_3500GeV_030,0.854425056684,3500.0,0.3
21,Zprime_2000GeV_030,0.862774779455,2000.0,0.3
22,Zprime_2000GeV_015,0.877347218834,2000.0,0.15
23,Zprime_3500GeV_075,0.76795282515,3500.0,0.75
24,Zprime_3500GeV_045,0.829118619607,3500.0,0.45
25,Zprime_2500GeV_030,0.854156195064,2500.0,0.3
26,Zprime_2000GeV_060,0.819795125143,2000.0,0.6
27,Zprime_4000GeV_060,0.799204594988,4000.0,0.6
28,Zprime_2500GeV_075,0.780123423496,2500.0,0.75
29,Zprime_4000GeV_045,0.829970275843,4000.0,0.45
