,name,auc,mass,nu
0,Zprime_1500GeV_075,0.776969492944,1500.0,0.75
1,Zprime_1500GeV_015,0.856141753561,1500.0,0.15
2,Zprime_3000GeV_060,0.791692198326,3000.0,0.6
3,Zprime_1500GeV_030,0.843025755212,1500.0,0.3
4,Zprime_3000GeV_045,0.822204260982,3000.0,0.45
5,Zprime_2000GeV_045,0.829587357754,2000.0,0.45
6,Zprime_2500GeV_015,0.862967551992,2500.0,0.15
7,Zprime_3500GeV_060,0.790693034685,3500.0,0.6
8,Zprime_2500GeV_045,0.824333202085,2500.0,0.45
9,Zprime_2000GeV_075,0.778345666638,2000.0,0.75
10,Zprime_2500GeV_060,0.797128062902,2500.0,0.6
11,Zprime_4000GeV_075,0.749117889184,4000.0,0.75
12,Zprime_4000GeV_030,0.850332848701,4000.0,0.3
13,Zprime_4000GeV_015,0.865625661205,4000.0,0.15
14,Zprime_3000GeV_030,0.844004836906,3000.0,0.3
15,Zprime_1500GeV_045,0.823715747618,1500.0,0.45
16,Zprime_3000GeV_075,0.760622030682,3000.0,0.75
17,Zprime_1500GeV_060,0.805190252883,1500.0,0.6
18,Zprime_3000GeV_015,0.862964228388,3000.0,0.15
19,Zprime_3500GeV_015,0.861578488134,3500.0,0.15
20,Zprime_3500GeV_030,0.846421210365,3500.0,0.3
21,Zprime_2000GeV_030,0.850563542859,2000.0,0.3
22,Zprime_2000GeV_015,0.864459054325,2000.0,0.15
23,Zprime_3500GeV_075,0.753624083941,3500.0,0.75
24,Zprime_3500GeV_045,0.820780161558,3500.0,0.45
25,Zprime_2500GeV_030,0.846285897933,2500.0,0.3
26,Zprime_2000GeV_060,0.803827882259,2000.0,0.6
27,Zprime_4000GeV_060,0.791472904586,4000.0,0.6
28,Zprime_2500GeV_075,0.765398619678,2500.0,0.75
29,Zprime_4000GeV_045,0.822740580863,4000.0,0.45
