,name,auc,mass,nu
0,Zprime_1500GeV_075,0.77791416249,1500.0,0.75
1,Zprime_1500GeV_015,0.84984824815,1500.0,0.15
2,Zprime_3000GeV_060,0.800218669183,3000.0,0.6
3,Zprime_1500GeV_030,0.834585806476,1500.0,0.3
4,Zprime_3000GeV_045,0.82562630236,3000.0,0.45
5,Zprime_2000GeV_045,0.835172203035,2000.0,0.45
6,Zprime_2500GeV_015,0.862687997568,2500.0,0.15
7,Zprime_3500GeV_060,0.794987712498,3500.0,0.6
8,Zprime_2500GeV_045,0.827880046687,2500.0,0.45
9,Zprime_2000GeV_075,0.784290133374,2000.0,0.75
10,Zprime_2500GeV_060,0.803739953867,2500.0,0.6
11,Zprime_4000GeV_075,0.759616294853,4000.0,0.75
12,Zprime_4000GeV_030,0.853407805896,4000.0,0.3
13,Zprime_4000GeV_015,0.86857508361,4000.0,0.15
14,Zprime_3000GeV_030,0.845868950468,3000.0,0.3
15,Zprime_1500GeV_045,0.814152931051,1500.0,0.45
16,Zprime_3000GeV_075,0.769519059662,3000.0,0.75
17,Zprime_1500GeV_060,0.800771684586,1500.0,0.6
18,Zprime_3000GeV_015,0.865692254088,3000.0,0.15
19,Zprime_3500GeV_015,0.865209590471,3500.0,0.15
20,Zprime_3500GeV_030,0.849689577716,3500.0,0.3
21,Zprime_2000GeV_030,0.852196836108,2000.0,0.3
22,Zprime_2000GeV_015,0.86540474328,2000.0,0.15
23,Zprime_3500GeV_075,0.765892176582,3500.0,0.75
24,Zprime_3500GeV_045,0.823599324969,3500.0,0.45
25,Zprime_2500GeV_030,0.846212307439,2500.0,0.3
26,Zprime_2000GeV_060,0.809139493095,2000.0,0.6
27,Zprime_4000GeV_060,0.796347134708,4000.0,0.6
28,Zprime_2500GeV_075,0.775588576321,2500.0,0.75
29,Zprime_4000GeV_045,0.826636829849,4000.0,0.45
