,name,auc,mass,nu
0,Zprime_1500GeV_075,0.842889530459,1500.0,0.75
1,Zprime_1500GeV_015,0.902117544772,1500.0,0.15
2,Zprime_3000GeV_060,0.835331261075,3000.0,0.6
3,Zprime_1500GeV_030,0.892490624377,1500.0,0.3
4,Zprime_3000GeV_045,0.859768679552,3000.0,0.45
5,Zprime_2000GeV_045,0.878995870349,2000.0,0.45
6,Zprime_2500GeV_015,0.898465064732,2500.0,0.15
7,Zprime_3500GeV_060,0.827023977508,3500.0,0.6
8,Zprime_2500GeV_045,0.868450191041,2500.0,0.45
9,Zprime_2000GeV_075,0.834909715004,2000.0,0.75
10,Zprime_2500GeV_060,0.845848457679,2500.0,0.6
11,Zprime_4000GeV_075,0.786512904869,4000.0,0.75
12,Zprime_4000GeV_030,0.8701815757,4000.0,0.3
13,Zprime_4000GeV_015,0.879438291954,4000.0,0.15
14,Zprime_3000GeV_030,0.877410124924,3000.0,0.3
15,Zprime_1500GeV_045,0.876956734269,1500.0,0.45
16,Zprime_3000GeV_075,0.807975742233,3000.0,0.75
17,Zprime_1500GeV_060,0.861080798643,1500.0,0.6
18,Zprime_3000GeV_015,0.891788610438,3000.0,0.15
19,Zprime_3500GeV_015,0.886048317821,3500.0,0.15
20,Zprime_3500GeV_030,0.87461676966,3500.0,0.3
21,Zprime_2000GeV_030,0.89580909243,2000.0,0.3
22,Zprime_2000GeV_015,0.906734623001,2000.0,0.15
23,Zprime_3500GeV_075,0.797603296938,3500.0,0.75
24,Zprime_3500GeV_045,0.852789252827,3500.0,0.45
25,Zprime_2500GeV_030,0.884968012371,2500.0,0.3
26,Zprime_2000GeV_060,0.856808488966,2000.0,0.6
27,Zprime_4000GeV_060,0.821869617272,4000.0,0.6
28,Zprime_2500GeV_075,0.818942119511,2500.0,0.75
29,Zprime_4000GeV_045,0.847669304272,4000.0,0.45
