,name,auc,mass,nu
0,Zprime_1500GeV_075,0.807980884419,1500.0,0.75
1,Zprime_1500GeV_015,0.874222266892,1500.0,0.15
2,Zprime_3000GeV_060,0.813076213274,3000.0,0.6
3,Zprime_1500GeV_030,0.866731094463,1500.0,0.3
4,Zprime_3000GeV_045,0.841014212726,3000.0,0.45
5,Zprime_2000GeV_045,0.849039748566,2000.0,0.45
6,Zprime_2500GeV_015,0.876859096244,2500.0,0.15
7,Zprime_3500GeV_060,0.811054298504,3500.0,0.6
8,Zprime_2500GeV_045,0.84270184469,2500.0,0.45
9,Zprime_2000GeV_075,0.804122918193,2000.0,0.75
10,Zprime_2500GeV_060,0.819804415778,2500.0,0.6
11,Zprime_4000GeV_075,0.772861217048,4000.0,0.75
12,Zprime_4000GeV_030,0.868698255683,4000.0,0.3
13,Zprime_4000GeV_015,0.881467686125,4000.0,0.15
14,Zprime_3000GeV_030,0.860452377428,3000.0,0.3
15,Zprime_1500GeV_045,0.850090968196,1500.0,0.45
16,Zprime_3000GeV_075,0.784606213805,3000.0,0.75
17,Zprime_1500GeV_060,0.833692303848,1500.0,0.6
18,Zprime_3000GeV_015,0.87797081616,3000.0,0.15
19,Zprime_3500GeV_015,0.878960226485,3500.0,0.15
20,Zprime_3500GeV_030,0.864222465829,3500.0,0.3
21,Zprime_2000GeV_030,0.867642209284,2000.0,0.3
22,Zprime_2000GeV_015,0.879117273492,2000.0,0.15
23,Zprime_3500GeV_075,0.779296716261,3500.0,0.75
24,Zprime_3500GeV_045,0.840322294904,3500.0,0.45
25,Zprime_2500GeV_030,0.862370239382,2500.0,0.3
26,Zprime_2000GeV_060,0.827545624618,2000.0,0.6
27,Zprime_4000GeV_060,0.812376196045,4000.0,0.6
28,Zprime_2500GeV_075,0.790891185364,2500.0,0.75
29,Zprime_4000GeV_045,0.842378020933,4000.0,0.45
