,name,auc,mass,nu
0,Zprime_1500GeV_075,0.840628776033,1500.0,0.75
1,Zprime_1500GeV_015,0.902619049659,1500.0,0.15
2,Zprime_3000GeV_060,0.836114377604,3000.0,0.6
3,Zprime_1500GeV_030,0.891635494298,1500.0,0.3
4,Zprime_3000GeV_045,0.863007474428,3000.0,0.45
5,Zprime_2000GeV_045,0.878082695453,2000.0,0.45
6,Zprime_2500GeV_015,0.903207513714,2500.0,0.15
7,Zprime_3500GeV_060,0.828518501132,3500.0,0.6
8,Zprime_2500GeV_045,0.869456608735,2500.0,0.45
9,Zprime_2000GeV_075,0.833694679713,2000.0,0.75
10,Zprime_2500GeV_060,0.845560309843,2500.0,0.6
11,Zprime_4000GeV_075,0.787259951107,4000.0,0.75
12,Zprime_4000GeV_030,0.876459007296,4000.0,0.3
13,Zprime_4000GeV_015,0.888917755119,4000.0,0.15
14,Zprime_3000GeV_030,0.881872300506,3000.0,0.3
15,Zprime_1500GeV_045,0.875717148543,1500.0,0.45
16,Zprime_3000GeV_075,0.808446077405,3000.0,0.75
17,Zprime_1500GeV_060,0.859564860269,1500.0,0.6
18,Zprime_3000GeV_015,0.898065707265,3000.0,0.15
19,Zprime_3500GeV_015,0.893903480739,3500.0,0.15
20,Zprime_3500GeV_030,0.880207212434,3500.0,0.3
21,Zprime_2000GeV_030,0.895257342266,2000.0,0.3
22,Zprime_2000GeV_015,0.907590219623,2000.0,0.15
23,Zprime_3500GeV_075,0.797323084022,3500.0,0.75
24,Zprime_3500GeV_045,0.856771100558,3500.0,0.45
25,Zprime_2500GeV_030,0.887988855938,2500.0,0.3
26,Zprime_2000GeV_060,0.856243883345,2000.0,0.6
27,Zprime_4000GeV_060,0.82430922433,4000.0,0.6
28,Zprime_2500GeV_075,0.81891919286,2500.0,0.75
29,Zprime_4000GeV_045,0.852237975272,4000.0,0.45
