,name,auc,mass,nu
0,Zprime_1500GeV_075,0.812115816064,1500.0,0.75
1,Zprime_1500GeV_015,0.88115652206,1500.0,0.15
2,Zprime_3000GeV_060,0.819147765679,3000.0,0.6
3,Zprime_1500GeV_030,0.871767061233,1500.0,0.3
4,Zprime_3000GeV_045,0.846898860286,3000.0,0.45
5,Zprime_2000GeV_045,0.855588555021,2000.0,0.45
6,Zprime_2500GeV_015,0.882785846706,2500.0,0.15
7,Zprime_3500GeV_060,0.817143982661,3500.0,0.6
8,Zprime_2500GeV_045,0.849262940175,2500.0,0.45
9,Zprime_2000GeV_075,0.809944636809,2000.0,0.75
10,Zprime_2500GeV_060,0.826155876782,2500.0,0.6
11,Zprime_4000GeV_075,0.779052956701,4000.0,0.75
12,Zprime_4000GeV_030,0.873701041719,4000.0,0.3
13,Zprime_4000GeV_015,0.886706715832,4000.0,0.15
14,Zprime_3000GeV_030,0.867175296182,3000.0,0.3
15,Zprime_1500GeV_045,0.857456833437,1500.0,0.45
16,Zprime_3000GeV_075,0.790612378828,3000.0,0.75
17,Zprime_1500GeV_060,0.839560154144,1500.0,0.6
18,Zprime_3000GeV_015,0.883799691517,3000.0,0.15
19,Zprime_3500GeV_015,0.884904738968,3500.0,0.15
20,Zprime_3500GeV_030,0.870199312756,3500.0,0.3
21,Zprime_2000GeV_030,0.87408240626,2000.0,0.3
22,Zprime_2000GeV_015,0.885737759533,2000.0,0.15
23,Zprime_3500GeV_075,0.784397035364,3500.0,0.75
24,Zprime_3500GeV_045,0.846756078938,3500.0,0.45
25,Zprime_2500GeV_030,0.86840326455,2500.0,0.3
26,Zprime_2000GeV_060,0.833632454046,2000.0,0.6
27,Zprime_4000GeV_060,0.818379409131,4000.0,0.6
28,Zprime_2500GeV_075,0.798142035195,2500.0,0.75
29,Zprime_4000GeV_045,0.848211134944,4000.0,0.45
