,name,auc,mass,nu
0,Zprime_1500GeV_075,0.774148654029,1500.0,0.75
1,Zprime_1500GeV_015,0.847706919203,1500.0,0.15
2,Zprime_3000GeV_060,0.787577286818,3000.0,0.6
3,Zprime_1500GeV_030,0.839309793957,1500.0,0.3
4,Zprime_3000GeV_045,0.820586110931,3000.0,0.45
5,Zprime_2000GeV_045,0.82337311689,2000.0,0.45
6,Zprime_2500GeV_015,0.862516451371,2500.0,0.15
7,Zprime_3500GeV_060,0.786242501481,3500.0,0.6
8,Zprime_2500GeV_045,0.821273586483,2500.0,0.45
9,Zprime_2000GeV_075,0.77287250815,2000.0,0.75
10,Zprime_2500GeV_060,0.792028967693,2500.0,0.6
11,Zprime_4000GeV_075,0.741433407194,4000.0,0.75
12,Zprime_4000GeV_030,0.852125455396,4000.0,0.3
13,Zprime_4000GeV_015,0.871747273158,4000.0,0.15
14,Zprime_3000GeV_030,0.84462816755,3000.0,0.3
15,Zprime_1500GeV_045,0.819340967156,1500.0,0.45
16,Zprime_3000GeV_075,0.752308924859,3000.0,0.75
17,Zprime_1500GeV_060,0.801054174648,1500.0,0.6
18,Zprime_3000GeV_015,0.865882531088,3000.0,0.15
19,Zprime_3500GeV_015,0.869323718659,3500.0,0.15
20,Zprime_3500GeV_030,0.850251438788,3500.0,0.3
21,Zprime_2000GeV_030,0.844990752136,2000.0,0.3
22,Zprime_2000GeV_015,0.859930656648,2000.0,0.15
23,Zprime_3500GeV_075,0.747608152906,3500.0,0.75
24,Zprime_3500GeV_045,0.819865268012,3500.0,0.45
25,Zprime_2500GeV_030,0.843181295706,2500.0,0.3
26,Zprime_2000GeV_060,0.79708001224,2000.0,0.6
27,Zprime_4000GeV_060,0.788306979247,4000.0,0.6
28,Zprime_2500GeV_075,0.758319147153,2500.0,0.75
29,Zprime_4000GeV_045,0.821748538699,4000.0,0.45
