,name,auc,mass,nu
0,Zprime_1500GeV_075,0.766871851129,1500.0,0.75
1,Zprime_1500GeV_015,0.84918754159,1500.0,0.15
2,Zprime_3000GeV_060,0.78173387571,3000.0,0.6
3,Zprime_1500GeV_030,0.836843933533,1500.0,0.3
4,Zprime_3000GeV_045,0.81577676129,3000.0,0.45
5,Zprime_2000GeV_045,0.819013030852,2000.0,0.45
6,Zprime_2500GeV_015,0.85849646575,2500.0,0.15
7,Zprime_3500GeV_060,0.781097257419,3500.0,0.6
8,Zprime_2500GeV_045,0.814539256274,2500.0,0.45
9,Zprime_2000GeV_075,0.763714981545,2000.0,0.75
10,Zprime_2500GeV_060,0.784880684658,2500.0,0.6
11,Zprime_4000GeV_075,0.73543748277,4000.0,0.75
12,Zprime_4000GeV_030,0.846709654102,4000.0,0.3
13,Zprime_4000GeV_015,0.861130898666,4000.0,0.15
14,Zprime_3000GeV_030,0.839028755663,3000.0,0.3
15,Zprime_1500GeV_045,0.814538315597,1500.0,0.45
16,Zprime_3000GeV_075,0.746646054235,3000.0,0.75
17,Zprime_1500GeV_060,0.796136184472,1500.0,0.6
18,Zprime_3000GeV_015,0.861221273102,3000.0,0.15
19,Zprime_3500GeV_015,0.862067717657,3500.0,0.15
20,Zprime_3500GeV_030,0.844519783394,3500.0,0.3
21,Zprime_2000GeV_030,0.841516595037,2000.0,0.3
22,Zprime_2000GeV_015,0.85743904255,2000.0,0.15
23,Zprime_3500GeV_075,0.740616712123,3500.0,0.75
24,Zprime_3500GeV_045,0.814049789551,3500.0,0.45
25,Zprime_2500GeV_030,0.839690633965,2500.0,0.3
26,Zprime_2000GeV_060,0.791368477155,2000.0,0.6
27,Zprime_4000GeV_060,0.783820490605,4000.0,0.6
28,Zprime_2500GeV_075,0.749990069707,2500.0,0.75
29,Zprime_4000GeV_045,0.815894216055,4000.0,0.45
