,name,auc,mass,nu
0,Zprime_1500GeV_075,0.796842447741,1500.0,0.75
1,Zprime_1500GeV_015,0.871217452482,1500.0,0.15
2,Zprime_3000GeV_060,0.804384063516,3000.0,0.6
3,Zprime_1500GeV_030,0.859148668314,1500.0,0.3
4,Zprime_3000GeV_045,0.835427587867,3000.0,0.45
5,Zprime_2000GeV_045,0.839074593971,2000.0,0.45
6,Zprime_2500GeV_015,0.873679212137,2500.0,0.15
7,Zprime_3500GeV_060,0.80371958374,3500.0,0.6
8,Zprime_2500GeV_045,0.835937728027,2500.0,0.45
9,Zprime_2000GeV_075,0.792551064823,2000.0,0.75
10,Zprime_2500GeV_060,0.808164514458,2500.0,0.6
11,Zprime_4000GeV_075,0.761783176353,4000.0,0.75
12,Zprime_4000GeV_030,0.865261636176,4000.0,0.3
13,Zprime_4000GeV_015,0.879644509516,4000.0,0.15
14,Zprime_3000GeV_030,0.857676109849,3000.0,0.3
15,Zprime_1500GeV_045,0.839139868998,1500.0,0.45
16,Zprime_3000GeV_075,0.772188913494,3000.0,0.75
17,Zprime_1500GeV_060,0.825104606726,1500.0,0.6
18,Zprime_3000GeV_015,0.877343646612,3000.0,0.15
19,Zprime_3500GeV_015,0.878237849968,3500.0,0.15
20,Zprime_3500GeV_030,0.862737788634,3500.0,0.3
21,Zprime_2000GeV_030,0.859876264625,2000.0,0.3
22,Zprime_2000GeV_015,0.872994411738,2000.0,0.15
23,Zprime_3500GeV_075,0.766438658698,3500.0,0.75
24,Zprime_3500GeV_045,0.834302449756,3500.0,0.45
25,Zprime_2500GeV_030,0.856876334201,2500.0,0.3
26,Zprime_2000GeV_060,0.816059248818,2000.0,0.6
27,Zprime_4000GeV_060,0.805726136584,4000.0,0.6
28,Zprime_2500GeV_075,0.779598692998,2500.0,0.75
29,Zprime_4000GeV_045,0.836448499916,4000.0,0.45
