,name,auc,mass,nu
0,Zprime_1500GeV_075,0.755519558772,1500.0,0.75
1,Zprime_1500GeV_015,0.840381561946,1500.0,0.15
2,Zprime_3000GeV_060,0.773091333814,3000.0,0.6
3,Zprime_1500GeV_030,0.829086652685,1500.0,0.3
4,Zprime_3000GeV_045,0.803871796528,3000.0,0.45
5,Zprime_2000GeV_045,0.810340227672,2000.0,0.45
6,Zprime_2500GeV_015,0.847245789472,2500.0,0.15
7,Zprime_3500GeV_060,0.772700507312,3500.0,0.6
8,Zprime_2500GeV_045,0.806056595874,2500.0,0.45
9,Zprime_2000GeV_075,0.755272246448,2000.0,0.75
10,Zprime_2500GeV_060,0.778667956035,2500.0,0.6
11,Zprime_4000GeV_075,0.734396803698,4000.0,0.75
12,Zprime_4000GeV_030,0.836130176475,4000.0,0.3
13,Zprime_4000GeV_015,0.852886298977,4000.0,0.15
14,Zprime_3000GeV_030,0.827384836608,3000.0,0.3
15,Zprime_1500GeV_045,0.803648930445,1500.0,0.45
16,Zprime_3000GeV_075,0.738777523531,3000.0,0.75
17,Zprime_1500GeV_060,0.786560303558,1500.0,0.6
18,Zprime_3000GeV_015,0.848481171103,3000.0,0.15
19,Zprime_3500GeV_015,0.847839692195,3500.0,0.15
20,Zprime_3500GeV_030,0.831952706745,3500.0,0.3
21,Zprime_2000GeV_030,0.832641351995,2000.0,0.3
22,Zprime_2000GeV_015,0.847970477702,2000.0,0.15
23,Zprime_3500GeV_075,0.737010560265,3500.0,0.75
24,Zprime_3500GeV_045,0.803546252093,3500.0,0.45
25,Zprime_2500GeV_030,0.829386562637,2500.0,0.3
26,Zprime_2000GeV_060,0.781883563109,2000.0,0.6
27,Zprime_4000GeV_060,0.775492574145,4000.0,0.6
28,Zprime_2500GeV_075,0.742041281835,2500.0,0.75
29,Zprime_4000GeV_045,0.806515038147,4000.0,0.45
