,name,auc,mass,nu
0,Zprime_1500GeV_075,0.74822983024,1500.0,0.75
1,Zprime_1500GeV_015,0.833860810784,1500.0,0.15
2,Zprime_3000GeV_060,0.768932728125,3000.0,0.6
3,Zprime_1500GeV_030,0.818895647375,1500.0,0.3
4,Zprime_3000GeV_045,0.797888756006,3000.0,0.45
5,Zprime_2000GeV_045,0.814198083985,2000.0,0.45
6,Zprime_2500GeV_015,0.842486123983,2500.0,0.15
7,Zprime_3500GeV_060,0.764614010567,3500.0,0.6
8,Zprime_2500GeV_045,0.803753122021,2500.0,0.45
9,Zprime_2000GeV_075,0.759169295084,2000.0,0.75
10,Zprime_2500GeV_060,0.775638944283,2500.0,0.6
11,Zprime_4000GeV_075,0.725826745534,4000.0,0.75
12,Zprime_4000GeV_030,0.828326285806,4000.0,0.3
13,Zprime_4000GeV_015,0.847911328426,4000.0,0.15
14,Zprime_3000GeV_030,0.819838673628,3000.0,0.3
15,Zprime_1500GeV_045,0.798486661374,1500.0,0.45
16,Zprime_3000GeV_075,0.738523810452,3000.0,0.75
17,Zprime_1500GeV_060,0.778237405021,1500.0,0.6
18,Zprime_3000GeV_015,0.841036213222,3000.0,0.15
19,Zprime_3500GeV_015,0.844423920471,3500.0,0.15
20,Zprime_3500GeV_030,0.824579198718,3500.0,0.3
21,Zprime_2000GeV_030,0.83387858327,2000.0,0.3
22,Zprime_2000GeV_015,0.849384880856,2000.0,0.15
23,Zprime_3500GeV_075,0.731371542316,3500.0,0.75
24,Zprime_3500GeV_045,0.797083962754,3500.0,0.45
25,Zprime_2500GeV_030,0.824784304963,2500.0,0.3
26,Zprime_2000GeV_060,0.786423534028,2000.0,0.6
27,Zprime_4000GeV_060,0.765777295882,4000.0,0.6
28,Zprime_2500GeV_075,0.743074116225,2500.0,0.75
29,Zprime_4000GeV_045,0.799070175375,4000.0,0.45
