,name,auc,mass,nu
0,Zprime_1500GeV_075,0.806935405523,1500.0,0.75
1,Zprime_1500GeV_015,0.875885771664,1500.0,0.15
2,Zprime_3000GeV_060,0.819708923998,3000.0,0.6
3,Zprime_1500GeV_030,0.86479176165,1500.0,0.3
4,Zprime_3000GeV_045,0.84820422702,3000.0,0.45
5,Zprime_2000GeV_045,0.858740951409,2000.0,0.45
6,Zprime_2500GeV_015,0.888455879673,2500.0,0.15
7,Zprime_3500GeV_060,0.815033201126,3500.0,0.6
8,Zprime_2500GeV_045,0.852202884421,2500.0,0.45
9,Zprime_2000GeV_075,0.805609140329,2000.0,0.75
10,Zprime_2500GeV_060,0.825848038969,2500.0,0.6
11,Zprime_4000GeV_075,0.777532247171,4000.0,0.75
12,Zprime_4000GeV_030,0.869837472099,4000.0,0.3
13,Zprime_4000GeV_015,0.883310884319,4000.0,0.15
14,Zprime_3000GeV_030,0.867855060412,3000.0,0.3
15,Zprime_1500GeV_045,0.847177879685,1500.0,0.45
16,Zprime_3000GeV_075,0.789032448802,3000.0,0.75
17,Zprime_1500GeV_060,0.827376641399,1500.0,0.6
18,Zprime_3000GeV_015,0.885380054318,3000.0,0.15
19,Zprime_3500GeV_015,0.883343625676,3500.0,0.15
20,Zprime_3500GeV_030,0.869167313736,3500.0,0.3
21,Zprime_2000GeV_030,0.87834098454,2000.0,0.3
22,Zprime_2000GeV_015,0.893209498372,2000.0,0.15
23,Zprime_3500GeV_075,0.784088848186,3500.0,0.75
24,Zprime_3500GeV_045,0.846125148436,3500.0,0.45
25,Zprime_2500GeV_030,0.872030633879,2500.0,0.3
26,Zprime_2000GeV_060,0.831723035945,2000.0,0.6
27,Zprime_4000GeV_060,0.8149768003,4000.0,0.6
28,Zprime_2500GeV_075,0.792993702024,2500.0,0.75
29,Zprime_4000GeV_045,0.844435031726,4000.0,0.45
