,name,auc,mass,nu
0,Zprime_1500GeV_075,0.800410891014,1500.0,0.75
1,Zprime_1500GeV_015,0.871338753511,1500.0,0.15
2,Zprime_3000GeV_060,0.80246250843,3000.0,0.6
3,Zprime_1500GeV_030,0.861814823852,1500.0,0.3
4,Zprime_3000GeV_045,0.830726953608,3000.0,0.45
5,Zprime_2000GeV_045,0.84235254481,2000.0,0.45
6,Zprime_2500GeV_015,0.871441214324,2500.0,0.15
7,Zprime_3500GeV_060,0.799152112539,3500.0,0.6
8,Zprime_2500GeV_045,0.835073082025,2500.0,0.45
9,Zprime_2000GeV_075,0.797000842808,2000.0,0.75
10,Zprime_2500GeV_060,0.808679943932,2500.0,0.6
11,Zprime_4000GeV_075,0.757294879553,4000.0,0.75
12,Zprime_4000GeV_030,0.849198021465,4000.0,0.3
13,Zprime_4000GeV_015,0.862150967244,4000.0,0.15
14,Zprime_3000GeV_030,0.850431791766,3000.0,0.3
15,Zprime_1500GeV_045,0.842040394873,1500.0,0.45
16,Zprime_3000GeV_075,0.772266496712,3000.0,0.75
17,Zprime_1500GeV_060,0.827946282488,1500.0,0.6
18,Zprime_3000GeV_015,0.867914318872,3000.0,0.15
19,Zprime_3500GeV_015,0.863006449285,3500.0,0.15
20,Zprime_3500GeV_030,0.848897141612,3500.0,0.3
21,Zprime_2000GeV_030,0.862935323837,2000.0,0.3
22,Zprime_2000GeV_015,0.874900367553,2000.0,0.15
23,Zprime_3500GeV_075,0.764258776143,3500.0,0.75
24,Zprime_3500GeV_045,0.825230313036,3500.0,0.45
25,Zprime_2500GeV_030,0.855218351415,2500.0,0.3
26,Zprime_2000GeV_060,0.819715832321,2000.0,0.6
27,Zprime_4000GeV_060,0.798159237112,4000.0,0.6
28,Zprime_2500GeV_075,0.780594768178,2500.0,0.75
29,Zprime_4000GeV_045,0.824673321236,4000.0,0.45
