,name,auc,mass,nu
0,Zprime_1500GeV_075,0.800450296509,1500.0,0.75
1,Zprime_1500GeV_015,0.875162239253,1500.0,0.15
2,Zprime_3000GeV_060,0.808081133798,3000.0,0.6
3,Zprime_1500GeV_030,0.863023236943,1500.0,0.3
4,Zprime_3000GeV_045,0.839204001185,3000.0,0.45
5,Zprime_2000GeV_045,0.843291618042,2000.0,0.45
6,Zprime_2500GeV_015,0.880682313017,2500.0,0.15
7,Zprime_3500GeV_060,0.806198470287,3500.0,0.6
8,Zprime_2500GeV_045,0.840572263726,2500.0,0.45
9,Zprime_2000GeV_075,0.79543996248,2000.0,0.75
10,Zprime_2500GeV_060,0.811757040478,2500.0,0.6
11,Zprime_4000GeV_075,0.762078882214,4000.0,0.75
12,Zprime_4000GeV_030,0.866736738958,4000.0,0.3
13,Zprime_4000GeV_015,0.879899657111,4000.0,0.15
14,Zprime_3000GeV_030,0.862042607116,3000.0,0.3
15,Zprime_1500GeV_045,0.843883996251,1500.0,0.45
16,Zprime_3000GeV_075,0.77462943592,3000.0,0.75
17,Zprime_1500GeV_060,0.829136191624,1500.0,0.6
18,Zprime_3000GeV_015,0.881514124319,3000.0,0.15
19,Zprime_3500GeV_015,0.880685455555,3500.0,0.15
20,Zprime_3500GeV_030,0.865873781995,3500.0,0.3
21,Zprime_2000GeV_030,0.864314624625,2000.0,0.3
22,Zprime_2000GeV_015,0.878622522835,2000.0,0.15
23,Zprime_3500GeV_075,0.767908175705,3500.0,0.75
24,Zprime_3500GeV_045,0.836524117817,3500.0,0.45
25,Zprime_2500GeV_030,0.862686018794,2500.0,0.3
26,Zprime_2000GeV_060,0.819589087074,2000.0,0.6
27,Zprime_4000GeV_060,0.806307174104,4000.0,0.6
28,Zprime_2500GeV_075,0.781465547714,2500.0,0.75
29,Zprime_4000GeV_045,0.838372688762,4000.0,0.45
