,name,auc,mass,nu
0,Zprime_1500GeV_075,0.725480064748,1500.0,0.75
1,Zprime_1500GeV_015,0.826299534785,1500.0,0.15
2,Zprime_3000GeV_060,0.754257604375,3000.0,0.6
3,Zprime_1500GeV_030,0.80898160383,1500.0,0.3
4,Zprime_3000GeV_045,0.787570634529,3000.0,0.45
5,Zprime_2000GeV_045,0.790353095064,2000.0,0.45
6,Zprime_2500GeV_015,0.831042905924,2500.0,0.15
7,Zprime_3500GeV_060,0.755425327766,3500.0,0.6
8,Zprime_2500GeV_045,0.78778048091,2500.0,0.45
9,Zprime_2000GeV_075,0.730742500068,2000.0,0.75
10,Zprime_2500GeV_060,0.756410374995,2500.0,0.6
11,Zprime_4000GeV_075,0.712424147195,4000.0,0.75
12,Zprime_4000GeV_030,0.819504405695,4000.0,0.3
13,Zprime_4000GeV_015,0.836537576915,4000.0,0.15
14,Zprime_3000GeV_030,0.809370412016,3000.0,0.3
15,Zprime_1500GeV_045,0.783096529594,1500.0,0.45
16,Zprime_3000GeV_075,0.718600100586,3000.0,0.75
17,Zprime_1500GeV_060,0.763066333381,1500.0,0.6
18,Zprime_3000GeV_015,0.832310248403,3000.0,0.15
19,Zprime_3500GeV_015,0.830942665032,3500.0,0.15
20,Zprime_3500GeV_030,0.815751851323,3500.0,0.3
21,Zprime_2000GeV_030,0.815627747301,2000.0,0.3
22,Zprime_2000GeV_015,0.833124045004,2000.0,0.15
23,Zprime_3500GeV_075,0.715745494199,3500.0,0.75
24,Zprime_3500GeV_045,0.785676828682,3500.0,0.45
25,Zprime_2500GeV_030,0.813113794555,2500.0,0.3
26,Zprime_2000GeV_060,0.760290487844,2000.0,0.6
27,Zprime_4000GeV_060,0.758317253764,4000.0,0.6
28,Zprime_2500GeV_075,0.718268023575,2500.0,0.75
29,Zprime_4000GeV_045,0.788922428045,4000.0,0.45
