,name,auc,mass,nu
0,Zprime_1500GeV_075,0.791775351537,1500.0,0.75
1,Zprime_1500GeV_015,0.863495753602,1500.0,0.15
2,Zprime_3000GeV_060,0.797060842013,3000.0,0.6
3,Zprime_1500GeV_030,0.849678510201,1500.0,0.3
4,Zprime_3000GeV_045,0.826983607512,3000.0,0.45
5,Zprime_2000GeV_045,0.832873711541,2000.0,0.45
6,Zprime_2500GeV_015,0.865042323669,2500.0,0.15
7,Zprime_3500GeV_060,0.79516301448,3500.0,0.6
8,Zprime_2500GeV_045,0.828263529794,2500.0,0.45
9,Zprime_2000GeV_075,0.786710854868,2000.0,0.75
10,Zprime_2500GeV_060,0.801645837258,2500.0,0.6
11,Zprime_4000GeV_075,0.754109844265,4000.0,0.75
12,Zprime_4000GeV_030,0.853637715194,4000.0,0.3
13,Zprime_4000GeV_015,0.867903443417,4000.0,0.15
14,Zprime_3000GeV_030,0.848313875286,3000.0,0.3
15,Zprime_1500GeV_045,0.832890024198,1500.0,0.45
16,Zprime_3000GeV_075,0.766218267474,3000.0,0.75
17,Zprime_1500GeV_060,0.816690211103,1500.0,0.6
18,Zprime_3000GeV_015,0.867135172479,3000.0,0.15
19,Zprime_3500GeV_015,0.866666366973,3500.0,0.15
20,Zprime_3500GeV_030,0.851159233415,3500.0,0.3
21,Zprime_2000GeV_030,0.852852244632,2000.0,0.3
22,Zprime_2000GeV_015,0.865470704052,2000.0,0.15
23,Zprime_3500GeV_075,0.758562495299,3500.0,0.75
24,Zprime_3500GeV_045,0.823880276609,3500.0,0.45
25,Zprime_2500GeV_030,0.849112514931,2500.0,0.3
26,Zprime_2000GeV_060,0.80968566557,2000.0,0.6
27,Zprime_4000GeV_060,0.796147516768,4000.0,0.6
28,Zprime_2500GeV_075,0.773896659861,2500.0,0.75
29,Zprime_4000GeV_045,0.825930121878,4000.0,0.45
