,name,auc,mass,nu
0,Zprime_1500GeV_075,0.753911540257,1500.0,0.75
1,Zprime_1500GeV_015,0.842745386946,1500.0,0.15
2,Zprime_3000GeV_060,0.775652948824,3000.0,0.6
3,Zprime_1500GeV_030,0.828334377946,1500.0,0.3
4,Zprime_3000GeV_045,0.808597784802,3000.0,0.45
5,Zprime_2000GeV_045,0.807354652081,2000.0,0.45
6,Zprime_2500GeV_015,0.847736348616,2500.0,0.15
7,Zprime_3500GeV_060,0.779515561684,3500.0,0.6
8,Zprime_2500GeV_045,0.803519594908,2500.0,0.45
9,Zprime_2000GeV_075,0.753055744436,2000.0,0.75
10,Zprime_2500GeV_060,0.773686684406,2500.0,0.6
11,Zprime_4000GeV_075,0.738397786492,4000.0,0.75
12,Zprime_4000GeV_030,0.84955941455,4000.0,0.3
13,Zprime_4000GeV_015,0.868686026601,4000.0,0.15
14,Zprime_3000GeV_030,0.834280776512,3000.0,0.3
15,Zprime_1500GeV_045,0.802029307106,1500.0,0.45
16,Zprime_3000GeV_075,0.740769758114,3000.0,0.75
17,Zprime_1500GeV_060,0.783010490861,1500.0,0.6
18,Zprime_3000GeV_015,0.857774552429,3000.0,0.15
19,Zprime_3500GeV_015,0.863368503759,3500.0,0.15
20,Zprime_3500GeV_030,0.843952995309,3500.0,0.3
21,Zprime_2000GeV_030,0.828967782047,2000.0,0.3
22,Zprime_2000GeV_015,0.843959347211,2000.0,0.15
23,Zprime_3500GeV_075,0.738620329902,3500.0,0.75
24,Zprime_3500GeV_045,0.813027206858,3500.0,0.45
25,Zprime_2500GeV_030,0.828802008107,2500.0,0.3
26,Zprime_2000GeV_060,0.780267517091,2000.0,0.6
27,Zprime_4000GeV_060,0.783475141744,4000.0,0.6
28,Zprime_2500GeV_075,0.738980571837,2500.0,0.75
29,Zprime_4000GeV_045,0.817165301909,4000.0,0.45
