,name,auc,mass,nu
0,Zprime_1500GeV_075,0.810572296656,1500.0,0.75
1,Zprime_1500GeV_015,0.880591281155,1500.0,0.15
2,Zprime_3000GeV_060,0.817360523103,3000.0,0.6
3,Zprime_1500GeV_030,0.871175475259,1500.0,0.3
4,Zprime_3000GeV_045,0.846876982362,3000.0,0.45
5,Zprime_2000GeV_045,0.854101092666,2000.0,0.45
6,Zprime_2500GeV_015,0.884086523456,2500.0,0.15
7,Zprime_3500GeV_060,0.815993845023,3500.0,0.6
8,Zprime_2500GeV_045,0.84828088198,2500.0,0.45
9,Zprime_2000GeV_075,0.808062829114,2000.0,0.75
10,Zprime_2500GeV_060,0.823550588984,2500.0,0.6
11,Zprime_4000GeV_075,0.777237564782,4000.0,0.75
12,Zprime_4000GeV_030,0.873668977983,4000.0,0.3
13,Zprime_4000GeV_015,0.888113964994,4000.0,0.15
14,Zprime_3000GeV_030,0.867525745011,3000.0,0.3
15,Zprime_1500GeV_045,0.854112362003,1500.0,0.45
16,Zprime_3000GeV_075,0.788495445396,3000.0,0.75
17,Zprime_1500GeV_060,0.837681912605,1500.0,0.6
18,Zprime_3000GeV_015,0.885205316757,3000.0,0.15
19,Zprime_3500GeV_015,0.885864363596,3500.0,0.15
20,Zprime_3500GeV_030,0.869826753707,3500.0,0.3
21,Zprime_2000GeV_030,0.873053978744,2000.0,0.3
22,Zprime_2000GeV_015,0.885149124828,2000.0,0.15
23,Zprime_3500GeV_075,0.7827743848,3500.0,0.75
24,Zprime_3500GeV_045,0.846197429728,3500.0,0.45
25,Zprime_2500GeV_030,0.868094637686,2500.0,0.3
26,Zprime_2000GeV_060,0.831243891117,2000.0,0.6
27,Zprime_4000GeV_060,0.816937693585,4000.0,0.6
28,Zprime_2500GeV_075,0.795446516532,2500.0,0.75
29,Zprime_4000GeV_045,0.846389971348,4000.0,0.45
