,name,auc,mass,nu
0,Zprime_1500GeV_075,0.768060747271,1500.0,0.75
1,Zprime_1500GeV_015,0.852077971156,1500.0,0.15
2,Zprime_3000GeV_060,0.805072847679,3000.0,0.6
3,Zprime_1500GeV_030,0.835486836824,1500.0,0.3
4,Zprime_3000GeV_045,0.837400918257,3000.0,0.45
5,Zprime_2000GeV_045,0.836131002646,2000.0,0.45
6,Zprime_2500GeV_015,0.876585391784,2500.0,0.15
7,Zprime_3500GeV_060,0.804235039971,3500.0,0.6
8,Zprime_2500GeV_045,0.834749626165,2500.0,0.45
9,Zprime_2000GeV_075,0.771005457387,2000.0,0.75
10,Zprime_2500GeV_060,0.802193140608,2500.0,0.6
11,Zprime_4000GeV_075,0.757883610686,4000.0,0.75
12,Zprime_4000GeV_030,0.871347169614,4000.0,0.3
13,Zprime_4000GeV_015,0.885549467864,4000.0,0.15
14,Zprime_3000GeV_030,0.860924317333,3000.0,0.3
15,Zprime_1500GeV_045,0.813093237416,1500.0,0.45
16,Zprime_3000GeV_075,0.764308014041,3000.0,0.75
17,Zprime_1500GeV_060,0.791160986811,1500.0,0.6
18,Zprime_3000GeV_015,0.880999753691,3000.0,0.15
19,Zprime_3500GeV_015,0.88412091218,3500.0,0.15
20,Zprime_3500GeV_030,0.867441922751,3500.0,0.3
21,Zprime_2000GeV_030,0.857290246114,2000.0,0.3
22,Zprime_2000GeV_015,0.873251080674,2000.0,0.15
23,Zprime_3500GeV_075,0.763408442759,3500.0,0.75
24,Zprime_3500GeV_045,0.840745892876,3500.0,0.45
25,Zprime_2500GeV_030,0.858098448628,2500.0,0.3
26,Zprime_2000GeV_060,0.805365755678,2000.0,0.6
27,Zprime_4000GeV_060,0.806451849209,4000.0,0.6
28,Zprime_2500GeV_075,0.763779568916,2500.0,0.75
29,Zprime_4000GeV_045,0.84118198106,4000.0,0.45
