,name,auc,mass,nu
0,Zprime_1500GeV_075,0.797294098364,1500.0,0.75
1,Zprime_1500GeV_015,0.865359304406,1500.0,0.15
2,Zprime_3000GeV_060,0.817645651561,3000.0,0.6
3,Zprime_1500GeV_030,0.853202572344,1500.0,0.3
4,Zprime_3000GeV_045,0.845597089947,3000.0,0.45
5,Zprime_2000GeV_045,0.84730670751,2000.0,0.45
6,Zprime_2500GeV_015,0.879808703207,2500.0,0.15
7,Zprime_3500GeV_060,0.81561326434,3500.0,0.6
8,Zprime_2500GeV_045,0.844582541047,2500.0,0.45
9,Zprime_2000GeV_075,0.798576591267,2000.0,0.75
10,Zprime_2500GeV_060,0.818785781504,2500.0,0.6
11,Zprime_4000GeV_075,0.779199247126,4000.0,0.75
12,Zprime_4000GeV_030,0.878914418363,4000.0,0.3
13,Zprime_4000GeV_015,0.894166661551,4000.0,0.15
14,Zprime_3000GeV_030,0.8674287196,3000.0,0.3
15,Zprime_1500GeV_045,0.834051569894,1500.0,0.45
16,Zprime_3000GeV_075,0.785916679898,3000.0,0.75
17,Zprime_1500GeV_060,0.819738431288,1500.0,0.6
18,Zprime_3000GeV_015,0.886403324978,3000.0,0.15
19,Zprime_3500GeV_015,0.8921688528,3500.0,0.15
20,Zprime_3500GeV_030,0.874053051109,3500.0,0.3
21,Zprime_2000GeV_030,0.865966066925,2000.0,0.3
22,Zprime_2000GeV_015,0.87739552686,2000.0,0.15
23,Zprime_3500GeV_075,0.782386149106,3500.0,0.75
24,Zprime_3500GeV_045,0.848471776811,3500.0,0.45
25,Zprime_2500GeV_030,0.863260497859,2500.0,0.3
26,Zprime_2000GeV_060,0.822323842623,2000.0,0.6
27,Zprime_4000GeV_060,0.819243708878,4000.0,0.6
28,Zprime_2500GeV_075,0.790593978456,2500.0,0.75
29,Zprime_4000GeV_045,0.852075357089,4000.0,0.45
