,name,auc,mass,nu
0,Zprime_1500GeV_075,0.78777397856,1500.0,0.75
1,Zprime_1500GeV_015,0.863278303332,1500.0,0.15
2,Zprime_3000GeV_060,0.808399916597,3000.0,0.6
3,Zprime_1500GeV_030,0.850225226302,1500.0,0.3
4,Zprime_3000GeV_045,0.836535673456,3000.0,0.45
5,Zprime_2000GeV_045,0.846551694036,2000.0,0.45
6,Zprime_2500GeV_015,0.876922574316,2500.0,0.15
7,Zprime_3500GeV_060,0.804081498575,3500.0,0.6
8,Zprime_2500GeV_045,0.839271143809,2500.0,0.45
9,Zprime_2000GeV_075,0.792775585177,2000.0,0.75
10,Zprime_2500GeV_060,0.811568536248,2500.0,0.6
11,Zprime_4000GeV_075,0.765081875907,4000.0,0.75
12,Zprime_4000GeV_030,0.863078275797,4000.0,0.3
13,Zprime_4000GeV_015,0.878180716563,4000.0,0.15
14,Zprime_3000GeV_030,0.857779606669,3000.0,0.3
15,Zprime_1500GeV_045,0.829431607422,1500.0,0.45
16,Zprime_3000GeV_075,0.777671473621,3000.0,0.75
17,Zprime_1500GeV_060,0.813300720788,1500.0,0.6
18,Zprime_3000GeV_015,0.878354391019,3000.0,0.15
19,Zprime_3500GeV_015,0.876512403444,3500.0,0.15
20,Zprime_3500GeV_030,0.861383772528,3500.0,0.3
21,Zprime_2000GeV_030,0.864682179445,2000.0,0.3
22,Zprime_2000GeV_015,0.879881130043,2000.0,0.15
23,Zprime_3500GeV_075,0.773463328232,3500.0,0.75
24,Zprime_3500GeV_045,0.834710004137,3500.0,0.45
25,Zprime_2500GeV_030,0.859588803262,2500.0,0.3
26,Zprime_2000GeV_060,0.819399821753,2000.0,0.6
27,Zprime_4000GeV_060,0.804727788221,4000.0,0.6
28,Zprime_2500GeV_075,0.781426935713,2500.0,0.75
29,Zprime_4000GeV_045,0.834964850416,4000.0,0.45
