,name,auc,mass,nu
0,Zprime_1500GeV_075,0.794426585742,1500.0,0.75
1,Zprime_1500GeV_015,0.869803826266,1500.0,0.15
2,Zprime_3000GeV_060,0.799755649363,3000.0,0.6
3,Zprime_1500GeV_030,0.857382133692,1500.0,0.3
4,Zprime_3000GeV_045,0.83002226244,3000.0,0.45
5,Zprime_2000GeV_045,0.836595447033,2000.0,0.45
6,Zprime_2500GeV_015,0.869913553801,2500.0,0.15
7,Zprime_3500GeV_060,0.797989375956,3500.0,0.6
8,Zprime_2500GeV_045,0.831832558742,2500.0,0.45
9,Zprime_2000GeV_075,0.790463243869,2000.0,0.75
10,Zprime_2500GeV_060,0.803937706656,2500.0,0.6
11,Zprime_4000GeV_075,0.757031956766,4000.0,0.75
12,Zprime_4000GeV_030,0.857332234704,4000.0,0.3
13,Zprime_4000GeV_015,0.871942045178,4000.0,0.15
14,Zprime_3000GeV_030,0.852308553645,3000.0,0.3
15,Zprime_1500GeV_045,0.837669764503,1500.0,0.45
16,Zprime_3000GeV_075,0.768352911351,3000.0,0.75
17,Zprime_1500GeV_060,0.823163073887,1500.0,0.6
18,Zprime_3000GeV_015,0.870468244444,3000.0,0.15
19,Zprime_3500GeV_015,0.870492575888,3500.0,0.15
20,Zprime_3500GeV_030,0.854652275225,3500.0,0.3
21,Zprime_2000GeV_030,0.857396638717,2000.0,0.3
22,Zprime_2000GeV_015,0.870627220272,2000.0,0.15
23,Zprime_3500GeV_075,0.761153518263,3500.0,0.75
24,Zprime_3500GeV_045,0.827262071043,3500.0,0.45
25,Zprime_2500GeV_030,0.853008211177,2500.0,0.3
26,Zprime_2000GeV_060,0.813640922273,2000.0,0.6
27,Zprime_4000GeV_060,0.798451935013,4000.0,0.6
28,Zprime_2500GeV_075,0.776491052078,2500.0,0.75
29,Zprime_4000GeV_045,0.828875482235,4000.0,0.45
