,name,auc,mass,nu
0,Zprime_1500GeV_075,0.72037664058,1500.0,0.75
1,Zprime_1500GeV_015,0.807395017441,1500.0,0.15
2,Zprime_3000GeV_060,0.750740444135,3000.0,0.6
3,Zprime_1500GeV_030,0.796524661235,1500.0,0.3
4,Zprime_3000GeV_045,0.788327407955,3000.0,0.45
5,Zprime_2000GeV_045,0.772476747119,2000.0,0.45
6,Zprime_2500GeV_015,0.830238358159,2500.0,0.15
7,Zprime_3500GeV_060,0.756809799945,3500.0,0.6
8,Zprime_2500GeV_045,0.779419582085,2500.0,0.45
9,Zprime_2000GeV_075,0.711842502455,2000.0,0.75
10,Zprime_2500GeV_060,0.744847628237,2500.0,0.6
11,Zprime_4000GeV_075,0.712441994351,4000.0,0.75
12,Zprime_4000GeV_030,0.835167827604,4000.0,0.3
13,Zprime_4000GeV_015,0.8541260633,4000.0,0.15
14,Zprime_3000GeV_030,0.817519456939,3000.0,0.3
15,Zprime_1500GeV_045,0.769199893739,1500.0,0.45
16,Zprime_3000GeV_075,0.70846641204,3000.0,0.75
17,Zprime_1500GeV_060,0.756452398052,1500.0,0.6
18,Zprime_3000GeV_015,0.843537860141,3000.0,0.15
19,Zprime_3500GeV_015,0.849201272106,3500.0,0.15
20,Zprime_3500GeV_030,0.828963333343,3500.0,0.3
21,Zprime_2000GeV_030,0.797826430454,2000.0,0.3
22,Zprime_2000GeV_015,0.816704878616,2000.0,0.15
23,Zprime_3500GeV_075,0.712188312342,3500.0,0.75
24,Zprime_3500GeV_045,0.793892592326,3500.0,0.45
25,Zprime_2500GeV_030,0.807491010988,2500.0,0.3
26,Zprime_2000GeV_060,0.742259919264,2000.0,0.6
27,Zprime_4000GeV_060,0.763505050739,4000.0,0.6
28,Zprime_2500GeV_075,0.703933960149,2500.0,0.75
29,Zprime_4000GeV_045,0.800031502839,4000.0,0.45
