,name,auc,mass,nu
0,Zprime_1500GeV_075,0.78915887379,1500.0,0.75
1,Zprime_1500GeV_015,0.859918083499,1500.0,0.15
2,Zprime_3000GeV_060,0.812846791695,3000.0,0.6
3,Zprime_1500GeV_030,0.84732849334,1500.0,0.3
4,Zprime_3000GeV_045,0.840511992251,3000.0,0.45
5,Zprime_2000GeV_045,0.84448948974,2000.0,0.45
6,Zprime_2500GeV_015,0.877568852966,2500.0,0.15
7,Zprime_3500GeV_060,0.810439682032,3500.0,0.6
8,Zprime_2500GeV_045,0.840464432429,2500.0,0.45
9,Zprime_2000GeV_075,0.794870576562,2000.0,0.75
10,Zprime_2500GeV_060,0.813342888862,2500.0,0.6
11,Zprime_4000GeV_075,0.771685507151,4000.0,0.75
12,Zprime_4000GeV_030,0.873228891619,4000.0,0.3
13,Zprime_4000GeV_015,0.888187385621,4000.0,0.15
14,Zprime_3000GeV_030,0.862526482356,3000.0,0.3
15,Zprime_1500GeV_045,0.827210136853,1500.0,0.45
16,Zprime_3000GeV_075,0.780708025609,3000.0,0.75
17,Zprime_1500GeV_060,0.81303208303,1500.0,0.6
18,Zprime_3000GeV_015,0.882652039927,3000.0,0.15
19,Zprime_3500GeV_015,0.885199194103,3500.0,0.15
20,Zprime_3500GeV_030,0.869011409138,3500.0,0.3
21,Zprime_2000GeV_030,0.862201995044,2000.0,0.3
22,Zprime_2000GeV_015,0.876430163568,2000.0,0.15
23,Zprime_3500GeV_075,0.778072743476,3500.0,0.75
24,Zprime_3500GeV_045,0.84236602978,3500.0,0.45
25,Zprime_2500GeV_030,0.86069638138,2500.0,0.3
26,Zprime_2000GeV_060,0.818490127157,2000.0,0.6
27,Zprime_4000GeV_060,0.812915338542,4000.0,0.6
28,Zprime_2500GeV_075,0.784153470057,2500.0,0.75
29,Zprime_4000GeV_045,0.844706695638,4000.0,0.45
