,name,auc,mass,nu
0,Zprime_1500GeV_075,0.792232803633,1500.0,0.75
1,Zprime_1500GeV_015,0.864068842165,1500.0,0.15
2,Zprime_3000GeV_060,0.80852031183,3000.0,0.6
3,Zprime_1500GeV_030,0.851031262777,1500.0,0.3
4,Zprime_3000GeV_045,0.831735284538,3000.0,0.45
5,Zprime_2000GeV_045,0.843882318501,2000.0,0.45
6,Zprime_2500GeV_015,0.865948313561,2500.0,0.15
7,Zprime_3500GeV_060,0.803924786608,3500.0,0.6
8,Zprime_2500GeV_045,0.835047517123,2500.0,0.45
9,Zprime_2000GeV_075,0.796263765322,2000.0,0.75
10,Zprime_2500GeV_060,0.812621362705,2500.0,0.6
11,Zprime_4000GeV_075,0.771362753495,4000.0,0.75
12,Zprime_4000GeV_030,0.858077995733,4000.0,0.3
13,Zprime_4000GeV_015,0.872121633779,4000.0,0.15
14,Zprime_3000GeV_030,0.849533544978,3000.0,0.3
15,Zprime_1500GeV_045,0.829250907635,1500.0,0.45
16,Zprime_3000GeV_075,0.779275747062,3000.0,0.75
17,Zprime_1500GeV_060,0.813082061896,1500.0,0.6
18,Zprime_3000GeV_015,0.867290443065,3000.0,0.15
19,Zprime_3500GeV_015,0.868665059604,3500.0,0.15
20,Zprime_3500GeV_030,0.854121557712,3500.0,0.3
21,Zprime_2000GeV_030,0.861613341459,2000.0,0.3
22,Zprime_2000GeV_015,0.87320460236,2000.0,0.15
23,Zprime_3500GeV_075,0.776296759742,3500.0,0.75
24,Zprime_3500GeV_045,0.830772081361,3500.0,0.45
25,Zprime_2500GeV_030,0.852234674791,2500.0,0.3
26,Zprime_2000GeV_060,0.818542108304,2000.0,0.6
27,Zprime_4000GeV_060,0.805695356318,4000.0,0.6
28,Zprime_2500GeV_075,0.785309585151,2500.0,0.75
29,Zprime_4000GeV_045,0.832959607053,4000.0,0.45
