,name,auc,mass,nu
0,Zprime_1500GeV_075,0.733963597889,1500.0,0.75
1,Zprime_1500GeV_015,0.827510290388,1500.0,0.15
2,Zprime_3000GeV_060,0.759810506058,3000.0,0.6
3,Zprime_1500GeV_030,0.813805182086,1500.0,0.3
4,Zprime_3000GeV_045,0.793525962558,3000.0,0.45
5,Zprime_2000GeV_045,0.793354628572,2000.0,0.45
6,Zprime_2500GeV_015,0.835582598981,2500.0,0.15
7,Zprime_3500GeV_060,0.763947010661,3500.0,0.6
8,Zprime_2500GeV_045,0.790956654608,2500.0,0.45
9,Zprime_2000GeV_075,0.736628632643,2000.0,0.75
10,Zprime_2500GeV_060,0.760389958638,2500.0,0.6
11,Zprime_4000GeV_075,0.722921895874,4000.0,0.75
12,Zprime_4000GeV_030,0.835050557694,4000.0,0.3
13,Zprime_4000GeV_015,0.856390762454,4000.0,0.15
14,Zprime_3000GeV_030,0.818373359011,3000.0,0.3
15,Zprime_1500GeV_045,0.787448096541,1500.0,0.45
16,Zprime_3000GeV_075,0.724471986214,3000.0,0.75
17,Zprime_1500GeV_060,0.767914166746,1500.0,0.6
18,Zprime_3000GeV_015,0.842974489172,3000.0,0.15
19,Zprime_3500GeV_015,0.848773064132,3500.0,0.15
20,Zprime_3500GeV_030,0.828580061904,3500.0,0.3
21,Zprime_2000GeV_030,0.817338102003,2000.0,0.3
22,Zprime_2000GeV_015,0.83456659117,2000.0,0.15
23,Zprime_3500GeV_075,0.722995512985,3500.0,0.75
24,Zprime_3500GeV_045,0.797311213672,3500.0,0.45
25,Zprime_2500GeV_030,0.815608250848,2500.0,0.3
26,Zprime_2000GeV_060,0.76417848333,2000.0,0.6
27,Zprime_4000GeV_060,0.768299207232,4000.0,0.6
28,Zprime_2500GeV_075,0.723144092094,2500.0,0.75
29,Zprime_4000GeV_045,0.802172572531,4000.0,0.45
