,name,auc,mass,nu
0,Zprime_1500GeV_075,0.808515117645,1500.0,0.75
1,Zprime_1500GeV_015,0.877453173006,1500.0,0.15
2,Zprime_3000GeV_060,0.814663095444,3000.0,0.6
3,Zprime_1500GeV_030,0.868790134082,1500.0,0.3
4,Zprime_3000GeV_045,0.843892938799,3000.0,0.45
5,Zprime_2000GeV_045,0.8501830194,2000.0,0.45
6,Zprime_2500GeV_015,0.880392280857,2500.0,0.15
7,Zprime_3500GeV_060,0.812944419552,3500.0,0.6
8,Zprime_2500GeV_045,0.845700086145,2500.0,0.45
9,Zprime_2000GeV_075,0.804570208451,2000.0,0.75
10,Zprime_2500GeV_060,0.820890464036,2500.0,0.6
11,Zprime_4000GeV_075,0.773977844279,4000.0,0.75
12,Zprime_4000GeV_030,0.869131059151,4000.0,0.3
13,Zprime_4000GeV_015,0.881592014859,4000.0,0.15
14,Zprime_3000GeV_030,0.864592128654,3000.0,0.3
15,Zprime_1500GeV_045,0.85232981157,1500.0,0.45
16,Zprime_3000GeV_075,0.785924886486,3000.0,0.75
17,Zprime_1500GeV_060,0.835467774709,1500.0,0.6
18,Zprime_3000GeV_015,0.881476511768,3000.0,0.15
19,Zprime_3500GeV_015,0.881308096307,3500.0,0.15
20,Zprime_3500GeV_030,0.867555937365,3500.0,0.3
21,Zprime_2000GeV_030,0.869710344793,2000.0,0.3
22,Zprime_2000GeV_015,0.882904658771,2000.0,0.15
23,Zprime_3500GeV_075,0.779347012593,3500.0,0.75
24,Zprime_3500GeV_045,0.842891858091,3500.0,0.45
25,Zprime_2500GeV_030,0.865366854327,2500.0,0.3
26,Zprime_2000GeV_060,0.828880672949,2000.0,0.6
27,Zprime_4000GeV_060,0.81309591843,4000.0,0.6
28,Zprime_2500GeV_075,0.792857709055,2500.0,0.75
29,Zprime_4000GeV_045,0.843749168181,4000.0,0.45
