,name,auc,mass,nu
0,Zprime_1500GeV_075,0.741129415714,1500.0,0.75
1,Zprime_1500GeV_015,0.830119806947,1500.0,0.15
2,Zprime_3000GeV_060,0.772289243512,3000.0,0.6
3,Zprime_1500GeV_030,0.819900576997,1500.0,0.3
4,Zprime_3000GeV_045,0.805293592663,3000.0,0.45
5,Zprime_2000GeV_045,0.806910694434,2000.0,0.45
6,Zprime_2500GeV_015,0.848644730193,2500.0,0.15
7,Zprime_3500GeV_060,0.773764080874,3500.0,0.6
8,Zprime_2500GeV_045,0.805131397639,2500.0,0.45
9,Zprime_2000GeV_075,0.74664311068,2000.0,0.75
10,Zprime_2500GeV_060,0.77419110497,2500.0,0.6
11,Zprime_4000GeV_075,0.733689918484,4000.0,0.75
12,Zprime_4000GeV_030,0.843142196927,4000.0,0.3
13,Zprime_4000GeV_015,0.864252417854,4000.0,0.15
14,Zprime_3000GeV_030,0.829330124039,3000.0,0.3
15,Zprime_1500GeV_045,0.792159108095,1500.0,0.45
16,Zprime_3000GeV_075,0.735939849338,3000.0,0.75
17,Zprime_1500GeV_060,0.771702864565,1500.0,0.6
18,Zprime_3000GeV_015,0.852083948953,3000.0,0.15
19,Zprime_3500GeV_015,0.856614534543,3500.0,0.15
20,Zprime_3500GeV_030,0.836920618916,3500.0,0.3
21,Zprime_2000GeV_030,0.830075640402,2000.0,0.3
22,Zprime_2000GeV_015,0.846645291805,2000.0,0.15
23,Zprime_3500GeV_075,0.733958635083,3500.0,0.75
24,Zprime_3500GeV_045,0.808707704357,3500.0,0.45
25,Zprime_2500GeV_030,0.828371366251,2500.0,0.3
26,Zprime_2000GeV_060,0.775281855565,2000.0,0.6
27,Zprime_4000GeV_060,0.778268821491,4000.0,0.6
28,Zprime_2500GeV_075,0.735906829286,2500.0,0.75
29,Zprime_4000GeV_045,0.813341936999,4000.0,0.45
