,name,auc,mass,nu
0,Zprime_1500GeV_075,0.795517393761,1500.0,0.75
1,Zprime_1500GeV_015,0.865732312638,1500.0,0.15
2,Zprime_3000GeV_060,0.803127398882,3000.0,0.6
3,Zprime_1500GeV_030,0.856377602614,1500.0,0.3
4,Zprime_3000GeV_045,0.83291047362,3000.0,0.45
5,Zprime_2000GeV_045,0.83914769172,2000.0,0.45
6,Zprime_2500GeV_015,0.870690087708,2500.0,0.15
7,Zprime_3500GeV_060,0.802071339648,3500.0,0.6
8,Zprime_2500GeV_045,0.83494873533,2500.0,0.45
9,Zprime_2000GeV_075,0.791421578039,2000.0,0.75
10,Zprime_2500GeV_060,0.808046511127,2500.0,0.6
11,Zprime_4000GeV_075,0.761510695704,4000.0,0.75
12,Zprime_4000GeV_030,0.859794032312,4000.0,0.3
13,Zprime_4000GeV_015,0.873327982304,4000.0,0.15
14,Zprime_3000GeV_030,0.853228213085,3000.0,0.3
15,Zprime_1500GeV_045,0.837492751058,1500.0,0.45
16,Zprime_3000GeV_075,0.77290637947,3000.0,0.75
17,Zprime_1500GeV_060,0.823468638393,1500.0,0.6
18,Zprime_3000GeV_015,0.870977607488,3000.0,0.15
19,Zprime_3500GeV_015,0.871250500765,3500.0,0.15
20,Zprime_3500GeV_030,0.855793769755,3500.0,0.3
21,Zprime_2000GeV_030,0.859940894074,2000.0,0.3
22,Zprime_2000GeV_015,0.871732274347,2000.0,0.15
23,Zprime_3500GeV_075,0.765984204046,3500.0,0.75
24,Zprime_3500GeV_045,0.830508898231,3500.0,0.45
25,Zprime_2500GeV_030,0.854902737918,2500.0,0.3
26,Zprime_2000GeV_060,0.816348942287,2000.0,0.6
27,Zprime_4000GeV_060,0.802626343,4000.0,0.6
28,Zprime_2500GeV_075,0.777570864778,2500.0,0.75
29,Zprime_4000GeV_045,0.832326459749,4000.0,0.45
