,name,auc,mass,nu
0,Zprime_1500GeV_075,0.792687924663,1500.0,0.75
1,Zprime_1500GeV_015,0.867438887009,1500.0,0.15
2,Zprime_3000GeV_060,0.806586301434,3000.0,0.6
3,Zprime_1500GeV_030,0.857751929725,1500.0,0.3
4,Zprime_3000GeV_045,0.837852188469,3000.0,0.45
5,Zprime_2000GeV_045,0.841717824691,2000.0,0.45
6,Zprime_2500GeV_015,0.877186461262,2500.0,0.15
7,Zprime_3500GeV_060,0.804327290038,3500.0,0.6
8,Zprime_2500GeV_045,0.838979566837,2500.0,0.45
9,Zprime_2000GeV_075,0.793411405551,2000.0,0.75
10,Zprime_2500GeV_060,0.810478045173,2500.0,0.6
11,Zprime_4000GeV_075,0.761053538476,4000.0,0.75
12,Zprime_4000GeV_030,0.863416980033,4000.0,0.3
13,Zprime_4000GeV_015,0.875586294134,4000.0,0.15
14,Zprime_3000GeV_030,0.85935365146,3000.0,0.3
15,Zprime_1500GeV_045,0.838327514134,1500.0,0.45
16,Zprime_3000GeV_075,0.774651755485,3000.0,0.75
17,Zprime_1500GeV_060,0.821870841091,1500.0,0.6
18,Zprime_3000GeV_015,0.879100314252,3000.0,0.15
19,Zprime_3500GeV_015,0.876916804403,3500.0,0.15
20,Zprime_3500GeV_030,0.861717817227,3500.0,0.3
21,Zprime_2000GeV_030,0.862992939011,2000.0,0.3
22,Zprime_2000GeV_015,0.876373721209,2000.0,0.15
23,Zprime_3500GeV_075,0.766925646163,3500.0,0.75
24,Zprime_3500GeV_045,0.834777736843,3500.0,0.45
25,Zprime_2500GeV_030,0.860407303127,2500.0,0.3
26,Zprime_2000GeV_060,0.817909062716,2000.0,0.6
27,Zprime_4000GeV_060,0.804254052688,4000.0,0.6
28,Zprime_2500GeV_075,0.780461288522,2500.0,0.75
29,Zprime_4000GeV_045,0.834976325749,4000.0,0.45
