,name,auc,mass,nu
0,Zprime_1500GeV_075,0.793609311316,1500.0,0.75
1,Zprime_1500GeV_015,0.865475435762,1500.0,0.15
2,Zprime_3000GeV_060,0.798639267009,3000.0,0.6
3,Zprime_1500GeV_030,0.853181383068,1500.0,0.3
4,Zprime_3000GeV_045,0.827690459674,3000.0,0.45
5,Zprime_2000GeV_045,0.835326682806,2000.0,0.45
6,Zprime_2500GeV_015,0.86538222325,2500.0,0.15
7,Zprime_3500GeV_060,0.796803292348,3500.0,0.6
8,Zprime_2500GeV_045,0.829645795603,2500.0,0.45
9,Zprime_2000GeV_075,0.790796514239,2000.0,0.75
10,Zprime_2500GeV_060,0.803910242783,2500.0,0.6
11,Zprime_4000GeV_075,0.756571533889,4000.0,0.75
12,Zprime_4000GeV_030,0.85098969762,4000.0,0.3
13,Zprime_4000GeV_015,0.863833884807,4000.0,0.15
14,Zprime_3000GeV_030,0.847535794777,3000.0,0.3
15,Zprime_1500GeV_045,0.834949476112,1500.0,0.45
16,Zprime_3000GeV_075,0.769405323419,3000.0,0.75
17,Zprime_1500GeV_060,0.819805451377,1500.0,0.6
18,Zprime_3000GeV_015,0.865532663525,3000.0,0.15
19,Zprime_3500GeV_015,0.863668315418,3500.0,0.15
20,Zprime_3500GeV_030,0.849910646823,3500.0,0.3
21,Zprime_2000GeV_030,0.855057327467,2000.0,0.3
22,Zprime_2000GeV_015,0.866647544017,2000.0,0.15
23,Zprime_3500GeV_075,0.760811260562,3500.0,0.75
24,Zprime_3500GeV_045,0.824078957835,3500.0,0.45
25,Zprime_2500GeV_030,0.849140045664,2500.0,0.3
26,Zprime_2000GeV_060,0.812966212447,2000.0,0.6
27,Zprime_4000GeV_060,0.796348629633,4000.0,0.6
28,Zprime_2500GeV_075,0.775922107094,2500.0,0.75
29,Zprime_4000GeV_045,0.824437549907,4000.0,0.45
