,name,auc,mass,nu
0,Zprime_1500GeV_075,0.733074979608,1500.0,0.75
1,Zprime_1500GeV_015,0.8233305355,1500.0,0.15
2,Zprime_3000GeV_060,0.752854306046,3000.0,0.6
3,Zprime_1500GeV_030,0.808896899867,1500.0,0.3
4,Zprime_3000GeV_045,0.784900071549,3000.0,0.45
5,Zprime_2000GeV_045,0.786228572753,2000.0,0.45
6,Zprime_2500GeV_015,0.826864409031,2500.0,0.15
7,Zprime_3500GeV_060,0.755937043359,3500.0,0.6
8,Zprime_2500GeV_045,0.783945607193,2500.0,0.45
9,Zprime_2000GeV_075,0.733068364006,2000.0,0.75
10,Zprime_2500GeV_060,0.753875994989,2500.0,0.6
11,Zprime_4000GeV_075,0.716580523455,4000.0,0.75
12,Zprime_4000GeV_030,0.823566212986,4000.0,0.3
13,Zprime_4000GeV_015,0.842912576659,4000.0,0.15
14,Zprime_3000GeV_030,0.809328677365,3000.0,0.3
15,Zprime_1500GeV_045,0.783617314743,1500.0,0.45
16,Zprime_3000GeV_075,0.718649294328,3000.0,0.75
17,Zprime_1500GeV_060,0.766609632175,1500.0,0.6
18,Zprime_3000GeV_015,0.83159773692,3000.0,0.15
19,Zprime_3500GeV_015,0.83564177222,3500.0,0.15
20,Zprime_3500GeV_030,0.81759256223,3500.0,0.3
21,Zprime_2000GeV_030,0.810234061598,2000.0,0.3
22,Zprime_2000GeV_015,0.826041105789,2000.0,0.15
23,Zprime_3500GeV_075,0.71805347415,3500.0,0.75
24,Zprime_3500GeV_045,0.787919464762,3500.0,0.45
25,Zprime_2500GeV_030,0.80746749762,2500.0,0.3
26,Zprime_2000GeV_060,0.757589464571,2000.0,0.6
27,Zprime_4000GeV_060,0.760421180509,4000.0,0.6
28,Zprime_2500GeV_075,0.719243831824,2500.0,0.75
29,Zprime_4000GeV_045,0.791626362447,4000.0,0.45
