,name,auc,mass,nu
0,Zprime_1500GeV_075,0.795124975792,1500.0,0.75
1,Zprime_1500GeV_015,0.871467832336,1500.0,0.15
2,Zprime_3000GeV_060,0.805012508619,3000.0,0.6
3,Zprime_1500GeV_030,0.859384433877,1500.0,0.3
4,Zprime_3000GeV_045,0.835519033413,3000.0,0.45
5,Zprime_2000GeV_045,0.842927567984,2000.0,0.45
6,Zprime_2500GeV_015,0.874096030871,2500.0,0.15
7,Zprime_3500GeV_060,0.80436130316,3500.0,0.6
8,Zprime_2500GeV_045,0.837991011508,2500.0,0.45
9,Zprime_2000GeV_075,0.79341963422,2000.0,0.75
10,Zprime_2500GeV_060,0.810188539851,2500.0,0.6
11,Zprime_4000GeV_075,0.762481437551,4000.0,0.75
12,Zprime_4000GeV_030,0.863860761968,4000.0,0.3
13,Zprime_4000GeV_015,0.877188008373,4000.0,0.15
14,Zprime_3000GeV_030,0.856511631583,3000.0,0.3
15,Zprime_1500GeV_045,0.839739300113,1500.0,0.45
16,Zprime_3000GeV_075,0.773488844456,3000.0,0.75
17,Zprime_1500GeV_060,0.824543565609,1500.0,0.6
18,Zprime_3000GeV_015,0.874547209091,3000.0,0.15
19,Zprime_3500GeV_015,0.875279010041,3500.0,0.15
20,Zprime_3500GeV_030,0.859563976989,3500.0,0.3
21,Zprime_2000GeV_030,0.863393123202,2000.0,0.3
22,Zprime_2000GeV_015,0.875780426566,2000.0,0.15
23,Zprime_3500GeV_075,0.76711378554,3500.0,0.75
24,Zprime_3500GeV_045,0.83428219167,3500.0,0.45
25,Zprime_2500GeV_030,0.858435546071,2500.0,0.3
26,Zprime_2000GeV_060,0.818851655795,2000.0,0.6
27,Zprime_4000GeV_060,0.804973719221,4000.0,0.6
28,Zprime_2500GeV_075,0.77911516465,2500.0,0.75
29,Zprime_4000GeV_045,0.835961991708,4000.0,0.45
