,name,auc,mass,nu
0,Zprime_1500GeV_075,0.806983319047,1500.0,0.75
1,Zprime_1500GeV_015,0.871284262359,1500.0,0.15
2,Zprime_3000GeV_060,0.813629243697,3000.0,0.6
3,Zprime_1500GeV_030,0.858861331111,1500.0,0.3
4,Zprime_3000GeV_045,0.833436476478,3000.0,0.45
5,Zprime_2000GeV_045,0.84886894127,2000.0,0.45
6,Zprime_2500GeV_015,0.865154049914,2500.0,0.15
7,Zprime_3500GeV_060,0.806949902104,3500.0,0.6
8,Zprime_2500GeV_045,0.838914996944,2500.0,0.45
9,Zprime_2000GeV_075,0.808316935609,2000.0,0.75
10,Zprime_2500GeV_060,0.819855290066,2500.0,0.6
11,Zprime_4000GeV_075,0.778700978151,4000.0,0.75
12,Zprime_4000GeV_030,0.852215844975,4000.0,0.3
13,Zprime_4000GeV_015,0.861683016466,4000.0,0.15
14,Zprime_3000GeV_030,0.849424113912,3000.0,0.3
15,Zprime_1500GeV_045,0.840199457328,1500.0,0.45
16,Zprime_3000GeV_075,0.789170664013,3000.0,0.75
17,Zprime_1500GeV_060,0.823746073432,1500.0,0.6
18,Zprime_3000GeV_015,0.863954674461,3000.0,0.15
19,Zprime_3500GeV_015,0.861998172896,3500.0,0.15
20,Zprime_3500GeV_030,0.8507654862,3500.0,0.3
21,Zprime_2000GeV_030,0.865289775216,2000.0,0.3
22,Zprime_2000GeV_015,0.874489171414,2000.0,0.15
23,Zprime_3500GeV_075,0.783632831426,3500.0,0.75
24,Zprime_3500GeV_045,0.831779706145,3500.0,0.45
25,Zprime_2500GeV_030,0.853213092716,2500.0,0.3
26,Zprime_2000GeV_060,0.827355144985,2000.0,0.6
27,Zprime_4000GeV_060,0.806610765096,4000.0,0.6
28,Zprime_2500GeV_075,0.796512204508,2500.0,0.75
29,Zprime_4000GeV_045,0.829675554496,4000.0,0.45
