,name,auc,mass,nu
0,Zprime_1500GeV_075,0.796901235135,1500.0,0.75
1,Zprime_1500GeV_015,0.872238393105,1500.0,0.15
2,Zprime_3000GeV_060,0.805984110638,3000.0,0.6
3,Zprime_1500GeV_030,0.861201756337,1500.0,0.3
4,Zprime_3000GeV_045,0.837586301263,3000.0,0.45
5,Zprime_2000GeV_045,0.84147152183,2000.0,0.45
6,Zprime_2500GeV_015,0.877599389598,2500.0,0.15
7,Zprime_3500GeV_060,0.804334462835,3500.0,0.6
8,Zprime_2500GeV_045,0.83846075219,2500.0,0.45
9,Zprime_2000GeV_075,0.792277707134,2000.0,0.75
10,Zprime_2500GeV_060,0.809397872534,2500.0,0.6
11,Zprime_4000GeV_075,0.762120098035,4000.0,0.75
12,Zprime_4000GeV_030,0.864854508005,4000.0,0.3
13,Zprime_4000GeV_015,0.878125809561,4000.0,0.15
14,Zprime_3000GeV_030,0.859749463687,3000.0,0.3
15,Zprime_1500GeV_045,0.841611220441,1500.0,0.45
16,Zprime_3000GeV_075,0.773855485333,3000.0,0.75
17,Zprime_1500GeV_060,0.826086935664,1500.0,0.6
18,Zprime_3000GeV_015,0.87945345619,3000.0,0.15
19,Zprime_3500GeV_015,0.878524435269,3500.0,0.15
20,Zprime_3500GeV_030,0.86311401232,3500.0,0.3
21,Zprime_2000GeV_030,0.862714735273,2000.0,0.3
22,Zprime_2000GeV_015,0.876437562362,2000.0,0.15
23,Zprime_3500GeV_075,0.766946769868,3500.0,0.75
24,Zprime_3500GeV_045,0.83483311361,3500.0,0.45
25,Zprime_2500GeV_030,0.860338342249,2500.0,0.3
26,Zprime_2000GeV_060,0.816333346335,2000.0,0.6
27,Zprime_4000GeV_060,0.806004089281,4000.0,0.6
28,Zprime_2500GeV_075,0.780284729464,2500.0,0.75
29,Zprime_4000GeV_045,0.836310212665,4000.0,0.45
