,name,auc,mass,nu
0,Zprime_1500GeV_075,0.792845924071,1500.0,0.75
1,Zprime_1500GeV_015,0.859574084393,1500.0,0.15
2,Zprime_3000GeV_060,0.806917749857,3000.0,0.6
3,Zprime_1500GeV_030,0.846095587828,1500.0,0.3
4,Zprime_3000GeV_045,0.831187752431,3000.0,0.45
5,Zprime_2000GeV_045,0.840353783375,2000.0,0.45
6,Zprime_2500GeV_015,0.864036500245,2500.0,0.15
7,Zprime_3500GeV_060,0.803932523162,3500.0,0.6
8,Zprime_2500GeV_045,0.833115986694,2500.0,0.45
9,Zprime_2000GeV_075,0.796222245617,2000.0,0.75
10,Zprime_2500GeV_060,0.809530872704,2500.0,0.6
11,Zprime_4000GeV_075,0.771561735713,4000.0,0.75
12,Zprime_4000GeV_030,0.862950890207,4000.0,0.3
13,Zprime_4000GeV_015,0.875675609538,4000.0,0.15
14,Zprime_3000GeV_030,0.850874055614,3000.0,0.3
15,Zprime_1500GeV_045,0.828546121324,1500.0,0.45
16,Zprime_3000GeV_075,0.778331300659,3000.0,0.75
17,Zprime_1500GeV_060,0.814179378048,1500.0,0.6
18,Zprime_3000GeV_015,0.868930760938,3000.0,0.15
19,Zprime_3500GeV_015,0.873913044752,3500.0,0.15
20,Zprime_3500GeV_030,0.857855494186,3500.0,0.3
21,Zprime_2000GeV_030,0.85759548511,2000.0,0.3
22,Zprime_2000GeV_015,0.868910527542,2000.0,0.15
23,Zprime_3500GeV_075,0.775901049414,3500.0,0.75
24,Zprime_3500GeV_045,0.833812246674,3500.0,0.45
25,Zprime_2500GeV_030,0.84947992716,2500.0,0.3
26,Zprime_2000GeV_060,0.817320114169,2000.0,0.6
27,Zprime_4000GeV_060,0.806935834682,4000.0,0.6
28,Zprime_2500GeV_075,0.785114638376,2500.0,0.75
29,Zprime_4000GeV_045,0.836861430978,4000.0,0.45
