,name,auc,mass,nu
0,Zprime_1500GeV_075,0.784828512365,1500.0,0.75
1,Zprime_1500GeV_015,0.864188792558,1500.0,0.15
2,Zprime_3000GeV_060,0.796195072946,3000.0,0.6
3,Zprime_1500GeV_030,0.852353075025,1500.0,0.3
4,Zprime_3000GeV_045,0.825420214736,3000.0,0.45
5,Zprime_2000GeV_045,0.834938244362,2000.0,0.45
6,Zprime_2500GeV_015,0.866246250711,2500.0,0.15
7,Zprime_3500GeV_060,0.793236102623,3500.0,0.6
8,Zprime_2500GeV_045,0.828416356122,2500.0,0.45
9,Zprime_2000GeV_075,0.784952352113,2000.0,0.75
10,Zprime_2500GeV_060,0.80212629066,2500.0,0.6
11,Zprime_4000GeV_075,0.752995509459,4000.0,0.75
12,Zprime_4000GeV_030,0.850497206683,4000.0,0.3
13,Zprime_4000GeV_015,0.86480457999,4000.0,0.15
14,Zprime_3000GeV_030,0.845797930813,3000.0,0.3
15,Zprime_1500GeV_045,0.830499205126,1500.0,0.45
16,Zprime_3000GeV_075,0.76583151784,3000.0,0.75
17,Zprime_1500GeV_060,0.815208954835,1500.0,0.6
18,Zprime_3000GeV_015,0.865095130172,3000.0,0.15
19,Zprime_3500GeV_015,0.862515582983,3500.0,0.15
20,Zprime_3500GeV_030,0.849051310062,3500.0,0.3
21,Zprime_2000GeV_030,0.854894930452,2000.0,0.3
22,Zprime_2000GeV_015,0.868188690635,2000.0,0.15
23,Zprime_3500GeV_075,0.759937042131,3500.0,0.75
24,Zprime_3500GeV_045,0.822707381443,3500.0,0.45
25,Zprime_2500GeV_030,0.84974305095,2500.0,0.3
26,Zprime_2000GeV_060,0.810593561676,2000.0,0.6
27,Zprime_4000GeV_060,0.794452952726,4000.0,0.6
28,Zprime_2500GeV_075,0.770503132633,2500.0,0.75
29,Zprime_4000GeV_045,0.822891198468,4000.0,0.45
