,name,auc,mass,nu
0,Zprime_1500GeV_075,0.709519752172,1500.0,0.75
1,Zprime_1500GeV_015,0.794115127973,1500.0,0.15
2,Zprime_3000GeV_060,0.731712941033,3000.0,0.6
3,Zprime_1500GeV_030,0.775818873169,1500.0,0.3
4,Zprime_3000GeV_045,0.755968487664,3000.0,0.45
5,Zprime_2000GeV_045,0.769506926194,2000.0,0.45
6,Zprime_2500GeV_015,0.794820445954,2500.0,0.15
7,Zprime_3500GeV_060,0.727677616667,3500.0,0.6
8,Zprime_2500GeV_045,0.75995512122,2500.0,0.45
9,Zprime_2000GeV_075,0.72019732145,2000.0,0.75
10,Zprime_2500GeV_060,0.734713498272,2500.0,0.6
11,Zprime_4000GeV_075,0.694431021183,4000.0,0.75
12,Zprime_4000GeV_030,0.785193450487,4000.0,0.3
13,Zprime_4000GeV_015,0.803974549698,4000.0,0.15
14,Zprime_3000GeV_030,0.77620561164,3000.0,0.3
15,Zprime_1500GeV_045,0.754850692023,1500.0,0.45
16,Zprime_3000GeV_075,0.70559104728,3000.0,0.75
17,Zprime_1500GeV_060,0.739196431422,1500.0,0.6
18,Zprime_3000GeV_015,0.794820200713,3000.0,0.15
19,Zprime_3500GeV_015,0.797082862171,3500.0,0.15
20,Zprime_3500GeV_030,0.780342089561,3500.0,0.3
21,Zprime_2000GeV_030,0.786857922994,2000.0,0.3
22,Zprime_2000GeV_015,0.801606672202,2000.0,0.15
23,Zprime_3500GeV_075,0.699789395948,3500.0,0.75
24,Zprime_3500GeV_045,0.755644446622,3500.0,0.45
25,Zprime_2500GeV_030,0.779466379605,2500.0,0.3
26,Zprime_2000GeV_060,0.743620518695,2000.0,0.6
27,Zprime_4000GeV_060,0.728778599248,4000.0,0.6
28,Zprime_2500GeV_075,0.705857001449,2500.0,0.75
29,Zprime_4000GeV_045,0.757308785636,4000.0,0.45
