,name,auc,mass,nu
0,Zprime_1500GeV_075,0.738991801824,1500.0,0.75
1,Zprime_1500GeV_015,0.820658815718,1500.0,0.15
2,Zprime_3000GeV_060,0.764693120851,3000.0,0.6
3,Zprime_1500GeV_030,0.814038082349,1500.0,0.3
4,Zprime_3000GeV_045,0.793262100048,3000.0,0.45
5,Zprime_2000GeV_045,0.801177399552,2000.0,0.45
6,Zprime_2500GeV_015,0.834997027108,2500.0,0.15
7,Zprime_3500GeV_060,0.764399968845,3500.0,0.6
8,Zprime_2500GeV_045,0.79533352608,2500.0,0.45
9,Zprime_2000GeV_075,0.74793204183,2000.0,0.75
10,Zprime_2500GeV_060,0.76896952629,2500.0,0.6
11,Zprime_4000GeV_075,0.72814338236,4000.0,0.75
12,Zprime_4000GeV_030,0.824522186712,4000.0,0.3
13,Zprime_4000GeV_015,0.845331320473,4000.0,0.15
14,Zprime_3000GeV_030,0.814895798467,3000.0,0.3
15,Zprime_1500GeV_045,0.787008831991,1500.0,0.45
16,Zprime_3000GeV_075,0.732566071711,3000.0,0.75
17,Zprime_1500GeV_060,0.766330550799,1500.0,0.6
18,Zprime_3000GeV_015,0.836764347688,3000.0,0.15
19,Zprime_3500GeV_015,0.838287100231,3500.0,0.15
20,Zprime_3500GeV_030,0.821366259005,3500.0,0.3
21,Zprime_2000GeV_030,0.822445042599,2000.0,0.3
22,Zprime_2000GeV_015,0.83816771534,2000.0,0.15
23,Zprime_3500GeV_075,0.73083734368,3500.0,0.75
24,Zprime_3500GeV_045,0.794193947849,3500.0,0.45
25,Zprime_2500GeV_030,0.815844438933,2500.0,0.3
26,Zprime_2000GeV_060,0.772380681561,2000.0,0.6
27,Zprime_4000GeV_060,0.766504148258,4000.0,0.6
28,Zprime_2500GeV_075,0.735549194347,2500.0,0.75
29,Zprime_4000GeV_045,0.796698390567,4000.0,0.45
