,name,auc,mass,nu
0,Zprime_1500GeV_075,0.744856423871,1500.0,0.75
1,Zprime_1500GeV_015,0.831718563356,1500.0,0.15
2,Zprime_3000GeV_060,0.759529445364,3000.0,0.6
3,Zprime_1500GeV_030,0.81603749973,1500.0,0.3
4,Zprime_3000GeV_045,0.787777320402,3000.0,0.45
5,Zprime_2000GeV_045,0.796811710906,2000.0,0.45
6,Zprime_2500GeV_015,0.829633145408,2500.0,0.15
7,Zprime_3500GeV_060,0.758576845405,3500.0,0.6
8,Zprime_2500GeV_045,0.790952882534,2500.0,0.45
9,Zprime_2000GeV_075,0.745017091354,2000.0,0.75
10,Zprime_2500GeV_060,0.76468018064,2500.0,0.6
11,Zprime_4000GeV_075,0.720125216211,4000.0,0.75
12,Zprime_4000GeV_030,0.816711448031,4000.0,0.3
13,Zprime_4000GeV_015,0.831565153986,4000.0,0.15
14,Zprime_3000GeV_030,0.80903017943,3000.0,0.3
15,Zprime_1500GeV_045,0.791754948545,1500.0,0.45
16,Zprime_3000GeV_075,0.727812368513,3000.0,0.75
17,Zprime_1500GeV_060,0.776012146173,1500.0,0.6
18,Zprime_3000GeV_015,0.82902918559,3000.0,0.15
19,Zprime_3500GeV_015,0.825996030578,3500.0,0.15
20,Zprime_3500GeV_030,0.812482640539,3500.0,0.3
21,Zprime_2000GeV_030,0.819190501432,2000.0,0.3
22,Zprime_2000GeV_015,0.833908392542,2000.0,0.15
23,Zprime_3500GeV_075,0.72470041489,3500.0,0.75
24,Zprime_3500GeV_045,0.785667491565,3500.0,0.45
25,Zprime_2500GeV_030,0.812216851937,2500.0,0.3
26,Zprime_2000GeV_060,0.770164577168,2000.0,0.6
27,Zprime_4000GeV_060,0.761355197079,4000.0,0.6
28,Zprime_2500GeV_075,0.731716370048,2500.0,0.75
29,Zprime_4000GeV_045,0.787744433664,4000.0,0.45
