,name,auc,mass,nu
0,Zprime_1500GeV_075,0.806937496572,1500.0,0.75
1,Zprime_1500GeV_015,0.876819631867,1500.0,0.15
2,Zprime_3000GeV_060,0.817861876485,3000.0,0.6
3,Zprime_1500GeV_030,0.866396450043,1500.0,0.3
4,Zprime_3000GeV_045,0.845483247686,3000.0,0.45
5,Zprime_2000GeV_045,0.853107605388,2000.0,0.45
6,Zprime_2500GeV_015,0.880745531984,2500.0,0.15
7,Zprime_3500GeV_060,0.817238476833,3500.0,0.6
8,Zprime_2500GeV_045,0.846984204028,2500.0,0.45
9,Zprime_2000GeV_075,0.806906372126,2000.0,0.75
10,Zprime_2500GeV_060,0.823375749537,2500.0,0.6
11,Zprime_4000GeV_075,0.778395036545,4000.0,0.75
12,Zprime_4000GeV_030,0.875212340593,4000.0,0.3
13,Zprime_4000GeV_015,0.88841745602,4000.0,0.15
14,Zprime_3000GeV_030,0.865698192193,3000.0,0.3
15,Zprime_1500GeV_045,0.852853363448,1500.0,0.45
16,Zprime_3000GeV_075,0.788352516894,3000.0,0.75
17,Zprime_1500GeV_060,0.833812617282,1500.0,0.6
18,Zprime_3000GeV_015,0.882087690294,3000.0,0.15
19,Zprime_3500GeV_015,0.885684735143,3500.0,0.15
20,Zprime_3500GeV_030,0.870323250016,3500.0,0.3
21,Zprime_2000GeV_030,0.871029489898,2000.0,0.3
22,Zprime_2000GeV_015,0.883720307845,2000.0,0.15
23,Zprime_3500GeV_075,0.783236573426,3500.0,0.75
24,Zprime_3500GeV_045,0.847176713189,3500.0,0.45
25,Zprime_2500GeV_030,0.866069648275,2500.0,0.3
26,Zprime_2000GeV_060,0.830073516745,2000.0,0.6
27,Zprime_4000GeV_060,0.81828958172,4000.0,0.6
28,Zprime_2500GeV_075,0.79453363148,2500.0,0.75
29,Zprime_4000GeV_045,0.849167627686,4000.0,0.45
