,name,auc,mass,nu
0,Zprime_1500GeV_075,0.802416000816,1500.0,0.75
1,Zprime_1500GeV_015,0.872163060253,1500.0,0.15
2,Zprime_3000GeV_060,0.808570219644,3000.0,0.6
3,Zprime_1500GeV_030,0.863094629524,1500.0,0.3
4,Zprime_3000GeV_045,0.83667314183,3000.0,0.45
5,Zprime_2000GeV_045,0.84432973936,2000.0,0.45
6,Zprime_2500GeV_015,0.873315021509,2500.0,0.15
7,Zprime_3500GeV_060,0.80708764427,3500.0,0.6
8,Zprime_2500GeV_045,0.838592697891,2500.0,0.45
9,Zprime_2000GeV_075,0.801587987677,2000.0,0.75
10,Zprime_2500GeV_060,0.81431190697,2500.0,0.6
11,Zprime_4000GeV_075,0.770872222507,4000.0,0.75
12,Zprime_4000GeV_030,0.864815470919,4000.0,0.3
13,Zprime_4000GeV_015,0.879115811423,4000.0,0.15
14,Zprime_3000GeV_030,0.857083440094,3000.0,0.3
15,Zprime_1500GeV_045,0.845977700719,1500.0,0.45
16,Zprime_3000GeV_075,0.781533095129,3000.0,0.75
17,Zprime_1500GeV_060,0.828772143996,1500.0,0.6
18,Zprime_3000GeV_015,0.87418465877,3000.0,0.15
19,Zprime_3500GeV_015,0.875646111564,3500.0,0.15
20,Zprime_3500GeV_030,0.859860535486,3500.0,0.3
21,Zprime_2000GeV_030,0.862788310538,2000.0,0.3
22,Zprime_2000GeV_015,0.875063835442,2000.0,0.15
23,Zprime_3500GeV_075,0.775518247843,3500.0,0.75
24,Zprime_3500GeV_045,0.836537726531,3500.0,0.45
25,Zprime_2500GeV_030,0.858001216471,2500.0,0.3
26,Zprime_2000GeV_060,0.822869207876,2000.0,0.6
27,Zprime_4000GeV_060,0.808836922747,4000.0,0.6
28,Zprime_2500GeV_075,0.787643365116,2500.0,0.75
29,Zprime_4000GeV_045,0.838815489334,4000.0,0.45
