,name,auc,mass,nu
0,Zprime_1500GeV_075,0.721247542624,1500.0,0.75
1,Zprime_1500GeV_015,0.816829997295,1500.0,0.15
2,Zprime_3000GeV_060,0.74969723292,3000.0,0.6
3,Zprime_1500GeV_030,0.80216196503,1500.0,0.3
4,Zprime_3000GeV_045,0.78225825571,3000.0,0.45
5,Zprime_2000GeV_045,0.784224838524,2000.0,0.45
6,Zprime_2500GeV_015,0.826945145263,2500.0,0.15
7,Zprime_3500GeV_060,0.75133940389,3500.0,0.6
8,Zprime_2500GeV_045,0.78334652072,2500.0,0.45
9,Zprime_2000GeV_075,0.725912943052,2000.0,0.75
10,Zprime_2500GeV_060,0.753351066038,2500.0,0.6
11,Zprime_4000GeV_075,0.711150453738,4000.0,0.75
12,Zprime_4000GeV_030,0.814400449114,4000.0,0.3
13,Zprime_4000GeV_015,0.830997259345,4000.0,0.15
14,Zprime_3000GeV_030,0.806919414015,3000.0,0.3
15,Zprime_1500GeV_045,0.773940888416,1500.0,0.45
16,Zprime_3000GeV_075,0.714735161717,3000.0,0.75
17,Zprime_1500GeV_060,0.759272551502,1500.0,0.6
18,Zprime_3000GeV_015,0.829198139481,3000.0,0.15
19,Zprime_3500GeV_015,0.827358185883,3500.0,0.15
20,Zprime_3500GeV_030,0.810722983191,3500.0,0.3
21,Zprime_2000GeV_030,0.809479056998,2000.0,0.3
22,Zprime_2000GeV_015,0.826245731896,2000.0,0.15
23,Zprime_3500GeV_075,0.714110542914,3500.0,0.75
24,Zprime_3500GeV_045,0.78171573299,3500.0,0.45
25,Zprime_2500GeV_030,0.807597112506,2500.0,0.3
26,Zprime_2000GeV_060,0.755727171232,2000.0,0.6
27,Zprime_4000GeV_060,0.755830616693,4000.0,0.6
28,Zprime_2500GeV_075,0.715767836488,2500.0,0.75
29,Zprime_4000GeV_045,0.785182976807,4000.0,0.45
