,name,auc,mass,nu
0,Zprime_1500GeV_075,0.763072291811,1500.0,0.75
1,Zprime_1500GeV_015,0.841543480958,1500.0,0.15
2,Zprime_3000GeV_060,0.788143715083,3000.0,0.6
3,Zprime_1500GeV_030,0.832134905993,1500.0,0.3
4,Zprime_3000GeV_045,0.824347603279,3000.0,0.45
5,Zprime_2000GeV_045,0.818463451487,2000.0,0.45
6,Zprime_2500GeV_015,0.865823898634,2500.0,0.15
7,Zprime_3500GeV_060,0.78900006274,3500.0,0.6
8,Zprime_2500GeV_045,0.821897045133,2500.0,0.45
9,Zprime_2000GeV_075,0.758016915364,2000.0,0.75
10,Zprime_2500GeV_060,0.789386178812,2500.0,0.6
11,Zprime_4000GeV_075,0.740566485447,4000.0,0.75
12,Zprime_4000GeV_030,0.855783368617,4000.0,0.3
13,Zprime_4000GeV_015,0.873240930022,4000.0,0.15
14,Zprime_3000GeV_030,0.848665128926,3000.0,0.3
15,Zprime_1500GeV_045,0.809626183914,1500.0,0.45
16,Zprime_3000GeV_075,0.748292120505,3000.0,0.75
17,Zprime_1500GeV_060,0.789513014392,1500.0,0.6
18,Zprime_3000GeV_015,0.87046547357,3000.0,0.15
19,Zprime_3500GeV_015,0.873521822521,3500.0,0.15
20,Zprime_3500GeV_030,0.855244922076,3500.0,0.3
21,Zprime_2000GeV_030,0.842125246767,2000.0,0.3
22,Zprime_2000GeV_015,0.859073904179,2000.0,0.15
23,Zprime_3500GeV_075,0.745451356937,3500.0,0.75
24,Zprime_3500GeV_045,0.822971322502,3500.0,0.45
25,Zprime_2500GeV_030,0.846670174875,2500.0,0.3
26,Zprime_2000GeV_060,0.789490092117,2000.0,0.6
27,Zprime_4000GeV_060,0.790892839259,4000.0,0.6
28,Zprime_2500GeV_075,0.751736907922,2500.0,0.75
29,Zprime_4000GeV_045,0.826215191935,4000.0,0.45
