,name,auc,mass,nu
0,Zprime_1500GeV_075,0.805471072595,1500.0,0.75
1,Zprime_1500GeV_015,0.874733994691,1500.0,0.15
2,Zprime_3000GeV_060,0.815888965038,3000.0,0.6
3,Zprime_1500GeV_030,0.865565392044,1500.0,0.3
4,Zprime_3000GeV_045,0.844325522988,3000.0,0.45
5,Zprime_2000GeV_045,0.850877912175,2000.0,0.45
6,Zprime_2500GeV_015,0.879997445864,2500.0,0.15
7,Zprime_3500GeV_060,0.814442014055,3500.0,0.6
8,Zprime_2500GeV_045,0.845477574621,2500.0,0.45
9,Zprime_2000GeV_075,0.805170150717,2000.0,0.75
10,Zprime_2500GeV_060,0.820964500327,2500.0,0.6
11,Zprime_4000GeV_075,0.776442456392,4000.0,0.75
12,Zprime_4000GeV_030,0.872371406965,4000.0,0.3
13,Zprime_4000GeV_015,0.886277398874,4000.0,0.15
14,Zprime_3000GeV_030,0.865037424632,3000.0,0.3
15,Zprime_1500GeV_045,0.85016546407,1500.0,0.45
16,Zprime_3000GeV_075,0.786848744663,3000.0,0.75
17,Zprime_1500GeV_060,0.831516162537,1500.0,0.6
18,Zprime_3000GeV_015,0.881738920106,3000.0,0.15
19,Zprime_3500GeV_015,0.883279172307,3500.0,0.15
20,Zprime_3500GeV_030,0.867753541005,3500.0,0.3
21,Zprime_2000GeV_030,0.869065041804,2000.0,0.3
22,Zprime_2000GeV_015,0.88146949605,2000.0,0.15
23,Zprime_3500GeV_075,0.780934433323,3500.0,0.75
24,Zprime_3500GeV_045,0.84502539448,3500.0,0.45
25,Zprime_2500GeV_030,0.865039208971,2500.0,0.3
26,Zprime_2000GeV_060,0.828105998965,2000.0,0.6
27,Zprime_4000GeV_060,0.815840408082,4000.0,0.6
28,Zprime_2500GeV_075,0.792744607153,2500.0,0.75
29,Zprime_4000GeV_045,0.84628932564,4000.0,0.45
