,name,auc,mass,nu
0,Zprime_1500GeV_075,0.719368860423,1500.0,0.75
1,Zprime_1500GeV_015,0.812104729571,1500.0,0.15
2,Zprime_3000GeV_060,0.747894357496,3000.0,0.6
3,Zprime_1500GeV_030,0.799088576858,1500.0,0.3
4,Zprime_3000GeV_045,0.781814816004,3000.0,0.45
5,Zprime_2000GeV_045,0.779283541213,2000.0,0.45
6,Zprime_2500GeV_015,0.821734854979,2500.0,0.15
7,Zprime_3500GeV_060,0.752000849197,3500.0,0.6
8,Zprime_2500GeV_045,0.777603545418,2500.0,0.45
9,Zprime_2000GeV_075,0.7227153591,2000.0,0.75
10,Zprime_2500GeV_060,0.748280882785,2500.0,0.6
11,Zprime_4000GeV_075,0.711731702848,4000.0,0.75
12,Zprime_4000GeV_030,0.82201017035,4000.0,0.3
13,Zprime_4000GeV_015,0.840368556,4000.0,0.15
14,Zprime_3000GeV_030,0.80706971613,3000.0,0.3
15,Zprime_1500GeV_045,0.771860434519,1500.0,0.45
16,Zprime_3000GeV_075,0.712898420911,3000.0,0.75
17,Zprime_1500GeV_060,0.755358030976,1500.0,0.6
18,Zprime_3000GeV_015,0.831705366878,3000.0,0.15
19,Zprime_3500GeV_015,0.835340015768,3500.0,0.15
20,Zprime_3500GeV_030,0.815946814714,3500.0,0.3
21,Zprime_2000GeV_030,0.80268659556,2000.0,0.3
22,Zprime_2000GeV_015,0.81919738587,2000.0,0.15
23,Zprime_3500GeV_075,0.7115239758,3500.0,0.75
24,Zprime_3500GeV_045,0.78523821613,3500.0,0.45
25,Zprime_2500GeV_030,0.802440217763,2500.0,0.3
26,Zprime_2000GeV_060,0.749899663362,2000.0,0.6
27,Zprime_4000GeV_060,0.755340165837,4000.0,0.6
28,Zprime_2500GeV_075,0.711938350272,2500.0,0.75
29,Zprime_4000GeV_045,0.788016081167,4000.0,0.45
