,name,auc,mass,nu
0,Zprime_1500GeV_075,0.757828283397,1500.0,0.75
1,Zprime_1500GeV_015,0.843553272971,1500.0,0.15
2,Zprime_3000GeV_060,0.787319328373,3000.0,0.6
3,Zprime_1500GeV_030,0.831883185371,1500.0,0.3
4,Zprime_3000GeV_045,0.820193147519,3000.0,0.45
5,Zprime_2000GeV_045,0.822525942594,2000.0,0.45
6,Zprime_2500GeV_015,0.864206621298,2500.0,0.15
7,Zprime_3500GeV_060,0.784637959762,3500.0,0.6
8,Zprime_2500GeV_045,0.821895420321,2500.0,0.45
9,Zprime_2000GeV_075,0.761743789004,2000.0,0.75
10,Zprime_2500GeV_060,0.790499914512,2500.0,0.6
11,Zprime_4000GeV_075,0.736235538965,4000.0,0.75
12,Zprime_4000GeV_030,0.847188285696,4000.0,0.3
13,Zprime_4000GeV_015,0.859166876411,4000.0,0.15
14,Zprime_3000GeV_030,0.843586120997,3000.0,0.3
15,Zprime_1500GeV_045,0.810537272106,1500.0,0.45
16,Zprime_3000GeV_075,0.747150393113,3000.0,0.75
17,Zprime_1500GeV_060,0.788020560852,1500.0,0.6
18,Zprime_3000GeV_015,0.863730307941,3000.0,0.15
19,Zprime_3500GeV_015,0.860391374174,3500.0,0.15
20,Zprime_3500GeV_030,0.845949455183,3500.0,0.3
21,Zprime_2000GeV_030,0.845843493425,2000.0,0.3
22,Zprime_2000GeV_015,0.86406086718,2000.0,0.15
23,Zprime_3500GeV_075,0.743745910498,3500.0,0.75
24,Zprime_3500GeV_045,0.81843601507,3500.0,0.45
25,Zprime_2500GeV_030,0.846192677071,2500.0,0.3
26,Zprime_2000GeV_060,0.79325068615,2000.0,0.6
27,Zprime_4000GeV_060,0.784982942653,4000.0,0.6
28,Zprime_2500GeV_075,0.750854253676,2500.0,0.75
29,Zprime_4000GeV_045,0.817773428075,4000.0,0.45
