,name,auc,mass,nu
0,Zprime_1500GeV_075,0.807391583028,1500.0,0.75
1,Zprime_1500GeV_015,0.87904238182,1500.0,0.15
2,Zprime_3000GeV_060,0.816917082343,3000.0,0.6
3,Zprime_1500GeV_030,0.867941633124,1500.0,0.3
4,Zprime_3000GeV_045,0.845984524037,3000.0,0.45
5,Zprime_2000GeV_045,0.852960743508,2000.0,0.45
6,Zprime_2500GeV_015,0.882217761818,2500.0,0.15
7,Zprime_3500GeV_060,0.815481825121,3500.0,0.6
8,Zprime_2500GeV_045,0.847450647547,2500.0,0.45
9,Zprime_2000GeV_075,0.80576171605,2000.0,0.75
10,Zprime_2500GeV_060,0.82273638851,2500.0,0.6
11,Zprime_4000GeV_075,0.776238385622,4000.0,0.75
12,Zprime_4000GeV_030,0.874721646168,4000.0,0.3
13,Zprime_4000GeV_015,0.887905370333,4000.0,0.15
14,Zprime_3000GeV_030,0.866555220261,3000.0,0.3
15,Zprime_1500GeV_045,0.852377646244,1500.0,0.45
16,Zprime_3000GeV_075,0.786691036018,3000.0,0.75
17,Zprime_1500GeV_060,0.834135506487,1500.0,0.6
18,Zprime_3000GeV_015,0.884449976961,3000.0,0.15
19,Zprime_3500GeV_015,0.886174232878,3500.0,0.15
20,Zprime_3500GeV_030,0.870994442535,3500.0,0.3
21,Zprime_2000GeV_030,0.871434412026,2000.0,0.3
22,Zprime_2000GeV_015,0.883506201962,2000.0,0.15
23,Zprime_3500GeV_075,0.781392030802,3500.0,0.75
24,Zprime_3500GeV_045,0.846435069272,3500.0,0.45
25,Zprime_2500GeV_030,0.866905507935,2500.0,0.3
26,Zprime_2000GeV_060,0.830074261707,2000.0,0.6
27,Zprime_4000GeV_060,0.816953657085,4000.0,0.6
28,Zprime_2500GeV_075,0.791966259599,2500.0,0.75
29,Zprime_4000GeV_045,0.848461496663,4000.0,0.45
