,name,auc,mass,nu
0,Zprime_1500GeV_075,0.751556091451,1500.0,0.75
1,Zprime_1500GeV_015,0.841731126128,1500.0,0.15
2,Zprime_3000GeV_060,0.770843205727,3000.0,0.6
3,Zprime_1500GeV_030,0.826272105795,1500.0,0.3
4,Zprime_3000GeV_045,0.804310318207,3000.0,0.45
5,Zprime_2000GeV_045,0.805890567327,2000.0,0.45
6,Zprime_2500GeV_015,0.842877863117,2500.0,0.15
7,Zprime_3500GeV_060,0.775289537012,3500.0,0.6
8,Zprime_2500GeV_045,0.801304552901,2500.0,0.45
9,Zprime_2000GeV_075,0.751680293331,2000.0,0.75
10,Zprime_2500GeV_060,0.771431791527,2500.0,0.6
11,Zprime_4000GeV_075,0.733480731248,4000.0,0.75
12,Zprime_4000GeV_030,0.846475368917,4000.0,0.3
13,Zprime_4000GeV_015,0.865198830481,4000.0,0.15
14,Zprime_3000GeV_030,0.828691124909,3000.0,0.3
15,Zprime_1500GeV_045,0.801037699165,1500.0,0.45
16,Zprime_3000GeV_075,0.736098545651,3000.0,0.75
17,Zprime_1500GeV_060,0.784966180531,1500.0,0.6
18,Zprime_3000GeV_015,0.852140431523,3000.0,0.15
19,Zprime_3500GeV_015,0.858622557272,3500.0,0.15
20,Zprime_3500GeV_030,0.839532820072,3500.0,0.3
21,Zprime_2000GeV_030,0.82869170117,2000.0,0.3
22,Zprime_2000GeV_015,0.843550745671,2000.0,0.15
23,Zprime_3500GeV_075,0.736229273717,3500.0,0.75
24,Zprime_3500GeV_045,0.809338644735,3500.0,0.45
25,Zprime_2500GeV_030,0.823498295118,2500.0,0.3
26,Zprime_2000GeV_060,0.777266775427,2000.0,0.6
27,Zprime_4000GeV_060,0.78002575419,4000.0,0.6
28,Zprime_2500GeV_075,0.737640792038,2500.0,0.75
29,Zprime_4000GeV_045,0.81342138315,4000.0,0.45
