,name,auc,mass,nu
0,Zprime_1500GeV_075,0.783751297867,1500.0,0.75
1,Zprime_1500GeV_015,0.849466098493,1500.0,0.15
2,Zprime_3000GeV_060,0.80033661431,3000.0,0.6
3,Zprime_1500GeV_030,0.840168006112,1500.0,0.3
4,Zprime_3000GeV_045,0.824650170172,3000.0,0.45
5,Zprime_2000GeV_045,0.832588569843,2000.0,0.45
6,Zprime_2500GeV_015,0.856516984882,2500.0,0.15
7,Zprime_3500GeV_060,0.797860179451,3500.0,0.6
8,Zprime_2500GeV_045,0.825697187177,2500.0,0.45
9,Zprime_2000GeV_075,0.788855674183,2000.0,0.75
10,Zprime_2500GeV_060,0.803991092803,2500.0,0.6
11,Zprime_4000GeV_075,0.766805835856,4000.0,0.75
12,Zprime_4000GeV_030,0.857489102792,4000.0,0.3
13,Zprime_4000GeV_015,0.876053689005,4000.0,0.15
14,Zprime_3000GeV_030,0.844674579028,3000.0,0.3
15,Zprime_1500GeV_045,0.82050035206,1500.0,0.45
16,Zprime_3000GeV_075,0.772543957442,3000.0,0.75
17,Zprime_1500GeV_060,0.805874071488,1500.0,0.6
18,Zprime_3000GeV_015,0.863538925628,3000.0,0.15
19,Zprime_3500GeV_015,0.870702498503,3500.0,0.15
20,Zprime_3500GeV_030,0.852642351277,3500.0,0.3
21,Zprime_2000GeV_030,0.84971101428,2000.0,0.3
22,Zprime_2000GeV_015,0.859640036409,2000.0,0.15
23,Zprime_3500GeV_075,0.769865440932,3500.0,0.75
24,Zprime_3500GeV_045,0.827630894191,3500.0,0.45
25,Zprime_2500GeV_030,0.841531372941,2500.0,0.3
26,Zprime_2000GeV_060,0.80953102179,2000.0,0.6
27,Zprime_4000GeV_060,0.800210850495,4000.0,0.6
28,Zprime_2500GeV_075,0.779340374418,2500.0,0.75
29,Zprime_4000GeV_045,0.830651705312,4000.0,0.45
