,name,auc,mass,nu
0,Zprime_1500GeV_075,0.736498464613,1500.0,0.75
1,Zprime_1500GeV_015,0.833002435428,1500.0,0.15
2,Zprime_3000GeV_060,0.761649964739,3000.0,0.6
3,Zprime_1500GeV_030,0.816736586405,1500.0,0.3
4,Zprime_3000GeV_045,0.790298033764,3000.0,0.45
5,Zprime_2000GeV_045,0.799127515555,2000.0,0.45
6,Zprime_2500GeV_015,0.83181344413,2500.0,0.15
7,Zprime_3500GeV_060,0.762906843098,3500.0,0.6
8,Zprime_2500GeV_045,0.793185352748,2500.0,0.45
9,Zprime_2000GeV_075,0.743650553104,2000.0,0.75
10,Zprime_2500GeV_060,0.763929926643,2500.0,0.6
11,Zprime_4000GeV_075,0.723079293264,4000.0,0.75
12,Zprime_4000GeV_030,0.822149267031,4000.0,0.3
13,Zprime_4000GeV_015,0.839782265276,4000.0,0.15
14,Zprime_3000GeV_030,0.810950482224,3000.0,0.3
15,Zprime_1500GeV_045,0.791260607373,1500.0,0.45
16,Zprime_3000GeV_075,0.727723114236,3000.0,0.75
17,Zprime_1500GeV_060,0.773503564723,1500.0,0.6
18,Zprime_3000GeV_015,0.830441175608,3000.0,0.15
19,Zprime_3500GeV_015,0.832359565317,3500.0,0.15
20,Zprime_3500GeV_030,0.816956214098,3500.0,0.3
21,Zprime_2000GeV_030,0.822694696919,2000.0,0.3
22,Zprime_2000GeV_015,0.837805466826,2000.0,0.15
23,Zprime_3500GeV_075,0.725865390345,3500.0,0.75
24,Zprime_3500GeV_045,0.790125686283,3500.0,0.45
25,Zprime_2500GeV_030,0.815722292238,2500.0,0.3
26,Zprime_2000GeV_060,0.771581134446,2000.0,0.6
27,Zprime_4000GeV_060,0.764247805525,4000.0,0.6
28,Zprime_2500GeV_075,0.730392981408,2500.0,0.75
29,Zprime_4000GeV_045,0.793015751843,4000.0,0.45
