,name,auc,mass,nu
0,Zprime_1500GeV_075,0.743123145198,1500.0,0.75
1,Zprime_1500GeV_015,0.832422593689,1500.0,0.15
2,Zprime_3000GeV_060,0.765342825944,3000.0,0.6
3,Zprime_1500GeV_030,0.819155059903,1500.0,0.3
4,Zprime_3000GeV_045,0.799436647984,3000.0,0.45
5,Zprime_2000GeV_045,0.795886057738,2000.0,0.45
6,Zprime_2500GeV_015,0.839058830017,2500.0,0.15
7,Zprime_3500GeV_060,0.769991388141,3500.0,0.6
8,Zprime_2500GeV_045,0.794528953742,2500.0,0.45
9,Zprime_2000GeV_075,0.740484873779,2000.0,0.75
10,Zprime_2500GeV_060,0.763963371343,2500.0,0.6
11,Zprime_4000GeV_075,0.729420645248,4000.0,0.75
12,Zprime_4000GeV_030,0.842861920296,4000.0,0.3
13,Zprime_4000GeV_015,0.861334537912,4000.0,0.15
14,Zprime_3000GeV_030,0.823956350311,3000.0,0.3
15,Zprime_1500GeV_045,0.793372684288,1500.0,0.45
16,Zprime_3000GeV_075,0.729692483883,3000.0,0.75
17,Zprime_1500GeV_060,0.77877950781,1500.0,0.6
18,Zprime_3000GeV_015,0.846934491134,3000.0,0.15
19,Zprime_3500GeV_015,0.85357123316,3500.0,0.15
20,Zprime_3500GeV_030,0.834079246951,3500.0,0.3
21,Zprime_2000GeV_030,0.81984093347,2000.0,0.3
22,Zprime_2000GeV_015,0.836152511387,2000.0,0.15
23,Zprime_3500GeV_075,0.73074705337,3500.0,0.75
24,Zprime_3500GeV_045,0.803881076454,3500.0,0.45
25,Zprime_2500GeV_030,0.818867391845,2500.0,0.3
26,Zprime_2000GeV_060,0.768654015423,2000.0,0.6
27,Zprime_4000GeV_060,0.776067436412,4000.0,0.6
28,Zprime_2500GeV_075,0.728715749272,2500.0,0.75
29,Zprime_4000GeV_045,0.810259352849,4000.0,0.45
