,name,auc,mass,nu
0,Zprime_1500GeV_075,0.748561575009,1500.0,0.75
1,Zprime_1500GeV_015,0.842717369394,1500.0,0.15
2,Zprime_3000GeV_060,0.784042976901,3000.0,0.6
3,Zprime_1500GeV_030,0.830655602296,1500.0,0.3
4,Zprime_3000GeV_045,0.818382471546,3000.0,0.45
5,Zprime_2000GeV_045,0.822530901932,2000.0,0.45
6,Zprime_2500GeV_015,0.86388725853,2500.0,0.15
7,Zprime_3500GeV_060,0.78265669611,3500.0,0.6
8,Zprime_2500GeV_045,0.819894497402,2500.0,0.45
9,Zprime_2000GeV_075,0.7579370565,2000.0,0.75
10,Zprime_2500GeV_060,0.788795620044,2500.0,0.6
11,Zprime_4000GeV_075,0.732879615398,4000.0,0.75
12,Zprime_4000GeV_030,0.844334721417,4000.0,0.3
13,Zprime_4000GeV_015,0.860566714618,4000.0,0.15
14,Zprime_3000GeV_030,0.841095771357,3000.0,0.3
15,Zprime_1500GeV_045,0.801168558552,1500.0,0.45
16,Zprime_3000GeV_075,0.744844352769,3000.0,0.75
17,Zprime_1500GeV_060,0.781339714463,1500.0,0.6
18,Zprime_3000GeV_015,0.862366347473,3000.0,0.15
19,Zprime_3500GeV_015,0.860703306622,3500.0,0.15
20,Zprime_3500GeV_030,0.843122016561,3500.0,0.3
21,Zprime_2000GeV_030,0.847932848445,2000.0,0.3
22,Zprime_2000GeV_015,0.864952470961,2000.0,0.15
23,Zprime_3500GeV_075,0.740421730386,3500.0,0.75
24,Zprime_3500GeV_045,0.813989199277,3500.0,0.45
25,Zprime_2500GeV_030,0.844355340361,2500.0,0.3
26,Zprime_2000GeV_060,0.791875350956,2000.0,0.6
27,Zprime_4000GeV_060,0.781784474186,4000.0,0.6
28,Zprime_2500GeV_075,0.747963161643,2500.0,0.75
29,Zprime_4000GeV_045,0.814857239422,4000.0,0.45
