,name,auc,mass,nu
0,Zprime_1500GeV_075,0.698072357552,1500.0,0.75
1,Zprime_1500GeV_015,0.795348258072,1500.0,0.15
2,Zprime_3000GeV_060,0.731650346239,3000.0,0.6
3,Zprime_1500GeV_030,0.778972142918,1500.0,0.3
4,Zprime_3000GeV_045,0.770308940969,3000.0,0.45
5,Zprime_2000GeV_045,0.765885735256,2000.0,0.45
6,Zprime_2500GeV_015,0.817013707422,2500.0,0.15
7,Zprime_3500GeV_060,0.732981982333,3500.0,0.6
8,Zprime_2500GeV_045,0.767328128163,2500.0,0.45
9,Zprime_2000GeV_075,0.702273533123,2000.0,0.75
10,Zprime_2500GeV_060,0.730979340784,2500.0,0.6
11,Zprime_4000GeV_075,0.688695969021,4000.0,0.75
12,Zprime_4000GeV_030,0.817598723245,4000.0,0.3
13,Zprime_4000GeV_015,0.84145621671,4000.0,0.15
14,Zprime_3000GeV_030,0.799049308281,3000.0,0.3
15,Zprime_1500GeV_045,0.751283704753,1500.0,0.45
16,Zprime_3000GeV_075,0.692260726983,3000.0,0.75
17,Zprime_1500GeV_060,0.732778595543,1500.0,0.6
18,Zprime_3000GeV_015,0.825917168653,3000.0,0.15
19,Zprime_3500GeV_015,0.834979018925,3500.0,0.15
20,Zprime_3500GeV_030,0.810276720539,3500.0,0.3
21,Zprime_2000GeV_030,0.791241920221,2000.0,0.3
22,Zprime_2000GeV_015,0.810802431936,2000.0,0.15
23,Zprime_3500GeV_075,0.688068121546,3500.0,0.75
24,Zprime_3500GeV_045,0.775879674474,3500.0,0.45
25,Zprime_2500GeV_030,0.794214779952,2500.0,0.3
26,Zprime_2000GeV_060,0.735364522794,2000.0,0.6
27,Zprime_4000GeV_060,0.739444403893,4000.0,0.6
28,Zprime_2500GeV_075,0.691240675247,2500.0,0.75
29,Zprime_4000GeV_045,0.781735537595,4000.0,0.45
