,name,auc,mass,nu
0,Zprime_1500GeV_075,0.798697347828,1500.0,0.75
1,Zprime_1500GeV_015,0.871162705175,1500.0,0.15
2,Zprime_3000GeV_060,0.806122840728,3000.0,0.6
3,Zprime_1500GeV_030,0.862203231908,1500.0,0.3
4,Zprime_3000GeV_045,0.835975572598,3000.0,0.45
5,Zprime_2000GeV_045,0.844718882704,2000.0,0.45
6,Zprime_2500GeV_015,0.875102641417,2500.0,0.15
7,Zprime_3500GeV_060,0.804158752921,3500.0,0.6
8,Zprime_2500GeV_045,0.838039429419,2500.0,0.45
9,Zprime_2000GeV_075,0.796647218528,2000.0,0.75
10,Zprime_2500GeV_060,0.811519495139,2500.0,0.6
11,Zprime_4000GeV_075,0.764037616754,4000.0,0.75
12,Zprime_4000GeV_030,0.864047141456,4000.0,0.3
13,Zprime_4000GeV_015,0.879511371535,4000.0,0.15
14,Zprime_3000GeV_030,0.856870992129,3000.0,0.3
15,Zprime_1500GeV_045,0.842421723198,1500.0,0.45
16,Zprime_3000GeV_075,0.775009025503,3000.0,0.75
17,Zprime_1500GeV_060,0.827642658698,1500.0,0.6
18,Zprime_3000GeV_015,0.875248685494,3000.0,0.15
19,Zprime_3500GeV_015,0.875514307313,3500.0,0.15
20,Zprime_3500GeV_030,0.860026220383,3500.0,0.3
21,Zprime_2000GeV_030,0.86432317933,2000.0,0.3
22,Zprime_2000GeV_015,0.876879573484,2000.0,0.15
23,Zprime_3500GeV_075,0.768940577952,3500.0,0.75
24,Zprime_3500GeV_045,0.833119875504,3500.0,0.45
25,Zprime_2500GeV_030,0.858618795959,2500.0,0.3
26,Zprime_2000GeV_060,0.821402456822,2000.0,0.6
27,Zprime_4000GeV_060,0.806200871789,4000.0,0.6
28,Zprime_2500GeV_075,0.782491732805,2500.0,0.75
29,Zprime_4000GeV_045,0.835920500238,4000.0,0.45
