,name,auc,mass,nu
0,Zprime_1500GeV_075,0.750301388524,1500.0,0.75
1,Zprime_1500GeV_015,0.835109449902,1500.0,0.15
2,Zprime_3000GeV_060,0.769864787733,3000.0,0.6
3,Zprime_1500GeV_030,0.824683853352,1500.0,0.3
4,Zprime_3000GeV_045,0.799155964737,3000.0,0.45
5,Zprime_2000GeV_045,0.805141451175,2000.0,0.45
6,Zprime_2500GeV_015,0.840036376298,2500.0,0.15
7,Zprime_3500GeV_060,0.771825905419,3500.0,0.6
8,Zprime_2500GeV_045,0.800294928898,2500.0,0.45
9,Zprime_2000GeV_075,0.752419835711,2000.0,0.75
10,Zprime_2500GeV_060,0.771600105108,2500.0,0.6
11,Zprime_4000GeV_075,0.733904672232,4000.0,0.75
12,Zprime_4000GeV_030,0.827762619984,4000.0,0.3
13,Zprime_4000GeV_015,0.844386616492,4000.0,0.15
14,Zprime_3000GeV_030,0.819771434355,3000.0,0.3
15,Zprime_1500GeV_045,0.801033766295,1500.0,0.45
16,Zprime_3000GeV_075,0.737241084109,3000.0,0.75
17,Zprime_1500GeV_060,0.780799421554,1500.0,0.6
18,Zprime_3000GeV_015,0.8400169917,3000.0,0.15
19,Zprime_3500GeV_015,0.83899469072,3500.0,0.15
20,Zprime_3500GeV_030,0.824511074793,3500.0,0.3
21,Zprime_2000GeV_030,0.82810080727,2000.0,0.3
22,Zprime_2000GeV_015,0.843408916799,2000.0,0.15
23,Zprime_3500GeV_075,0.736161351378,3500.0,0.75
24,Zprime_3500GeV_045,0.797829870269,3500.0,0.45
25,Zprime_2500GeV_030,0.822784065187,2500.0,0.3
26,Zprime_2000GeV_060,0.778238129908,2000.0,0.6
27,Zprime_4000GeV_060,0.771632873652,4000.0,0.6
28,Zprime_2500GeV_075,0.738491543078,2500.0,0.75
29,Zprime_4000GeV_045,0.79983114781,4000.0,0.45
