,name,auc,mass,nu
0,Zprime_1500GeV_075,0.774555267929,1500.0,0.75
1,Zprime_1500GeV_015,0.840525590908,1500.0,0.15
2,Zprime_3000GeV_060,0.791613393948,3000.0,0.6
3,Zprime_1500GeV_030,0.826297041387,1500.0,0.3
4,Zprime_3000GeV_045,0.815804375482,3000.0,0.45
5,Zprime_2000GeV_045,0.823069618902,2000.0,0.45
6,Zprime_2500GeV_015,0.848480110996,2500.0,0.15
7,Zprime_3500GeV_060,0.787682852559,3500.0,0.6
8,Zprime_2500GeV_045,0.817185673163,2500.0,0.45
9,Zprime_2000GeV_075,0.778964938864,2000.0,0.75
10,Zprime_2500GeV_060,0.793818339528,2500.0,0.6
11,Zprime_4000GeV_075,0.754901692632,4000.0,0.75
12,Zprime_4000GeV_030,0.848786521657,4000.0,0.3
13,Zprime_4000GeV_015,0.860914528131,4000.0,0.15
14,Zprime_3000GeV_030,0.836036980011,3000.0,0.3
15,Zprime_1500GeV_045,0.808551458608,1500.0,0.45
16,Zprime_3000GeV_075,0.763053252018,3000.0,0.75
17,Zprime_1500GeV_060,0.796097490101,1500.0,0.6
18,Zprime_3000GeV_015,0.854825916297,3000.0,0.15
19,Zprime_3500GeV_015,0.859138197619,3500.0,0.15
20,Zprime_3500GeV_030,0.843226723437,3500.0,0.3
21,Zprime_2000GeV_030,0.839742372908,2000.0,0.3
22,Zprime_2000GeV_015,0.850841001878,2000.0,0.15
23,Zprime_3500GeV_075,0.75978140008,3500.0,0.75
24,Zprime_3500GeV_045,0.817467682574,3500.0,0.45
25,Zprime_2500GeV_030,0.834322713777,2500.0,0.3
26,Zprime_2000GeV_060,0.79937052701,2000.0,0.6
27,Zprime_4000GeV_060,0.790874175613,4000.0,0.6
28,Zprime_2500GeV_075,0.770168246359,2500.0,0.75
29,Zprime_4000GeV_045,0.821100037071,4000.0,0.45
