,name,auc,mass,nu
0,Zprime_1500GeV_075,0.752301534989,1500.0,0.75
1,Zprime_1500GeV_015,0.834686817463,1500.0,0.15
2,Zprime_3000GeV_060,0.773052058433,3000.0,0.6
3,Zprime_1500GeV_030,0.823117241869,1500.0,0.3
4,Zprime_3000GeV_045,0.806246214564,3000.0,0.45
5,Zprime_2000GeV_045,0.806058094719,2000.0,0.45
6,Zprime_2500GeV_015,0.847083844175,2500.0,0.15
7,Zprime_3500GeV_060,0.774639642938,3500.0,0.6
8,Zprime_2500GeV_045,0.805273386958,2500.0,0.45
9,Zprime_2000GeV_075,0.75776377722,2000.0,0.75
10,Zprime_2500GeV_060,0.776547452734,2500.0,0.6
11,Zprime_4000GeV_075,0.731533785114,4000.0,0.75
12,Zprime_4000GeV_030,0.837487605877,4000.0,0.3
13,Zprime_4000GeV_015,0.851466755066,4000.0,0.15
14,Zprime_3000GeV_030,0.829640387023,3000.0,0.3
15,Zprime_1500GeV_045,0.799921632993,1500.0,0.45
16,Zprime_3000GeV_075,0.740407109037,3000.0,0.75
17,Zprime_1500GeV_060,0.785345077902,1500.0,0.6
18,Zprime_3000GeV_015,0.851515760119,3000.0,0.15
19,Zprime_3500GeV_015,0.852033841654,3500.0,0.15
20,Zprime_3500GeV_030,0.834277796392,3500.0,0.3
21,Zprime_2000GeV_030,0.827835486194,2000.0,0.3
22,Zprime_2000GeV_015,0.841287795193,2000.0,0.15
23,Zprime_3500GeV_075,0.736107825719,3500.0,0.75
24,Zprime_3500GeV_045,0.804634533255,3500.0,0.45
25,Zprime_2500GeV_030,0.828796652481,2500.0,0.3
26,Zprime_2000GeV_060,0.778850686381,2000.0,0.6
27,Zprime_4000GeV_060,0.776544988706,4000.0,0.6
28,Zprime_2500GeV_075,0.743774408387,2500.0,0.75
29,Zprime_4000GeV_045,0.807860499047,4000.0,0.45
