,name,auc,mass,nu
0,Zprime_1500GeV_075,0.782763043664,1500.0,0.75
1,Zprime_1500GeV_015,0.859337356861,1500.0,0.15
2,Zprime_3000GeV_060,0.792797640979,3000.0,0.6
3,Zprime_1500GeV_030,0.84712260532,1500.0,0.3
4,Zprime_3000GeV_045,0.823728654767,3000.0,0.45
5,Zprime_2000GeV_045,0.829556883346,2000.0,0.45
6,Zprime_2500GeV_015,0.863984415233,2500.0,0.15
7,Zprime_3500GeV_060,0.790907868444,3500.0,0.6
8,Zprime_2500GeV_045,0.824965511628,2500.0,0.45
9,Zprime_2000GeV_075,0.780735821688,2000.0,0.75
10,Zprime_2500GeV_060,0.79703716106,2500.0,0.6
11,Zprime_4000GeV_075,0.748505494044,4000.0,0.75
12,Zprime_4000GeV_030,0.851957584151,4000.0,0.3
13,Zprime_4000GeV_015,0.865794810354,4000.0,0.15
14,Zprime_3000GeV_030,0.845769015371,3000.0,0.3
15,Zprime_1500GeV_045,0.82769385699,1500.0,0.45
16,Zprime_3000GeV_075,0.760085471571,3000.0,0.75
17,Zprime_1500GeV_060,0.812014679482,1500.0,0.6
18,Zprime_3000GeV_015,0.86467314889,3000.0,0.15
19,Zprime_3500GeV_015,0.864831636483,3500.0,0.15
20,Zprime_3500GeV_030,0.849416812822,3500.0,0.3
21,Zprime_2000GeV_030,0.851545380083,2000.0,0.3
22,Zprime_2000GeV_015,0.865177913743,2000.0,0.15
23,Zprime_3500GeV_075,0.754321634204,3500.0,0.75
24,Zprime_3500GeV_045,0.82142281083,3500.0,0.45
25,Zprime_2500GeV_030,0.846717226903,2500.0,0.3
26,Zprime_2000GeV_060,0.804866698611,2000.0,0.6
27,Zprime_4000GeV_060,0.792359714858,4000.0,0.6
28,Zprime_2500GeV_075,0.767359968333,2500.0,0.75
29,Zprime_4000GeV_045,0.823351802493,4000.0,0.45
