,name,auc,mass,nu
0,Zprime_1500GeV_075,0.798970578292,1500.0,0.75
1,Zprime_1500GeV_015,0.877677125967,1500.0,0.15
2,Zprime_3000GeV_060,0.81082783122,3000.0,0.6
3,Zprime_1500GeV_030,0.865603807808,1500.0,0.3
4,Zprime_3000GeV_045,0.840424318335,3000.0,0.45
5,Zprime_2000GeV_045,0.850422816999,2000.0,0.45
6,Zprime_2500GeV_015,0.880559168627,2500.0,0.15
7,Zprime_3500GeV_060,0.808868329445,3500.0,0.6
8,Zprime_2500GeV_045,0.843429453412,2500.0,0.45
9,Zprime_2000GeV_075,0.798718206286,2000.0,0.75
10,Zprime_2500GeV_060,0.81774644717,2500.0,0.6
11,Zprime_4000GeV_075,0.768194306373,4000.0,0.75
12,Zprime_4000GeV_030,0.863621582562,4000.0,0.3
13,Zprime_4000GeV_015,0.876765616181,4000.0,0.15
14,Zprime_3000GeV_030,0.860187890395,3000.0,0.3
15,Zprime_1500GeV_045,0.847299085173,1500.0,0.45
16,Zprime_3000GeV_075,0.780812783051,3000.0,0.75
17,Zprime_1500GeV_060,0.830241911604,1500.0,0.6
18,Zprime_3000GeV_015,0.877984945048,3000.0,0.15
19,Zprime_3500GeV_015,0.875407939046,3500.0,0.15
20,Zprime_3500GeV_030,0.861883819185,3500.0,0.3
21,Zprime_2000GeV_030,0.870525314795,2000.0,0.3
22,Zprime_2000GeV_015,0.88389113495,2000.0,0.15
23,Zprime_3500GeV_075,0.773941187679,3500.0,0.75
24,Zprime_3500GeV_045,0.837510059447,3500.0,0.45
25,Zprime_2500GeV_030,0.86488187643,2500.0,0.3
26,Zprime_2000GeV_060,0.824938881361,2000.0,0.6
27,Zprime_4000GeV_060,0.809446361309,4000.0,0.6
28,Zprime_2500GeV_075,0.785593263533,2500.0,0.75
29,Zprime_4000GeV_045,0.838234809492,4000.0,0.45
