,name,auc,mass,nu
0,Zprime_1500GeV_075,0.798782051964,1500.0,0.75
1,Zprime_1500GeV_015,0.867963049969,1500.0,0.15
2,Zprime_3000GeV_060,0.804689541135,3000.0,0.6
3,Zprime_1500GeV_030,0.856207224897,1500.0,0.3
4,Zprime_3000GeV_045,0.833554738002,3000.0,0.45
5,Zprime_2000GeV_045,0.839607486849,2000.0,0.45
6,Zprime_2500GeV_015,0.870975847913,2500.0,0.15
7,Zprime_3500GeV_060,0.802571647131,3500.0,0.6
8,Zprime_2500GeV_045,0.834682305292,2500.0,0.45
9,Zprime_2000GeV_075,0.793955294641,2000.0,0.75
10,Zprime_2500GeV_060,0.809110370562,2500.0,0.6
11,Zprime_4000GeV_075,0.761912547843,4000.0,0.75
12,Zprime_4000GeV_030,0.8581730589,4000.0,0.3
13,Zprime_4000GeV_015,0.87079695554,4000.0,0.15
14,Zprime_3000GeV_030,0.853425908873,3000.0,0.3
15,Zprime_1500GeV_045,0.838085345381,1500.0,0.45
16,Zprime_3000GeV_075,0.77373021495,3000.0,0.75
17,Zprime_1500GeV_060,0.824109663139,1500.0,0.6
18,Zprime_3000GeV_015,0.872197379251,3000.0,0.15
19,Zprime_3500GeV_015,0.871146895416,3500.0,0.15
20,Zprime_3500GeV_030,0.855833694723,3500.0,0.3
21,Zprime_2000GeV_030,0.859608421908,2000.0,0.3
22,Zprime_2000GeV_015,0.872215265513,2000.0,0.15
23,Zprime_3500GeV_075,0.766597594398,3500.0,0.75
24,Zprime_3500GeV_045,0.830011567227,3500.0,0.45
25,Zprime_2500GeV_030,0.855149949993,2500.0,0.3
26,Zprime_2000GeV_060,0.816742169297,2000.0,0.6
27,Zprime_4000GeV_060,0.80254778045,4000.0,0.6
28,Zprime_2500GeV_075,0.781038548489,2500.0,0.75
29,Zprime_4000GeV_045,0.831615395677,4000.0,0.45
