,name,auc,mass,nu
0,Zprime_1500GeV_075,0.717558316073,1500.0,0.75
1,Zprime_1500GeV_015,0.811231124638,1500.0,0.15
2,Zprime_3000GeV_060,0.744291252564,3000.0,0.6
3,Zprime_1500GeV_030,0.798614747459,1500.0,0.3
4,Zprime_3000GeV_045,0.780518810542,3000.0,0.45
5,Zprime_2000GeV_045,0.778396177984,2000.0,0.45
6,Zprime_2500GeV_015,0.8244655283,2500.0,0.15
7,Zprime_3500GeV_060,0.748246077341,3500.0,0.6
8,Zprime_2500GeV_045,0.777540707038,2500.0,0.45
9,Zprime_2000GeV_075,0.720822153587,2000.0,0.75
10,Zprime_2500GeV_060,0.74736108777,2500.0,0.6
11,Zprime_4000GeV_075,0.707192412968,4000.0,0.75
12,Zprime_4000GeV_030,0.820832373073,4000.0,0.3
13,Zprime_4000GeV_015,0.842972754426,4000.0,0.15
14,Zprime_3000GeV_030,0.805660743396,3000.0,0.3
15,Zprime_1500GeV_045,0.771390170743,1500.0,0.45
16,Zprime_3000GeV_075,0.707896204609,3000.0,0.75
17,Zprime_1500GeV_060,0.750602079609,1500.0,0.6
18,Zprime_3000GeV_015,0.829719070156,3000.0,0.15
19,Zprime_3500GeV_015,0.83412242196,3500.0,0.15
20,Zprime_3500GeV_030,0.814939668158,3500.0,0.3
21,Zprime_2000GeV_030,0.803115281138,2000.0,0.3
22,Zprime_2000GeV_015,0.820475709693,2000.0,0.15
23,Zprime_3500GeV_075,0.706916164627,3500.0,0.75
24,Zprime_3500GeV_045,0.782283327355,3500.0,0.45
25,Zprime_2500GeV_030,0.804097751365,2500.0,0.3
26,Zprime_2000GeV_060,0.749076138141,2000.0,0.6
27,Zprime_4000GeV_060,0.752945375614,4000.0,0.6
28,Zprime_2500GeV_075,0.707897728638,2500.0,0.75
29,Zprime_4000GeV_045,0.788729282742,4000.0,0.45
