,name,auc,mass,nu
0,Zprime_1500GeV_075,0.789090199009,1500.0,0.75
1,Zprime_1500GeV_015,0.859934174689,1500.0,0.15
2,Zprime_3000GeV_060,0.803706087367,3000.0,0.6
3,Zprime_1500GeV_030,0.847326527187,1500.0,0.3
4,Zprime_3000GeV_045,0.833917040277,3000.0,0.45
5,Zprime_2000GeV_045,0.835552008149,2000.0,0.45
6,Zprime_2500GeV_015,0.868761837396,2500.0,0.15
7,Zprime_3500GeV_060,0.803109116429,3500.0,0.6
8,Zprime_2500GeV_045,0.833229729927,2500.0,0.45
9,Zprime_2000GeV_075,0.786680381918,2000.0,0.75
10,Zprime_2500GeV_060,0.806605745643,2500.0,0.6
11,Zprime_4000GeV_075,0.761477729798,4000.0,0.75
12,Zprime_4000GeV_030,0.863065044255,4000.0,0.3
13,Zprime_4000GeV_015,0.878572270958,4000.0,0.15
14,Zprime_3000GeV_030,0.854413945878,3000.0,0.3
15,Zprime_1500GeV_045,0.829370277098,1500.0,0.45
16,Zprime_3000GeV_075,0.771032937948,3000.0,0.75
17,Zprime_1500GeV_060,0.812821384605,1500.0,0.6
18,Zprime_3000GeV_015,0.873846323334,3000.0,0.15
19,Zprime_3500GeV_015,0.876394830134,3500.0,0.15
20,Zprime_3500GeV_030,0.860852580924,3500.0,0.3
21,Zprime_2000GeV_030,0.855378306446,2000.0,0.3
22,Zprime_2000GeV_015,0.868808364183,2000.0,0.15
23,Zprime_3500GeV_075,0.766631622105,3500.0,0.75
24,Zprime_3500GeV_045,0.834103048598,3500.0,0.45
25,Zprime_2500GeV_030,0.85375032188,2500.0,0.3
26,Zprime_2000GeV_060,0.811152020026,2000.0,0.6
27,Zprime_4000GeV_060,0.804343225572,4000.0,0.6
28,Zprime_2500GeV_075,0.774730616381,2500.0,0.75
29,Zprime_4000GeV_045,0.836218277322,4000.0,0.45
