,name,auc,mass,nu
0,Zprime_1500GeV_075,0.716520768988,1500.0,0.75
1,Zprime_1500GeV_015,0.799548245068,1500.0,0.15
2,Zprime_3000GeV_060,0.735440769776,3000.0,0.6
3,Zprime_1500GeV_030,0.792618235626,1500.0,0.3
4,Zprime_3000GeV_045,0.765992487864,3000.0,0.45
5,Zprime_2000GeV_045,0.771477481972,2000.0,0.45
6,Zprime_2500GeV_015,0.810220385777,2500.0,0.15
7,Zprime_3500GeV_060,0.735647799317,3500.0,0.6
8,Zprime_2500GeV_045,0.767687378478,2500.0,0.45
9,Zprime_2000GeV_075,0.718570055776,2000.0,0.75
10,Zprime_2500GeV_060,0.737737857458,2500.0,0.6
11,Zprime_4000GeV_075,0.699191061681,4000.0,0.75
12,Zprime_4000GeV_030,0.800660758325,4000.0,0.3
13,Zprime_4000GeV_015,0.821067668527,4000.0,0.15
14,Zprime_3000GeV_030,0.789644960988,3000.0,0.3
15,Zprime_1500GeV_045,0.765116671559,1500.0,0.45
16,Zprime_3000GeV_075,0.701119446636,3000.0,0.75
17,Zprime_1500GeV_060,0.745759134052,1500.0,0.6
18,Zprime_3000GeV_015,0.811826807244,3000.0,0.15
19,Zprime_3500GeV_015,0.81370692781,3500.0,0.15
20,Zprime_3500GeV_030,0.795932201056,3500.0,0.3
21,Zprime_2000GeV_030,0.794983297346,2000.0,0.3
22,Zprime_2000GeV_015,0.810514312986,2000.0,0.15
23,Zprime_3500GeV_075,0.699753877781,3500.0,0.75
24,Zprime_3500GeV_045,0.767334677942,3500.0,0.45
25,Zprime_2500GeV_030,0.789469729304,2500.0,0.3
26,Zprime_2000GeV_060,0.742388575149,2000.0,0.6
27,Zprime_4000GeV_060,0.738637290686,4000.0,0.6
28,Zprime_2500GeV_075,0.706578393384,2500.0,0.75
29,Zprime_4000GeV_045,0.771430173206,4000.0,0.45
