,name,auc,mass,nu
0,Zprime_1500GeV_075,0.802210618169,1500.0,0.75
1,Zprime_1500GeV_015,0.868860314309,1500.0,0.15
2,Zprime_3000GeV_060,0.811572128742,3000.0,0.6
3,Zprime_1500GeV_030,0.857333312007,1500.0,0.3
4,Zprime_3000GeV_045,0.838619865094,3000.0,0.45
5,Zprime_2000GeV_045,0.849499389618,2000.0,0.45
6,Zprime_2500GeV_015,0.874268969534,2500.0,0.15
7,Zprime_3500GeV_060,0.806717854743,3500.0,0.6
8,Zprime_2500GeV_045,0.842070148942,2500.0,0.45
9,Zprime_2000GeV_075,0.801011818667,2000.0,0.75
10,Zprime_2500GeV_060,0.817395899074,2500.0,0.6
11,Zprime_4000GeV_075,0.768644374229,4000.0,0.75
12,Zprime_4000GeV_030,0.865063492009,4000.0,0.3
13,Zprime_4000GeV_015,0.877385825945,4000.0,0.15
14,Zprime_3000GeV_030,0.857829812648,3000.0,0.3
15,Zprime_1500GeV_045,0.836762048976,1500.0,0.45
16,Zprime_3000GeV_075,0.779518172813,3000.0,0.75
17,Zprime_1500GeV_060,0.820558416136,1500.0,0.6
18,Zprime_3000GeV_015,0.875645381949,3000.0,0.15
19,Zprime_3500GeV_015,0.876318240805,3500.0,0.15
20,Zprime_3500GeV_030,0.862309787126,3500.0,0.3
21,Zprime_2000GeV_030,0.868021336926,2000.0,0.3
22,Zprime_2000GeV_015,0.880173955582,2000.0,0.15
23,Zprime_3500GeV_075,0.774048617721,3500.0,0.75
24,Zprime_3500GeV_045,0.83803949462,3500.0,0.45
25,Zprime_2500GeV_030,0.859771491219,2500.0,0.3
26,Zprime_2000GeV_060,0.823969641638,2000.0,0.6
27,Zprime_4000GeV_060,0.807526599753,4000.0,0.6
28,Zprime_2500GeV_075,0.787054250589,2500.0,0.75
29,Zprime_4000GeV_045,0.837365696176,4000.0,0.45
