,name,auc,mass,nu
0,Zprime_1500GeV_075,0.711344361494,1500.0,0.75
1,Zprime_1500GeV_015,0.795082322623,1500.0,0.15
2,Zprime_3000GeV_060,0.740199262973,3000.0,0.6
3,Zprime_1500GeV_030,0.784789974027,1500.0,0.3
4,Zprime_3000GeV_045,0.772716125824,3000.0,0.45
5,Zprime_2000GeV_045,0.769837541648,2000.0,0.45
6,Zprime_2500GeV_015,0.814845660461,2500.0,0.15
7,Zprime_3500GeV_060,0.740435230284,3500.0,0.6
8,Zprime_2500GeV_045,0.770433318784,2500.0,0.45
9,Zprime_2000GeV_075,0.714667359197,2000.0,0.75
10,Zprime_2500GeV_060,0.741808516442,2500.0,0.6
11,Zprime_4000GeV_075,0.702306556347,4000.0,0.75
12,Zprime_4000GeV_030,0.800713753505,4000.0,0.3
13,Zprime_4000GeV_015,0.818710398459,4000.0,0.15
14,Zprime_3000GeV_030,0.797683154768,3000.0,0.3
15,Zprime_1500GeV_045,0.757666192451,1500.0,0.45
16,Zprime_3000GeV_075,0.70728436466,3000.0,0.75
17,Zprime_1500GeV_060,0.735445247149,1500.0,0.6
18,Zprime_3000GeV_015,0.821027585526,3000.0,0.15
19,Zprime_3500GeV_015,0.820461265271,3500.0,0.15
20,Zprime_3500GeV_030,0.802076082646,3500.0,0.3
21,Zprime_2000GeV_030,0.793053393998,2000.0,0.3
22,Zprime_2000GeV_015,0.809511000894,2000.0,0.15
23,Zprime_3500GeV_075,0.704818598872,3500.0,0.75
24,Zprime_3500GeV_045,0.774427869664,3500.0,0.45
25,Zprime_2500GeV_030,0.793305674968,2500.0,0.3
26,Zprime_2000GeV_060,0.741368822303,2000.0,0.6
27,Zprime_4000GeV_060,0.74166579309,4000.0,0.6
28,Zprime_2500GeV_075,0.703496231372,2500.0,0.75
29,Zprime_4000GeV_045,0.772868735772,4000.0,0.45
