,name,auc,mass,nu
0,Zprime_1500GeV_075,0.805512625814,1500.0,0.75
1,Zprime_1500GeV_015,0.875739076993,1500.0,0.15
2,Zprime_3000GeV_060,0.813592275262,3000.0,0.6
3,Zprime_1500GeV_030,0.86528084465,1500.0,0.3
4,Zprime_3000GeV_045,0.842369533006,3000.0,0.45
5,Zprime_2000GeV_045,0.849468221866,2000.0,0.45
6,Zprime_2500GeV_015,0.878379065749,2500.0,0.15
7,Zprime_3500GeV_060,0.811863358648,3500.0,0.6
8,Zprime_2500GeV_045,0.843916447464,2500.0,0.45
9,Zprime_2000GeV_075,0.804744164187,2000.0,0.75
10,Zprime_2500GeV_060,0.819662584122,2500.0,0.6
11,Zprime_4000GeV_075,0.772968370305,4000.0,0.75
12,Zprime_4000GeV_030,0.869122608332,4000.0,0.3
13,Zprime_4000GeV_015,0.881707882213,4000.0,0.15
14,Zprime_3000GeV_030,0.862557256771,3000.0,0.3
15,Zprime_1500GeV_045,0.850775779174,1500.0,0.45
16,Zprime_3000GeV_075,0.785374105384,3000.0,0.75
17,Zprime_1500GeV_060,0.832461159967,1500.0,0.6
18,Zprime_3000GeV_015,0.88037116401,3000.0,0.15
19,Zprime_3500GeV_015,0.880727204877,3500.0,0.15
20,Zprime_3500GeV_030,0.865275343142,3500.0,0.3
21,Zprime_2000GeV_030,0.868155498441,2000.0,0.3
22,Zprime_2000GeV_015,0.879846051268,2000.0,0.15
23,Zprime_3500GeV_075,0.778886851169,3500.0,0.75
24,Zprime_3500GeV_045,0.842071759587,3500.0,0.45
25,Zprime_2500GeV_030,0.862818966139,2500.0,0.3
26,Zprime_2000GeV_060,0.827969898826,2000.0,0.6
27,Zprime_4000GeV_060,0.812385799279,4000.0,0.6
28,Zprime_2500GeV_075,0.793030382639,2500.0,0.75
29,Zprime_4000GeV_045,0.842976441746,4000.0,0.45
