,name,auc,mass,nu
0,Zprime_1500GeV_075,0.728416212864,1500.0,0.75
1,Zprime_1500GeV_015,0.823901551535,1500.0,0.15
2,Zprime_3000GeV_060,0.760865019237,3000.0,0.6
3,Zprime_1500GeV_030,0.812184771333,1500.0,0.3
4,Zprime_3000GeV_045,0.792191694407,3000.0,0.45
5,Zprime_2000GeV_045,0.794903669747,2000.0,0.45
6,Zprime_2500GeV_015,0.835107114896,2500.0,0.15
7,Zprime_3500GeV_060,0.761836374646,3500.0,0.6
8,Zprime_2500GeV_045,0.792431189719,2500.0,0.45
9,Zprime_2000GeV_075,0.735628253892,2000.0,0.75
10,Zprime_2500GeV_060,0.761449412068,2500.0,0.6
11,Zprime_4000GeV_075,0.719131372914,4000.0,0.75
12,Zprime_4000GeV_030,0.825156964751,4000.0,0.3
13,Zprime_4000GeV_015,0.844341519829,4000.0,0.15
14,Zprime_3000GeV_030,0.815094788643,3000.0,0.3
15,Zprime_1500GeV_045,0.784819206655,1500.0,0.45
16,Zprime_3000GeV_075,0.723985464694,3000.0,0.75
17,Zprime_1500GeV_060,0.763773920295,1500.0,0.6
18,Zprime_3000GeV_015,0.837351296805,3000.0,0.15
19,Zprime_3500GeV_015,0.838264093631,3500.0,0.15
20,Zprime_3500GeV_030,0.820933899363,3500.0,0.3
21,Zprime_2000GeV_030,0.819283354374,2000.0,0.3
22,Zprime_2000GeV_015,0.836221176946,2000.0,0.15
23,Zprime_3500GeV_075,0.721906035229,3500.0,0.75
24,Zprime_3500GeV_045,0.791655979677,3500.0,0.45
25,Zprime_2500GeV_030,0.816902673017,2500.0,0.3
26,Zprime_2000GeV_060,0.76404414409,2000.0,0.6
27,Zprime_4000GeV_060,0.763619889843,4000.0,0.6
28,Zprime_2500GeV_075,0.725057109761,2500.0,0.75
29,Zprime_4000GeV_045,0.794513554873,4000.0,0.45
