,name,auc,mass,nu
0,Zprime_1500GeV_075,0.791582540932,1500.0,0.75
1,Zprime_1500GeV_015,0.867598168837,1500.0,0.15
2,Zprime_3000GeV_060,0.799881837572,3000.0,0.6
3,Zprime_1500GeV_030,0.859487617014,1500.0,0.3
4,Zprime_3000GeV_045,0.828892873854,3000.0,0.45
5,Zprime_2000GeV_045,0.84129559149,2000.0,0.45
6,Zprime_2500GeV_015,0.869623907688,2500.0,0.15
7,Zprime_3500GeV_060,0.796944730686,3500.0,0.6
8,Zprime_2500GeV_045,0.832969190624,2500.0,0.45
9,Zprime_2000GeV_075,0.793145349879,2000.0,0.75
10,Zprime_2500GeV_060,0.808258587175,2500.0,0.6
11,Zprime_4000GeV_075,0.757111648749,4000.0,0.75
12,Zprime_4000GeV_030,0.853621269331,4000.0,0.3
13,Zprime_4000GeV_015,0.867601016457,4000.0,0.15
14,Zprime_3000GeV_030,0.848974082317,3000.0,0.3
15,Zprime_1500GeV_045,0.840091269106,1500.0,0.45
16,Zprime_3000GeV_075,0.769609574582,3000.0,0.75
17,Zprime_1500GeV_060,0.821306790776,1500.0,0.6
18,Zprime_3000GeV_015,0.867024463414,3000.0,0.15
19,Zprime_3500GeV_015,0.864795453126,3500.0,0.15
20,Zprime_3500GeV_030,0.851883935428,3500.0,0.3
21,Zprime_2000GeV_030,0.860661587222,2000.0,0.3
22,Zprime_2000GeV_015,0.874316061565,2000.0,0.15
23,Zprime_3500GeV_075,0.763426561149,3500.0,0.75
24,Zprime_3500GeV_045,0.825804656763,3500.0,0.45
25,Zprime_2500GeV_030,0.854029562598,2500.0,0.3
26,Zprime_2000GeV_060,0.816470344179,2000.0,0.6
27,Zprime_4000GeV_060,0.797197288781,4000.0,0.6
28,Zprime_2500GeV_075,0.776857179986,2500.0,0.75
29,Zprime_4000GeV_045,0.826067569557,4000.0,0.45
