,name,auc,mass,nu
0,Zprime_1500GeV_075,0.772115728584,1500.0,0.75
1,Zprime_1500GeV_015,0.843785209667,1500.0,0.15
2,Zprime_3000GeV_060,0.787996027898,3000.0,0.6
3,Zprime_1500GeV_030,0.833937708153,1500.0,0.3
4,Zprime_3000GeV_045,0.818140161687,3000.0,0.45
5,Zprime_2000GeV_045,0.820340444303,2000.0,0.45
6,Zprime_2500GeV_015,0.856699668992,2500.0,0.15
7,Zprime_3500GeV_060,0.786773184274,3500.0,0.6
8,Zprime_2500GeV_045,0.819241491054,2500.0,0.45
9,Zprime_2000GeV_075,0.767897207316,2000.0,0.75
10,Zprime_2500GeV_060,0.791380080888,2500.0,0.6
11,Zprime_4000GeV_075,0.744871188593,4000.0,0.75
12,Zprime_4000GeV_030,0.846131346524,4000.0,0.3
13,Zprime_4000GeV_015,0.86321356781,4000.0,0.15
14,Zprime_3000GeV_030,0.839131396511,3000.0,0.3
15,Zprime_1500GeV_045,0.81490994894,1500.0,0.45
16,Zprime_3000GeV_075,0.753289016915,3000.0,0.75
17,Zprime_1500GeV_060,0.79598321687,1500.0,0.6
18,Zprime_3000GeV_015,0.857591275494,3000.0,0.15
19,Zprime_3500GeV_015,0.860139903968,3500.0,0.15
20,Zprime_3500GeV_030,0.844292555202,3500.0,0.3
21,Zprime_2000GeV_030,0.84006601762,2000.0,0.3
22,Zprime_2000GeV_015,0.855082007008,2000.0,0.15
23,Zprime_3500GeV_075,0.749062091069,3500.0,0.75
24,Zprime_3500GeV_045,0.818393611077,3500.0,0.45
25,Zprime_2500GeV_030,0.839777955746,2500.0,0.3
26,Zprime_2000GeV_060,0.794080197858,2000.0,0.6
27,Zprime_4000GeV_060,0.788058019519,4000.0,0.6
28,Zprime_2500GeV_075,0.757528770412,2500.0,0.75
29,Zprime_4000GeV_045,0.819294307975,4000.0,0.45
