,name,auc,mass,nu
0,Zprime_1500GeV_075,0.739151309611,1500.0,0.75
1,Zprime_1500GeV_015,0.828448791545,1500.0,0.15
2,Zprime_3000GeV_060,0.764457505148,3000.0,0.6
3,Zprime_1500GeV_030,0.813868727563,1500.0,0.3
4,Zprime_3000GeV_045,0.793742073532,3000.0,0.45
5,Zprime_2000GeV_045,0.79617624159,2000.0,0.45
6,Zprime_2500GeV_015,0.829954266337,2500.0,0.15
7,Zprime_3500GeV_060,0.766732739868,3500.0,0.6
8,Zprime_2500GeV_045,0.793184555132,2500.0,0.45
9,Zprime_2000GeV_075,0.742096228838,2000.0,0.75
10,Zprime_2500GeV_060,0.764635826374,2500.0,0.6
11,Zprime_4000GeV_075,0.728220680658,4000.0,0.75
12,Zprime_4000GeV_030,0.825744689769,4000.0,0.3
13,Zprime_4000GeV_015,0.843387188087,4000.0,0.15
14,Zprime_3000GeV_030,0.81449023322,3000.0,0.3
15,Zprime_1500GeV_045,0.792374238367,1500.0,0.45
16,Zprime_3000GeV_075,0.73087143526,3000.0,0.75
17,Zprime_1500GeV_060,0.771524689472,1500.0,0.6
18,Zprime_3000GeV_015,0.83375405586,3000.0,0.15
19,Zprime_3500GeV_015,0.83573497004,3500.0,0.15
20,Zprime_3500GeV_030,0.821166315678,3500.0,0.3
21,Zprime_2000GeV_030,0.818622403497,2000.0,0.3
22,Zprime_2000GeV_015,0.83320827567,2000.0,0.15
23,Zprime_3500GeV_075,0.729766477836,3500.0,0.75
24,Zprime_3500GeV_045,0.794429755566,3500.0,0.45
25,Zprime_2500GeV_030,0.814764685494,2500.0,0.3
26,Zprime_2000GeV_060,0.769804468779,2000.0,0.6
27,Zprime_4000GeV_060,0.768478984645,4000.0,0.6
28,Zprime_2500GeV_075,0.730872916447,2500.0,0.75
29,Zprime_4000GeV_045,0.797130352347,4000.0,0.45
