,name,auc,mass,nu
0,Zprime_1500GeV_075,0.736036232521,1500.0,0.75
1,Zprime_1500GeV_015,0.830227042738,1500.0,0.15
2,Zprime_3000GeV_060,0.760613098844,3000.0,0.6
3,Zprime_1500GeV_030,0.816591396692,1500.0,0.3
4,Zprime_3000GeV_045,0.789709753064,3000.0,0.45
5,Zprime_2000GeV_045,0.80047803278,2000.0,0.45
6,Zprime_2500GeV_015,0.835184731328,2500.0,0.15
7,Zprime_3500GeV_060,0.758236170877,3500.0,0.6
8,Zprime_2500GeV_045,0.794887821624,2500.0,0.45
9,Zprime_2000GeV_075,0.742522233901,2000.0,0.75
10,Zprime_2500GeV_060,0.767350315035,2500.0,0.6
11,Zprime_4000GeV_075,0.719256404268,4000.0,0.75
12,Zprime_4000GeV_030,0.81296019599,4000.0,0.3
13,Zprime_4000GeV_015,0.831707906087,4000.0,0.15
14,Zprime_3000GeV_030,0.810757628483,3000.0,0.3
15,Zprime_1500GeV_045,0.789750305289,1500.0,0.45
16,Zprime_3000GeV_075,0.728081380644,3000.0,0.75
17,Zprime_1500GeV_060,0.771207960403,1500.0,0.6
18,Zprime_3000GeV_015,0.831236998882,3000.0,0.15
19,Zprime_3500GeV_015,0.828783001851,3500.0,0.15
20,Zprime_3500GeV_030,0.812047203594,3500.0,0.3
21,Zprime_2000GeV_030,0.823884375562,2000.0,0.3
22,Zprime_2000GeV_015,0.840310329768,2000.0,0.15
23,Zprime_3500GeV_075,0.724336589894,3500.0,0.75
24,Zprime_3500GeV_045,0.787198650876,3500.0,0.45
25,Zprime_2500GeV_030,0.81578566563,2500.0,0.3
26,Zprime_2000GeV_060,0.770934617921,2000.0,0.6
27,Zprime_4000GeV_060,0.758386108355,4000.0,0.6
28,Zprime_2500GeV_075,0.729877418883,2500.0,0.75
29,Zprime_4000GeV_045,0.786929028257,4000.0,0.45
