,name,auc,mass,nu
0,Zprime_1500GeV_075,0.785664369842,1500.0,0.75
1,Zprime_1500GeV_015,0.86054743301,1500.0,0.15
2,Zprime_3000GeV_060,0.793089939014,3000.0,0.6
3,Zprime_1500GeV_030,0.84870110671,1500.0,0.3
4,Zprime_3000GeV_045,0.821686644613,3000.0,0.45
5,Zprime_2000GeV_045,0.830586378305,2000.0,0.45
6,Zprime_2500GeV_015,0.860001852248,2500.0,0.15
7,Zprime_3500GeV_060,0.792084529592,3500.0,0.6
8,Zprime_2500GeV_045,0.82480344141,2500.0,0.45
9,Zprime_2000GeV_075,0.78283721346,2000.0,0.75
10,Zprime_2500GeV_060,0.797920834395,2500.0,0.6
11,Zprime_4000GeV_075,0.754726073239,4000.0,0.75
12,Zprime_4000GeV_030,0.844666591722,4000.0,0.3
13,Zprime_4000GeV_015,0.857928923048,4000.0,0.15
14,Zprime_3000GeV_030,0.840632916498,3000.0,0.3
15,Zprime_1500GeV_045,0.830312896845,1500.0,0.45
16,Zprime_3000GeV_075,0.764271474666,3000.0,0.75
17,Zprime_1500GeV_060,0.814912723206,1500.0,0.6
18,Zprime_3000GeV_015,0.858190695963,3000.0,0.15
19,Zprime_3500GeV_015,0.856336144598,3500.0,0.15
20,Zprime_3500GeV_030,0.842737575705,3500.0,0.3
21,Zprime_2000GeV_030,0.850366985348,2000.0,0.3
22,Zprime_2000GeV_015,0.861513795249,2000.0,0.15
23,Zprime_3500GeV_075,0.757908350213,3500.0,0.75
24,Zprime_3500GeV_045,0.818415055051,3500.0,0.45
25,Zprime_2500GeV_030,0.844287822132,2500.0,0.3
26,Zprime_2000GeV_060,0.806778507758,2000.0,0.6
27,Zprime_4000GeV_060,0.793006006192,4000.0,0.6
28,Zprime_2500GeV_075,0.769177540992,2500.0,0.75
29,Zprime_4000GeV_045,0.819952283902,4000.0,0.45
