,name,auc,mass,nu
0,Zprime_1500GeV_075,0.793295782913,1500.0,0.75
1,Zprime_1500GeV_015,0.869555402504,1500.0,0.15
2,Zprime_3000GeV_060,0.805029896062,3000.0,0.6
3,Zprime_1500GeV_030,0.857367918943,1500.0,0.3
4,Zprime_3000GeV_045,0.833764695884,3000.0,0.45
5,Zprime_2000GeV_045,0.843974013286,2000.0,0.45
6,Zprime_2500GeV_015,0.872846547269,2500.0,0.15
7,Zprime_3500GeV_060,0.80378202265,3500.0,0.6
8,Zprime_2500GeV_045,0.836692970742,2500.0,0.45
9,Zprime_2000GeV_075,0.79454037341,2000.0,0.75
10,Zprime_2500GeV_060,0.811705938238,2500.0,0.6
11,Zprime_4000GeV_075,0.764105354376,4000.0,0.75
12,Zprime_4000GeV_030,0.859932733988,4000.0,0.3
13,Zprime_4000GeV_015,0.875365769644,4000.0,0.15
14,Zprime_3000GeV_030,0.853609172788,3000.0,0.3
15,Zprime_1500GeV_045,0.841850005097,1500.0,0.45
16,Zprime_3000GeV_075,0.774920628078,3000.0,0.75
17,Zprime_1500GeV_060,0.824797395883,1500.0,0.6
18,Zprime_3000GeV_015,0.87131479068,3000.0,0.15
19,Zprime_3500GeV_015,0.870790515482,3500.0,0.15
20,Zprime_3500GeV_030,0.856740062375,3500.0,0.3
21,Zprime_2000GeV_030,0.862666084784,2000.0,0.3
22,Zprime_2000GeV_015,0.875251797701,2000.0,0.15
23,Zprime_3500GeV_075,0.76955892541,3500.0,0.75
24,Zprime_3500GeV_045,0.833050630048,3500.0,0.45
25,Zprime_2500GeV_030,0.856837456513,2500.0,0.3
26,Zprime_2000GeV_060,0.819886441854,2000.0,0.6
27,Zprime_4000GeV_060,0.804927458933,4000.0,0.6
28,Zprime_2500GeV_075,0.780682878116,2500.0,0.75
29,Zprime_4000GeV_045,0.834254858555,4000.0,0.45
