,name,auc,mass,nu
0,Zprime_1500GeV_075,0.751310831857,1500.0,0.75
1,Zprime_1500GeV_015,0.840820308861,1500.0,0.15
2,Zprime_3000GeV_060,0.771556204282,3000.0,0.6
3,Zprime_1500GeV_030,0.827061914452,1500.0,0.3
4,Zprime_3000GeV_045,0.802697703202,3000.0,0.45
5,Zprime_2000GeV_045,0.809839186261,2000.0,0.45
6,Zprime_2500GeV_015,0.844428913909,2500.0,0.15
7,Zprime_3500GeV_060,0.771836864708,3500.0,0.6
8,Zprime_2500GeV_045,0.803957746882,2500.0,0.45
9,Zprime_2000GeV_075,0.755028458222,2000.0,0.75
10,Zprime_2500GeV_060,0.775314803356,2500.0,0.6
11,Zprime_4000GeV_075,0.730476679345,4000.0,0.75
12,Zprime_4000GeV_030,0.831727651156,4000.0,0.3
13,Zprime_4000GeV_015,0.849674862711,4000.0,0.15
14,Zprime_3000GeV_030,0.82430253384,3000.0,0.3
15,Zprime_1500GeV_045,0.803521455155,1500.0,0.45
16,Zprime_3000GeV_075,0.738242634517,3000.0,0.75
17,Zprime_1500GeV_060,0.783013755702,1500.0,0.6
18,Zprime_3000GeV_015,0.84502286437,3000.0,0.15
19,Zprime_3500GeV_015,0.845147312524,3500.0,0.15
20,Zprime_3500GeV_030,0.828985152963,3500.0,0.3
21,Zprime_2000GeV_030,0.833049658609,2000.0,0.3
22,Zprime_2000GeV_015,0.848685504092,2000.0,0.15
23,Zprime_3500GeV_075,0.73537504784,3500.0,0.75
24,Zprime_3500GeV_045,0.800526871413,3500.0,0.45
25,Zprime_2500GeV_030,0.826827382124,2500.0,0.3
26,Zprime_2000GeV_060,0.782089193861,2000.0,0.6
27,Zprime_4000GeV_060,0.772929214185,4000.0,0.6
28,Zprime_2500GeV_075,0.741298850575,2500.0,0.75
29,Zprime_4000GeV_045,0.80239832283,4000.0,0.45
