,name,auc,mass,nu
0,Zprime_1500GeV_075,0.711609670876,1500.0,0.75
1,Zprime_1500GeV_015,0.797763892729,1500.0,0.15
2,Zprime_3000GeV_060,0.745406149792,3000.0,0.6
3,Zprime_1500GeV_030,0.785941142862,1500.0,0.3
4,Zprime_3000GeV_045,0.777000329947,3000.0,0.45
5,Zprime_2000GeV_045,0.781127226538,2000.0,0.45
6,Zprime_2500GeV_015,0.819643692755,2500.0,0.15
7,Zprime_3500GeV_060,0.743440756067,3500.0,0.6
8,Zprime_2500GeV_045,0.777357603009,2500.0,0.45
9,Zprime_2000GeV_075,0.723775342355,2000.0,0.75
10,Zprime_2500GeV_060,0.747979921396,2500.0,0.6
11,Zprime_4000GeV_075,0.702111899988,4000.0,0.75
12,Zprime_4000GeV_030,0.810633955214,4000.0,0.3
13,Zprime_4000GeV_015,0.83366677853,4000.0,0.15
14,Zprime_3000GeV_030,0.800996844928,3000.0,0.3
15,Zprime_1500GeV_045,0.760993137462,1500.0,0.45
16,Zprime_3000GeV_075,0.711770924231,3000.0,0.75
17,Zprime_1500GeV_060,0.742182625044,1500.0,0.6
18,Zprime_3000GeV_015,0.823834244778,3000.0,0.15
19,Zprime_3500GeV_015,0.829565308773,3500.0,0.15
20,Zprime_3500GeV_030,0.80795999972,3500.0,0.3
21,Zprime_2000GeV_030,0.802324688828,2000.0,0.3
22,Zprime_2000GeV_015,0.818707715459,2000.0,0.15
23,Zprime_3500GeV_075,0.706165297191,3500.0,0.75
24,Zprime_3500GeV_045,0.777589974858,3500.0,0.45
25,Zprime_2500GeV_030,0.800367010874,2500.0,0.3
26,Zprime_2000GeV_060,0.751874590559,2000.0,0.6
27,Zprime_4000GeV_060,0.745097774427,4000.0,0.6
28,Zprime_2500GeV_075,0.712077149367,2500.0,0.75
29,Zprime_4000GeV_045,0.779767715237,4000.0,0.45
