,name,auc,mass,nu
0,Zprime_1500GeV_075,0.830864673121,1500.0,0.75
1,Zprime_1500GeV_015,0.897500258018,1500.0,0.15
2,Zprime_3000GeV_060,0.838279355671,3000.0,0.6
3,Zprime_1500GeV_030,0.887008766169,1500.0,0.3
4,Zprime_3000GeV_045,0.867924874751,3000.0,0.45
5,Zprime_2000GeV_045,0.878242445833,2000.0,0.45
6,Zprime_2500GeV_015,0.908526326649,2500.0,0.15
7,Zprime_3500GeV_060,0.831801683096,3500.0,0.6
8,Zprime_2500GeV_045,0.872541219815,2500.0,0.45
9,Zprime_2000GeV_075,0.826167110706,2000.0,0.75
10,Zprime_2500GeV_060,0.846025597108,2500.0,0.6
11,Zprime_4000GeV_075,0.786606039178,4000.0,0.75
12,Zprime_4000GeV_030,0.882657717139,4000.0,0.3
13,Zprime_4000GeV_015,0.894802431393,4000.0,0.15
14,Zprime_3000GeV_030,0.887951225027,3000.0,0.3
15,Zprime_1500GeV_045,0.870086479237,1500.0,0.45
16,Zprime_3000GeV_075,0.805217325714,3000.0,0.75
17,Zprime_1500GeV_060,0.851107212866,1500.0,0.6
18,Zprime_3000GeV_015,0.904780368107,3000.0,0.15
19,Zprime_3500GeV_015,0.899923456978,3500.0,0.15
20,Zprime_3500GeV_030,0.8863318209,3500.0,0.3
21,Zprime_2000GeV_030,0.896891248021,2000.0,0.3
22,Zprime_2000GeV_015,0.911257851345,2000.0,0.15
23,Zprime_3500GeV_075,0.796482931004,3500.0,0.75
24,Zprime_3500GeV_045,0.862419110844,3500.0,0.45
25,Zprime_2500GeV_030,0.892515139798,2500.0,0.3
26,Zprime_2000GeV_060,0.853072427741,2000.0,0.6
27,Zprime_4000GeV_060,0.827741394171,4000.0,0.6
28,Zprime_2500GeV_075,0.81255022824,2500.0,0.75
29,Zprime_4000GeV_045,0.857671070549,4000.0,0.45
