,name,auc,mass,nu
0,Zprime_1500GeV_075,0.722286824301,1500.0,0.75
1,Zprime_1500GeV_015,0.814185714406,1500.0,0.15
2,Zprime_3000GeV_060,0.744842825593,3000.0,0.6
3,Zprime_1500GeV_030,0.802922776265,1500.0,0.3
4,Zprime_3000GeV_045,0.778068331097,3000.0,0.45
5,Zprime_2000GeV_045,0.778837720487,2000.0,0.45
6,Zprime_2500GeV_015,0.820266430028,2500.0,0.15
7,Zprime_3500GeV_060,0.749925807253,3500.0,0.6
8,Zprime_2500GeV_045,0.77604045542,2500.0,0.45
9,Zprime_2000GeV_075,0.724537033871,2000.0,0.75
10,Zprime_2500GeV_060,0.746797449102,2500.0,0.6
11,Zprime_4000GeV_075,0.709231218058,4000.0,0.75
12,Zprime_4000GeV_030,0.816059086561,4000.0,0.3
13,Zprime_4000GeV_015,0.834816200803,4000.0,0.15
14,Zprime_3000GeV_030,0.803007930531,3000.0,0.3
15,Zprime_1500GeV_045,0.774318112023,1500.0,0.45
16,Zprime_3000GeV_075,0.71211720279,3000.0,0.75
17,Zprime_1500GeV_060,0.754650164259,1500.0,0.6
18,Zprime_3000GeV_015,0.825183483009,3000.0,0.15
19,Zprime_3500GeV_015,0.828315092179,3500.0,0.15
20,Zprime_3500GeV_030,0.81047915588,3500.0,0.3
21,Zprime_2000GeV_030,0.801495692126,2000.0,0.3
22,Zprime_2000GeV_015,0.817719433269,2000.0,0.15
23,Zprime_3500GeV_075,0.711356280989,3500.0,0.75
24,Zprime_3500GeV_045,0.780326963119,3500.0,0.45
25,Zprime_2500GeV_030,0.800597415041,2500.0,0.3
26,Zprime_2000GeV_060,0.749664305923,2000.0,0.6
27,Zprime_4000GeV_060,0.752477240974,4000.0,0.6
28,Zprime_2500GeV_075,0.710020731411,2500.0,0.75
29,Zprime_4000GeV_045,0.783852458728,4000.0,0.45
