,name,auc,mass,nu
0,Zprime_1500GeV_075,0.798999456626,1500.0,0.75
1,Zprime_1500GeV_015,0.871629349698,1500.0,0.15
2,Zprime_3000GeV_060,0.805743129946,3000.0,0.6
3,Zprime_1500GeV_030,0.858666934453,1500.0,0.3
4,Zprime_3000GeV_045,0.833399947469,3000.0,0.45
5,Zprime_2000GeV_045,0.841256122866,2000.0,0.45
6,Zprime_2500GeV_015,0.871161975025,2500.0,0.15
7,Zprime_3500GeV_060,0.803977390364,3500.0,0.6
8,Zprime_2500GeV_045,0.835964265915,2500.0,0.45
9,Zprime_2000GeV_075,0.796733424958,2000.0,0.75
10,Zprime_2500GeV_060,0.811012067376,2500.0,0.6
11,Zprime_4000GeV_075,0.764084700055,4000.0,0.75
12,Zprime_4000GeV_030,0.859796349166,4000.0,0.3
13,Zprime_4000GeV_015,0.872498470404,4000.0,0.15
14,Zprime_3000GeV_030,0.853594097268,3000.0,0.3
15,Zprime_1500GeV_045,0.840757135998,1500.0,0.45
16,Zprime_3000GeV_075,0.775808888762,3000.0,0.75
17,Zprime_1500GeV_060,0.826625931129,1500.0,0.6
18,Zprime_3000GeV_015,0.870799395297,3000.0,0.15
19,Zprime_3500GeV_015,0.871250865258,3500.0,0.15
20,Zprime_3500GeV_030,0.856617983629,3500.0,0.3
21,Zprime_2000GeV_030,0.860937533493,2000.0,0.3
22,Zprime_2000GeV_015,0.873583405076,2000.0,0.15
23,Zprime_3500GeV_075,0.768575382267,3500.0,0.75
24,Zprime_3500GeV_045,0.831780316087,3500.0,0.45
25,Zprime_2500GeV_030,0.855567076047,2500.0,0.3
26,Zprime_2000GeV_060,0.819149645668,2000.0,0.6
27,Zprime_4000GeV_060,0.804215540266,4000.0,0.6
28,Zprime_2500GeV_075,0.781977929993,2500.0,0.75
29,Zprime_4000GeV_045,0.833159851651,4000.0,0.45
