,name,auc,mass,nu
0,Zprime_1500GeV_075,0.792867089363,1500.0,0.75
1,Zprime_1500GeV_015,0.863147778698,1500.0,0.15
2,Zprime_3000GeV_060,0.815642162113,3000.0,0.6
3,Zprime_1500GeV_030,0.850540654661,1500.0,0.3
4,Zprime_3000GeV_045,0.842334271411,3000.0,0.45
5,Zprime_2000GeV_045,0.849966256859,2000.0,0.45
6,Zprime_2500GeV_015,0.879402874847,2500.0,0.15
7,Zprime_3500GeV_060,0.810905235769,3500.0,0.6
8,Zprime_2500GeV_045,0.844607123456,2500.0,0.45
9,Zprime_2000GeV_075,0.797302528248,2000.0,0.75
10,Zprime_2500GeV_060,0.818499787525,2500.0,0.6
11,Zprime_4000GeV_075,0.773597580307,4000.0,0.75
12,Zprime_4000GeV_030,0.872009003567,4000.0,0.3
13,Zprime_4000GeV_015,0.886406914935,4000.0,0.15
14,Zprime_3000GeV_030,0.863179575826,3000.0,0.3
15,Zprime_1500GeV_045,0.830621158392,1500.0,0.45
16,Zprime_3000GeV_075,0.783726506374,3000.0,0.75
17,Zprime_1500GeV_060,0.815491437914,1500.0,0.6
18,Zprime_3000GeV_015,0.881648123568,3000.0,0.15
19,Zprime_3500GeV_015,0.884286187871,3500.0,0.15
20,Zprime_3500GeV_030,0.867939686104,3500.0,0.3
21,Zprime_2000GeV_030,0.868233413671,2000.0,0.3
22,Zprime_2000GeV_015,0.88112945077,2000.0,0.15
23,Zprime_3500GeV_075,0.779198909335,3500.0,0.75
24,Zprime_3500GeV_045,0.842068701876,3500.0,0.45
25,Zprime_2500GeV_030,0.862967209011,2500.0,0.3
26,Zprime_2000GeV_060,0.822768801566,2000.0,0.6
27,Zprime_4000GeV_060,0.812787215139,4000.0,0.6
28,Zprime_2500GeV_075,0.788867323217,2500.0,0.75
29,Zprime_4000GeV_045,0.84433954121,4000.0,0.45
