,name,auc,mass,nu
0,Zprime_1500GeV_075,0.724630220875,1500.0,0.75
1,Zprime_1500GeV_015,0.824779674111,1500.0,0.15
2,Zprime_3000GeV_060,0.74966964712,3000.0,0.6
3,Zprime_1500GeV_030,0.80796378794,1500.0,0.3
4,Zprime_3000GeV_045,0.778214511344,3000.0,0.45
5,Zprime_2000GeV_045,0.788781699528,2000.0,0.45
6,Zprime_2500GeV_015,0.82304634105,2500.0,0.15
7,Zprime_3500GeV_060,0.748925586648,3500.0,0.6
8,Zprime_2500GeV_045,0.782168177237,2500.0,0.45
9,Zprime_2000GeV_075,0.72923320182,2000.0,0.75
10,Zprime_2500GeV_060,0.752687470463,2500.0,0.6
11,Zprime_4000GeV_075,0.709971663835,4000.0,0.75
12,Zprime_4000GeV_030,0.806425962049,4000.0,0.3
13,Zprime_4000GeV_015,0.820838665605,4000.0,0.15
14,Zprime_3000GeV_030,0.800023796272,3000.0,0.3
15,Zprime_1500GeV_045,0.781588308273,1500.0,0.45
16,Zprime_3000GeV_075,0.717146256853,3000.0,0.75
17,Zprime_1500GeV_060,0.76256604319,1500.0,0.6
18,Zprime_3000GeV_015,0.819720051145,3000.0,0.15
19,Zprime_3500GeV_015,0.816429051465,3500.0,0.15
20,Zprime_3500GeV_030,0.802977000218,3500.0,0.3
21,Zprime_2000GeV_030,0.813157739647,2000.0,0.3
22,Zprime_2000GeV_015,0.829464883405,2000.0,0.15
23,Zprime_3500GeV_075,0.713086218422,3500.0,0.75
24,Zprime_3500GeV_045,0.776102807389,3500.0,0.45
25,Zprime_2500GeV_030,0.805795400945,2500.0,0.3
26,Zprime_2000GeV_060,0.759438450436,2000.0,0.6
27,Zprime_4000GeV_060,0.750198576788,4000.0,0.6
28,Zprime_2500GeV_075,0.715453183563,2500.0,0.75
29,Zprime_4000GeV_045,0.778646208131,4000.0,0.45
