,name,auc,mass,nu
0,Zprime_1500GeV_075,0.736572888485,1500.0,0.75
1,Zprime_1500GeV_015,0.824306905156,1500.0,0.15
2,Zprime_3000GeV_060,0.760066633217,3000.0,0.6
3,Zprime_1500GeV_030,0.810958689442,1500.0,0.3
4,Zprime_3000GeV_045,0.794309361304,3000.0,0.45
5,Zprime_2000GeV_045,0.788361386506,2000.0,0.45
6,Zprime_2500GeV_015,0.834133400657,2500.0,0.15
7,Zprime_3500GeV_060,0.764577040507,3500.0,0.6
8,Zprime_2500GeV_045,0.788584818717,2500.0,0.45
9,Zprime_2000GeV_075,0.733807466227,2000.0,0.75
10,Zprime_2500GeV_060,0.758458205335,2500.0,0.6
11,Zprime_4000GeV_075,0.725965989919,4000.0,0.75
12,Zprime_4000GeV_030,0.837028735906,4000.0,0.3
13,Zprime_4000GeV_015,0.858471143661,4000.0,0.15
14,Zprime_3000GeV_030,0.81984218885,3000.0,0.3
15,Zprime_1500GeV_045,0.782194667641,1500.0,0.45
16,Zprime_3000GeV_075,0.72500981651,3000.0,0.75
17,Zprime_1500GeV_060,0.765090128555,1500.0,0.6
18,Zprime_3000GeV_015,0.843460167559,3000.0,0.15
19,Zprime_3500GeV_015,0.850604954371,3500.0,0.15
20,Zprime_3500GeV_030,0.831659195219,3500.0,0.3
21,Zprime_2000GeV_030,0.811707747182,2000.0,0.3
22,Zprime_2000GeV_015,0.829673379088,2000.0,0.15
23,Zprime_3500GeV_075,0.725864858039,3500.0,0.75
24,Zprime_3500GeV_045,0.799424977537,3500.0,0.45
25,Zprime_2500GeV_030,0.813806182406,2500.0,0.3
26,Zprime_2000GeV_060,0.759898849907,2000.0,0.6
27,Zprime_4000GeV_060,0.772309920817,4000.0,0.6
28,Zprime_2500GeV_075,0.724574363881,2500.0,0.75
29,Zprime_4000GeV_045,0.806018220607,4000.0,0.45
