,name,auc,mass,nu
0,Zprime_1500GeV_075,0.726159780077,1500.0,0.75
1,Zprime_1500GeV_015,0.823024756308,1500.0,0.15
2,Zprime_3000GeV_060,0.760644604744,3000.0,0.6
3,Zprime_1500GeV_030,0.803798720322,1500.0,0.3
4,Zprime_3000GeV_045,0.793145530318,3000.0,0.45
5,Zprime_2000GeV_045,0.804740332234,2000.0,0.45
6,Zprime_2500GeV_015,0.833097721356,2500.0,0.15
7,Zprime_3500GeV_060,0.762353477479,3500.0,0.6
8,Zprime_2500GeV_045,0.792021090614,2500.0,0.45
9,Zprime_2000GeV_075,0.739532442381,2000.0,0.75
10,Zprime_2500GeV_060,0.763993725536,2500.0,0.6
11,Zprime_4000GeV_075,0.720936140923,4000.0,0.75
12,Zprime_4000GeV_030,0.841069653533,4000.0,0.3
13,Zprime_4000GeV_015,0.865394946227,4000.0,0.15
14,Zprime_3000GeV_030,0.816880520653,3000.0,0.3
15,Zprime_1500GeV_045,0.779579903638,1500.0,0.45
16,Zprime_3000GeV_075,0.726760257324,3000.0,0.75
17,Zprime_1500GeV_060,0.757433124265,1500.0,0.6
18,Zprime_3000GeV_015,0.839061046794,3000.0,0.15
19,Zprime_3500GeV_015,0.851981143794,3500.0,0.15
20,Zprime_3500GeV_030,0.830893803047,3500.0,0.3
21,Zprime_2000GeV_030,0.823353860348,2000.0,0.3
22,Zprime_2000GeV_015,0.840771624811,2000.0,0.15
23,Zprime_3500GeV_075,0.721566789497,3500.0,0.75
24,Zprime_3500GeV_045,0.79883921289,3500.0,0.45
25,Zprime_2500GeV_030,0.814534047703,2500.0,0.3
26,Zprime_2000GeV_060,0.774303021995,2000.0,0.6
27,Zprime_4000GeV_060,0.76929527346,4000.0,0.6
28,Zprime_2500GeV_075,0.726129077631,2500.0,0.75
29,Zprime_4000GeV_045,0.807545782285,4000.0,0.45
