,name,auc,mass,nu
0,Zprime_1500GeV_075,0.747970780688,1500.0,0.75
1,Zprime_1500GeV_015,0.838322192299,1500.0,0.15
2,Zprime_3000GeV_060,0.768659578225,3000.0,0.6
3,Zprime_1500GeV_030,0.823399902819,1500.0,0.3
4,Zprime_3000GeV_045,0.800338742095,3000.0,0.45
5,Zprime_2000GeV_045,0.803834004113,2000.0,0.45
6,Zprime_2500GeV_015,0.84112858757,2500.0,0.15
7,Zprime_3500GeV_060,0.769284267316,3500.0,0.6
8,Zprime_2500GeV_045,0.799658580568,2500.0,0.45
9,Zprime_2000GeV_075,0.748796672956,2000.0,0.75
10,Zprime_2500GeV_060,0.77172007818,2500.0,0.6
11,Zprime_4000GeV_075,0.729272751532,4000.0,0.75
12,Zprime_4000GeV_030,0.831847721151,4000.0,0.3
13,Zprime_4000GeV_015,0.849693964762,4000.0,0.15
14,Zprime_3000GeV_030,0.822668921361,3000.0,0.3
15,Zprime_1500GeV_045,0.797373967867,1500.0,0.45
16,Zprime_3000GeV_075,0.736335913144,3000.0,0.75
17,Zprime_1500GeV_060,0.779114150334,1500.0,0.6
18,Zprime_3000GeV_015,0.844216806454,3000.0,0.15
19,Zprime_3500GeV_015,0.844525740034,3500.0,0.15
20,Zprime_3500GeV_030,0.827539274323,3500.0,0.3
21,Zprime_2000GeV_030,0.825665075044,2000.0,0.3
22,Zprime_2000GeV_015,0.84168870292,2000.0,0.15
23,Zprime_3500GeV_075,0.732689651328,3500.0,0.75
24,Zprime_3500GeV_045,0.800787472787,3500.0,0.45
25,Zprime_2500GeV_030,0.82230307002,2500.0,0.3
26,Zprime_2000GeV_060,0.776549967249,2000.0,0.6
27,Zprime_4000GeV_060,0.771623406561,4000.0,0.6
28,Zprime_2500GeV_075,0.734931591937,2500.0,0.75
29,Zprime_4000GeV_045,0.801753681717,4000.0,0.45
