,name,auc,mass,nu
0,Zprime_1500GeV_075,0.81053190897,1500.0,0.75
1,Zprime_1500GeV_015,0.879488627091,1500.0,0.15
2,Zprime_3000GeV_060,0.817215285524,3000.0,0.6
3,Zprime_1500GeV_030,0.867425265757,1500.0,0.3
4,Zprime_3000GeV_045,0.844828788674,3000.0,0.45
5,Zprime_2000GeV_045,0.852611785245,2000.0,0.45
6,Zprime_2500GeV_015,0.880656105202,2500.0,0.15
7,Zprime_3500GeV_060,0.814438008016,3500.0,0.6
8,Zprime_2500GeV_045,0.846419973886,2500.0,0.45
9,Zprime_2000GeV_075,0.808270612279,2000.0,0.75
10,Zprime_2500GeV_060,0.823520524116,2500.0,0.6
11,Zprime_4000GeV_075,0.776340799327,4000.0,0.75
12,Zprime_4000GeV_030,0.871137169613,4000.0,0.3
13,Zprime_4000GeV_015,0.884762863104,4000.0,0.15
14,Zprime_3000GeV_030,0.864659656808,3000.0,0.3
15,Zprime_1500GeV_045,0.854274021249,1500.0,0.45
16,Zprime_3000GeV_075,0.788551387117,3000.0,0.75
17,Zprime_1500GeV_060,0.836016462847,1500.0,0.6
18,Zprime_3000GeV_015,0.882584522277,3000.0,0.15
19,Zprime_3500GeV_015,0.88292471341,3500.0,0.15
20,Zprime_3500GeV_030,0.867703414888,3500.0,0.3
21,Zprime_2000GeV_030,0.870230591617,2000.0,0.3
22,Zprime_2000GeV_015,0.881892855998,2000.0,0.15
23,Zprime_3500GeV_075,0.782716480918,3500.0,0.75
24,Zprime_3500GeV_045,0.844363331043,3500.0,0.45
25,Zprime_2500GeV_030,0.865618802057,2500.0,0.3
26,Zprime_2000GeV_060,0.831217777276,2000.0,0.6
27,Zprime_4000GeV_060,0.815463455856,4000.0,0.6
28,Zprime_2500GeV_075,0.795275135868,2500.0,0.75
29,Zprime_4000GeV_045,0.845881398295,4000.0,0.45
