,name,auc,mass,nu
0,Zprime_1500GeV_075,0.806277398867,1500.0,0.75
1,Zprime_1500GeV_015,0.874197023982,1500.0,0.15
2,Zprime_3000GeV_060,0.813692076258,3000.0,0.6
3,Zprime_1500GeV_030,0.863340664247,1500.0,0.3
4,Zprime_3000GeV_045,0.84201966074,3000.0,0.45
5,Zprime_2000GeV_045,0.848138506896,2000.0,0.45
6,Zprime_2500GeV_015,0.877418141942,2500.0,0.15
7,Zprime_3500GeV_060,0.811763689836,3500.0,0.6
8,Zprime_2500GeV_045,0.842958989637,2500.0,0.45
9,Zprime_2000GeV_075,0.80202745236,2000.0,0.75
10,Zprime_2500GeV_060,0.818961348646,2500.0,0.6
11,Zprime_4000GeV_075,0.772497188503,4000.0,0.75
12,Zprime_4000GeV_030,0.870048202787,4000.0,0.3
13,Zprime_4000GeV_015,0.88424436232,4000.0,0.15
14,Zprime_3000GeV_030,0.862472017694,3000.0,0.3
15,Zprime_1500GeV_045,0.849082918755,1500.0,0.45
16,Zprime_3000GeV_075,0.78374115134,3000.0,0.75
17,Zprime_1500GeV_060,0.832417101372,1500.0,0.6
18,Zprime_3000GeV_015,0.879793129456,3000.0,0.15
19,Zprime_3500GeV_015,0.881540972797,3500.0,0.15
20,Zprime_3500GeV_030,0.865978561944,3500.0,0.3
21,Zprime_2000GeV_030,0.865679833394,2000.0,0.3
22,Zprime_2000GeV_015,0.878103296081,2000.0,0.15
23,Zprime_3500GeV_075,0.777757666687,3500.0,0.75
24,Zprime_3500GeV_045,0.842253768388,3500.0,0.45
25,Zprime_2500GeV_030,0.862487973148,2500.0,0.3
26,Zprime_2000GeV_060,0.826453449744,2000.0,0.6
27,Zprime_4000GeV_060,0.812540164887,4000.0,0.6
28,Zprime_2500GeV_075,0.791140003505,2500.0,0.75
29,Zprime_4000GeV_045,0.843429465424,4000.0,0.45
