,name,auc,mass,nu
0,Zprime_1500GeV_075,0.718632230411,1500.0,0.75
1,Zprime_1500GeV_015,0.809296875058,1500.0,0.15
2,Zprime_3000GeV_060,0.742754848848,3000.0,0.6
3,Zprime_1500GeV_030,0.793752267053,1500.0,0.3
4,Zprime_3000GeV_045,0.776292571807,3000.0,0.45
5,Zprime_2000GeV_045,0.770637849721,2000.0,0.45
6,Zprime_2500GeV_015,0.817669881394,2500.0,0.15
7,Zprime_3500GeV_060,0.747838445125,3500.0,0.6
8,Zprime_2500GeV_045,0.770740774791,2500.0,0.45
9,Zprime_2000GeV_075,0.715971505972,2000.0,0.75
10,Zprime_2500GeV_060,0.740824697505,2500.0,0.6
11,Zprime_4000GeV_075,0.708985924188,4000.0,0.75
12,Zprime_4000GeV_030,0.821195539894,4000.0,0.3
13,Zprime_4000GeV_015,0.84240778938,4000.0,0.15
14,Zprime_3000GeV_030,0.802103854171,3000.0,0.3
15,Zprime_1500GeV_045,0.770618002035,1500.0,0.45
16,Zprime_3000GeV_075,0.707131572555,3000.0,0.75
17,Zprime_1500GeV_060,0.749198909868,1500.0,0.6
18,Zprime_3000GeV_015,0.827080921003,3000.0,0.15
19,Zprime_3500GeV_015,0.834177600204,3500.0,0.15
20,Zprime_3500GeV_030,0.813932929704,3500.0,0.3
21,Zprime_2000GeV_030,0.794747421128,2000.0,0.3
22,Zprime_2000GeV_015,0.812630971102,2000.0,0.15
23,Zprime_3500GeV_075,0.707492437674,3500.0,0.75
24,Zprime_3500GeV_045,0.780372967876,3500.0,0.45
25,Zprime_2500GeV_030,0.796337775452,2500.0,0.3
26,Zprime_2000GeV_060,0.74367612014,2000.0,0.6
27,Zprime_4000GeV_060,0.754023266146,4000.0,0.6
28,Zprime_2500GeV_075,0.704552022637,2500.0,0.75
29,Zprime_4000GeV_045,0.788312682851,4000.0,0.45
