,name,auc,mass,nu
0,Zprime_1500GeV_075,0.764036750804,1500.0,0.75
1,Zprime_1500GeV_015,0.842024679741,1500.0,0.15
2,Zprime_3000GeV_060,0.781430442883,3000.0,0.6
3,Zprime_1500GeV_030,0.837130965186,1500.0,0.3
4,Zprime_3000GeV_045,0.808734730442,3000.0,0.45
5,Zprime_2000GeV_045,0.815522464055,2000.0,0.45
6,Zprime_2500GeV_015,0.847099444671,2500.0,0.15
7,Zprime_3500GeV_060,0.781325968498,3500.0,0.6
8,Zprime_2500GeV_045,0.810270495491,2500.0,0.45
9,Zprime_2000GeV_075,0.765968497133,2000.0,0.75
10,Zprime_2500GeV_060,0.785046122533,2500.0,0.6
11,Zprime_4000GeV_075,0.745860601744,4000.0,0.75
12,Zprime_4000GeV_030,0.839170357624,4000.0,0.3
13,Zprime_4000GeV_015,0.858629682833,4000.0,0.15
14,Zprime_3000GeV_030,0.830104162246,3000.0,0.3
15,Zprime_1500GeV_045,0.816235177482,1500.0,0.45
16,Zprime_3000GeV_075,0.750825721425,3000.0,0.75
17,Zprime_1500GeV_060,0.796533922043,1500.0,0.6
18,Zprime_3000GeV_015,0.850877673297,3000.0,0.15
19,Zprime_3500GeV_015,0.853537559989,3500.0,0.15
20,Zprime_3500GeV_030,0.83583222578,3500.0,0.3
21,Zprime_2000GeV_030,0.838344026023,2000.0,0.3
22,Zprime_2000GeV_015,0.850858842132,2000.0,0.15
23,Zprime_3500GeV_075,0.747788054837,3500.0,0.75
24,Zprime_3500GeV_045,0.810145184521,3500.0,0.45
25,Zprime_2500GeV_030,0.83145109643,2500.0,0.3
26,Zprime_2000GeV_060,0.791953003791,2000.0,0.6
27,Zprime_4000GeV_060,0.784145145178,4000.0,0.6
28,Zprime_2500GeV_075,0.752867819483,2500.0,0.75
29,Zprime_4000GeV_045,0.813483045513,4000.0,0.45
