,name,auc,mass,nu
0,Zprime_1500GeV_075,0.748800312855,1500.0,0.75
1,Zprime_1500GeV_015,0.841842623407,1500.0,0.15
2,Zprime_3000GeV_060,0.774750184878,3000.0,0.6
3,Zprime_1500GeV_030,0.827543674883,1500.0,0.3
4,Zprime_3000GeV_045,0.80773761742,3000.0,0.45
5,Zprime_2000GeV_045,0.811889956197,2000.0,0.45
6,Zprime_2500GeV_015,0.852068938774,2500.0,0.15
7,Zprime_3500GeV_060,0.774545157103,3500.0,0.6
8,Zprime_2500GeV_045,0.80765771474,2500.0,0.45
9,Zprime_2000GeV_075,0.752446898581,2000.0,0.75
10,Zprime_2500GeV_060,0.77686291686,2500.0,0.6
11,Zprime_4000GeV_075,0.729783638686,4000.0,0.75
12,Zprime_4000GeV_030,0.846207867265,4000.0,0.3
13,Zprime_4000GeV_015,0.864644662987,4000.0,0.15
14,Zprime_3000GeV_030,0.832970041644,3000.0,0.3
15,Zprime_1500GeV_045,0.799968816,1500.0,0.45
16,Zprime_3000GeV_075,0.738535372496,3000.0,0.75
17,Zprime_1500GeV_060,0.783236818009,1500.0,0.6
18,Zprime_3000GeV_015,0.856152538559,3000.0,0.15
19,Zprime_3500GeV_015,0.860152929427,3500.0,0.15
20,Zprime_3500GeV_030,0.841375423962,3500.0,0.3
21,Zprime_2000GeV_030,0.833862099982,2000.0,0.3
22,Zprime_2000GeV_015,0.850568272146,2000.0,0.15
23,Zprime_3500GeV_075,0.735031818679,3500.0,0.75
24,Zprime_3500GeV_045,0.810361578072,3500.0,0.45
25,Zprime_2500GeV_030,0.832660743977,2500.0,0.3
26,Zprime_2000GeV_060,0.781481694013,2000.0,0.6
27,Zprime_4000GeV_060,0.777751245252,4000.0,0.6
28,Zprime_2500GeV_075,0.740970835244,2500.0,0.75
29,Zprime_4000GeV_045,0.813795190614,4000.0,0.45
