,name,auc,mass,nu
0,Zprime_1500GeV_075,0.801665790378,1500.0,0.75
1,Zprime_1500GeV_015,0.875243626678,1500.0,0.15
2,Zprime_3000GeV_060,0.807500649261,3000.0,0.6
3,Zprime_1500GeV_030,0.863268341729,1500.0,0.3
4,Zprime_3000GeV_045,0.837764074059,3000.0,0.45
5,Zprime_2000GeV_045,0.845123424069,2000.0,0.45
6,Zprime_2500GeV_015,0.8772398465,2500.0,0.15
7,Zprime_3500GeV_060,0.804821059742,3500.0,0.6
8,Zprime_2500GeV_045,0.84024565121,2500.0,0.45
9,Zprime_2000GeV_075,0.797518271352,2000.0,0.75
10,Zprime_2500GeV_060,0.813013852804,2500.0,0.6
11,Zprime_4000GeV_075,0.763650357372,4000.0,0.75
12,Zprime_4000GeV_030,0.861786978488,4000.0,0.3
13,Zprime_4000GeV_015,0.873926550724,4000.0,0.15
14,Zprime_3000GeV_030,0.858316238148,3000.0,0.3
15,Zprime_1500GeV_045,0.844252634211,1500.0,0.45
16,Zprime_3000GeV_075,0.776886485288,3000.0,0.75
17,Zprime_1500GeV_060,0.830586974304,1500.0,0.6
18,Zprime_3000GeV_015,0.876885571354,3000.0,0.15
19,Zprime_3500GeV_015,0.875182320885,3500.0,0.15
20,Zprime_3500GeV_030,0.860616260074,3500.0,0.3
21,Zprime_2000GeV_030,0.866330567343,2000.0,0.3
22,Zprime_2000GeV_015,0.879463769589,2000.0,0.15
23,Zprime_3500GeV_075,0.768837516716,3500.0,0.75
24,Zprime_3500GeV_045,0.834016906738,3500.0,0.45
25,Zprime_2500GeV_030,0.861196982824,2500.0,0.3
26,Zprime_2000GeV_060,0.821793282805,2000.0,0.6
27,Zprime_4000GeV_060,0.805138358299,4000.0,0.6
28,Zprime_2500GeV_075,0.783035494405,2500.0,0.75
29,Zprime_4000GeV_045,0.834591768745,4000.0,0.45
