,name,auc,mass,nu
0,Zprime_1500GeV_075,0.723353189477,1500.0,0.75
1,Zprime_1500GeV_015,0.825326774586,1500.0,0.15
2,Zprime_3000GeV_060,0.754901993252,3000.0,0.6
3,Zprime_1500GeV_030,0.807099863315,1500.0,0.3
4,Zprime_3000GeV_045,0.787497513569,3000.0,0.45
5,Zprime_2000GeV_045,0.789710002812,2000.0,0.45
6,Zprime_2500GeV_015,0.832810176058,2500.0,0.15
7,Zprime_3500GeV_060,0.754255226629,3500.0,0.6
8,Zprime_2500GeV_045,0.788331560429,2500.0,0.45
9,Zprime_2000GeV_075,0.729207362131,2000.0,0.75
10,Zprime_2500GeV_060,0.756345822106,2500.0,0.6
11,Zprime_4000GeV_075,0.709860257639,4000.0,0.75
12,Zprime_4000GeV_030,0.816809283826,4000.0,0.3
13,Zprime_4000GeV_015,0.834917367689,4000.0,0.15
14,Zprime_3000GeV_030,0.810731794436,3000.0,0.3
15,Zprime_1500GeV_045,0.780661294244,1500.0,0.45
16,Zprime_3000GeV_075,0.718169418234,3000.0,0.75
17,Zprime_1500GeV_060,0.760769202657,1500.0,0.6
18,Zprime_3000GeV_015,0.832495424089,3000.0,0.15
19,Zprime_3500GeV_015,0.829533306766,3500.0,0.15
20,Zprime_3500GeV_030,0.814183065326,3500.0,0.3
21,Zprime_2000GeV_030,0.815613030875,2000.0,0.3
22,Zprime_2000GeV_015,0.833745616791,2000.0,0.15
23,Zprime_3500GeV_075,0.713502276015,3500.0,0.75
24,Zprime_3500GeV_045,0.783262492827,3500.0,0.45
25,Zprime_2500GeV_030,0.813935625307,2500.0,0.3
26,Zprime_2000GeV_060,0.760341844618,2000.0,0.6
27,Zprime_4000GeV_060,0.75637549111,4000.0,0.6
28,Zprime_2500GeV_075,0.717963949082,2500.0,0.75
29,Zprime_4000GeV_045,0.787152411747,4000.0,0.45
