,name,auc,mass,nu
0,Zprime_1500GeV_075,0.75902368819,1500.0,0.75
1,Zprime_1500GeV_015,0.845898744449,1500.0,0.15
2,Zprime_3000GeV_060,0.777531851406,3000.0,0.6
3,Zprime_1500GeV_030,0.831894610309,1500.0,0.3
4,Zprime_3000GeV_045,0.811752282772,3000.0,0.45
5,Zprime_2000GeV_045,0.821170111656,2000.0,0.45
6,Zprime_2500GeV_015,0.859973504714,2500.0,0.15
7,Zprime_3500GeV_060,0.772103974292,3500.0,0.6
8,Zprime_2500GeV_045,0.815919620483,2500.0,0.45
9,Zprime_2000GeV_075,0.756813532721,2000.0,0.75
10,Zprime_2500GeV_060,0.784519941306,2500.0,0.6
11,Zprime_4000GeV_075,0.722142794329,4000.0,0.75
12,Zprime_4000GeV_030,0.832927836456,4000.0,0.3
13,Zprime_4000GeV_015,0.847417536507,4000.0,0.15
14,Zprime_3000GeV_030,0.836410503822,3000.0,0.3
15,Zprime_1500GeV_045,0.809301710712,1500.0,0.45
16,Zprime_3000GeV_075,0.739802841213,3000.0,0.75
17,Zprime_1500GeV_060,0.786802402317,1500.0,0.6
18,Zprime_3000GeV_015,0.856256744059,3000.0,0.15
19,Zprime_3500GeV_015,0.851557144722,3500.0,0.15
20,Zprime_3500GeV_030,0.836133669081,3500.0,0.3
21,Zprime_2000GeV_030,0.843847231503,2000.0,0.3
22,Zprime_2000GeV_015,0.862521662202,2000.0,0.15
23,Zprime_3500GeV_075,0.731428882841,3500.0,0.75
24,Zprime_3500GeV_045,0.808345564578,3500.0,0.45
25,Zprime_2500GeV_030,0.841246596333,2500.0,0.3
26,Zprime_2000GeV_060,0.790452651767,2000.0,0.6
27,Zprime_4000GeV_060,0.768952847146,4000.0,0.6
28,Zprime_2500GeV_075,0.745470782446,2500.0,0.75
29,Zprime_4000GeV_045,0.803732864763,4000.0,0.45
