,name,auc,mass,nu
0,Zprime_1500GeV_075,0.788294572068,1500.0,0.75
1,Zprime_1500GeV_015,0.863543608011,1500.0,0.15
2,Zprime_3000GeV_060,0.80097134011,3000.0,0.6
3,Zprime_1500GeV_030,0.854376059663,1500.0,0.3
4,Zprime_3000GeV_045,0.830465448472,3000.0,0.45
5,Zprime_2000GeV_045,0.837514363205,2000.0,0.45
6,Zprime_2500GeV_015,0.869618962393,2500.0,0.15
7,Zprime_3500GeV_060,0.799127100847,3500.0,0.6
8,Zprime_2500GeV_045,0.832529198364,2500.0,0.45
9,Zprime_2000GeV_075,0.788266393047,2000.0,0.75
10,Zprime_2500GeV_060,0.805405354444,2500.0,0.6
11,Zprime_4000GeV_075,0.759057888873,4000.0,0.75
12,Zprime_4000GeV_030,0.856090144737,4000.0,0.3
13,Zprime_4000GeV_015,0.869852937064,4000.0,0.15
14,Zprime_3000GeV_030,0.850536094945,3000.0,0.3
15,Zprime_1500GeV_045,0.833587079663,1500.0,0.45
16,Zprime_3000GeV_075,0.770049793495,3000.0,0.75
17,Zprime_1500GeV_060,0.818271032598,1500.0,0.6
18,Zprime_3000GeV_015,0.868820150828,3000.0,0.15
19,Zprime_3500GeV_015,0.867580365817,3500.0,0.15
20,Zprime_3500GeV_030,0.853884484081,3500.0,0.3
21,Zprime_2000GeV_030,0.857210244957,2000.0,0.3
22,Zprime_2000GeV_015,0.869802178225,2000.0,0.15
23,Zprime_3500GeV_075,0.763838872634,3500.0,0.75
24,Zprime_3500GeV_045,0.827649288453,3500.0,0.45
25,Zprime_2500GeV_030,0.85303323093,2500.0,0.3
26,Zprime_2000GeV_060,0.813731301083,2000.0,0.6
27,Zprime_4000GeV_060,0.800314168163,4000.0,0.6
28,Zprime_2500GeV_075,0.776130542492,2500.0,0.75
29,Zprime_4000GeV_045,0.828974138688,4000.0,0.45
