,name,auc,mass,nu
0,Zprime_1500GeV_075,0.779294482649,1500.0,0.75
1,Zprime_1500GeV_015,0.859520391241,1500.0,0.15
2,Zprime_3000GeV_060,0.797293504533,3000.0,0.6
3,Zprime_1500GeV_030,0.849008623544,1500.0,0.3
4,Zprime_3000GeV_045,0.826258953369,3000.0,0.45
5,Zprime_2000GeV_045,0.835199359754,2000.0,0.45
6,Zprime_2500GeV_015,0.866279422339,2500.0,0.15
7,Zprime_3500GeV_060,0.794982221634,3500.0,0.6
8,Zprime_2500GeV_045,0.829799931922,2500.0,0.45
9,Zprime_2000GeV_075,0.781281897676,2000.0,0.75
10,Zprime_2500GeV_060,0.80329342858,2500.0,0.6
11,Zprime_4000GeV_075,0.75382934435,4000.0,0.75
12,Zprime_4000GeV_030,0.848833929802,4000.0,0.3
13,Zprime_4000GeV_015,0.861705218635,4000.0,0.15
14,Zprime_3000GeV_030,0.845886433736,3000.0,0.3
15,Zprime_1500GeV_045,0.828394056464,1500.0,0.45
16,Zprime_3000GeV_075,0.765036854557,3000.0,0.75
17,Zprime_1500GeV_060,0.809033730152,1500.0,0.6
18,Zprime_3000GeV_015,0.862403713114,3000.0,0.15
19,Zprime_3500GeV_015,0.860184156599,3500.0,0.15
20,Zprime_3500GeV_030,0.846476527361,3500.0,0.3
21,Zprime_2000GeV_030,0.855699518719,2000.0,0.3
22,Zprime_2000GeV_015,0.869375430685,2000.0,0.15
23,Zprime_3500GeV_075,0.760068200291,3500.0,0.75
24,Zprime_3500GeV_045,0.822570226404,3500.0,0.45
25,Zprime_2500GeV_030,0.850506951125,2500.0,0.3
26,Zprime_2000GeV_060,0.809291246086,2000.0,0.6
27,Zprime_4000GeV_060,0.795703364598,4000.0,0.6
28,Zprime_2500GeV_075,0.769526273257,2500.0,0.75
29,Zprime_4000GeV_045,0.822562275553,4000.0,0.45
