,name,auc,mass,nu
0,Zprime_1500GeV_075,0.796138622901,1500.0,0.75
1,Zprime_1500GeV_015,0.869969046232,1500.0,0.15
2,Zprime_3000GeV_060,0.8040359891,3000.0,0.6
3,Zprime_1500GeV_030,0.857950564238,1500.0,0.3
4,Zprime_3000GeV_045,0.834668559988,3000.0,0.45
5,Zprime_2000GeV_045,0.839394930596,2000.0,0.45
6,Zprime_2500GeV_015,0.873742594201,2500.0,0.15
7,Zprime_3500GeV_060,0.802327663635,3500.0,0.6
8,Zprime_2500GeV_045,0.836135382467,2500.0,0.45
9,Zprime_2000GeV_075,0.790967537121,2000.0,0.75
10,Zprime_2500GeV_060,0.808044268135,2500.0,0.6
11,Zprime_4000GeV_075,0.758955832392,4000.0,0.75
12,Zprime_4000GeV_030,0.859887099566,4000.0,0.3
13,Zprime_4000GeV_015,0.873677286192,4000.0,0.15
14,Zprime_3000GeV_030,0.855767892405,3000.0,0.3
15,Zprime_1500GeV_045,0.83879558282,1500.0,0.45
16,Zprime_3000GeV_075,0.771960070911,3000.0,0.75
17,Zprime_1500GeV_060,0.823113803709,1500.0,0.6
18,Zprime_3000GeV_015,0.874780922669,3000.0,0.15
19,Zprime_3500GeV_015,0.873848387406,3500.0,0.15
20,Zprime_3500GeV_030,0.858438748596,3500.0,0.3
21,Zprime_2000GeV_030,0.859912792374,2000.0,0.3
22,Zprime_2000GeV_015,0.873406530728,2000.0,0.15
23,Zprime_3500GeV_075,0.764104021269,3500.0,0.75
24,Zprime_3500GeV_045,0.830721718121,3500.0,0.45
25,Zprime_2500GeV_030,0.857035774299,2500.0,0.3
26,Zprime_2000GeV_060,0.814651347026,2000.0,0.6
27,Zprime_4000GeV_060,0.802471143086,4000.0,0.6
28,Zprime_2500GeV_075,0.778344044012,2500.0,0.75
29,Zprime_4000GeV_045,0.833305073308,4000.0,0.45
