,name,auc,mass,nu
0,Zprime_1500GeV_075,0.805940707056,1500.0,0.75
1,Zprime_1500GeV_015,0.874661875478,1500.0,0.15
2,Zprime_3000GeV_060,0.816753484453,3000.0,0.6
3,Zprime_1500GeV_030,0.862515870478,1500.0,0.3
4,Zprime_3000GeV_045,0.839689385327,3000.0,0.45
5,Zprime_2000GeV_045,0.856894916411,2000.0,0.45
6,Zprime_2500GeV_015,0.876678454872,2500.0,0.15
7,Zprime_3500GeV_060,0.81013247444,3500.0,0.6
8,Zprime_2500GeV_045,0.84572577743,2500.0,0.45
9,Zprime_2000GeV_075,0.809840558984,2000.0,0.75
10,Zprime_2500GeV_060,0.823493074244,2500.0,0.6
11,Zprime_4000GeV_075,0.778632485934,4000.0,0.75
12,Zprime_4000GeV_030,0.861162798422,4000.0,0.3
13,Zprime_4000GeV_015,0.873322983191,4000.0,0.15
14,Zprime_3000GeV_030,0.857633278196,3000.0,0.3
15,Zprime_1500GeV_045,0.842771597984,1500.0,0.45
16,Zprime_3000GeV_075,0.789347313705,3000.0,0.75
17,Zprime_1500GeV_060,0.825837470492,1500.0,0.6
18,Zprime_3000GeV_015,0.874528339648,3000.0,0.15
19,Zprime_3500GeV_015,0.872936644684,3500.0,0.15
20,Zprime_3500GeV_030,0.858794871518,3500.0,0.3
21,Zprime_2000GeV_030,0.874243146535,2000.0,0.3
22,Zprime_2000GeV_015,0.885664596319,2000.0,0.15
23,Zprime_3500GeV_075,0.78400698727,3500.0,0.75
24,Zprime_3500GeV_045,0.83797298595,3500.0,0.45
25,Zprime_2500GeV_030,0.862513697702,2500.0,0.3
26,Zprime_2000GeV_060,0.831335811226,2000.0,0.6
27,Zprime_4000GeV_060,0.810576035909,4000.0,0.6
28,Zprime_2500GeV_075,0.797219605654,2500.0,0.75
29,Zprime_4000GeV_045,0.836794555846,4000.0,0.45
