,name,auc,mass,nu
0,Zprime_1500GeV_075,0.786339161121,1500.0,0.75
1,Zprime_1500GeV_015,0.863455513983,1500.0,0.15
2,Zprime_3000GeV_060,0.796437405859,3000.0,0.6
3,Zprime_1500GeV_030,0.851269207049,1500.0,0.3
4,Zprime_3000GeV_045,0.827640548902,3000.0,0.45
5,Zprime_2000GeV_045,0.83386010167,2000.0,0.45
6,Zprime_2500GeV_015,0.868966051867,2500.0,0.15
7,Zprime_3500GeV_060,0.795001009583,3500.0,0.6
8,Zprime_2500GeV_045,0.829521315795,2500.0,0.45
9,Zprime_2000GeV_075,0.784878451621,2000.0,0.75
10,Zprime_2500GeV_060,0.80103022419,2500.0,0.6
11,Zprime_4000GeV_075,0.751890251527,4000.0,0.75
12,Zprime_4000GeV_030,0.855501411317,4000.0,0.3
13,Zprime_4000GeV_015,0.871311827583,4000.0,0.15
14,Zprime_3000GeV_030,0.849927269155,3000.0,0.3
15,Zprime_1500GeV_045,0.831438086361,1500.0,0.45
16,Zprime_3000GeV_075,0.763165274997,3000.0,0.75
17,Zprime_1500GeV_060,0.815372727205,1500.0,0.6
18,Zprime_3000GeV_015,0.869279008772,3000.0,0.15
19,Zprime_3500GeV_015,0.868643579747,3500.0,0.15
20,Zprime_3500GeV_030,0.85278936555,3500.0,0.3
21,Zprime_2000GeV_030,0.855228692599,2000.0,0.3
22,Zprime_2000GeV_015,0.868471418676,2000.0,0.15
23,Zprime_3500GeV_075,0.756372441249,3500.0,0.75
24,Zprime_3500GeV_045,0.825064784678,3500.0,0.45
25,Zprime_2500GeV_030,0.850854342369,2500.0,0.3
26,Zprime_2000GeV_060,0.809852472584,2000.0,0.6
27,Zprime_4000GeV_060,0.795617755838,4000.0,0.6
28,Zprime_2500GeV_075,0.770044995879,2500.0,0.75
29,Zprime_4000GeV_045,0.826655255958,4000.0,0.45
