,name,auc,mass,nu
0,Zprime_1500GeV_075,0.795686592498,1500.0,0.75
1,Zprime_1500GeV_015,0.867234219176,1500.0,0.15
2,Zprime_3000GeV_060,0.801489348126,3000.0,0.6
3,Zprime_1500GeV_030,0.856316585472,1500.0,0.3
4,Zprime_3000GeV_045,0.830070490002,3000.0,0.45
5,Zprime_2000GeV_045,0.835842101481,2000.0,0.45
6,Zprime_2500GeV_015,0.866437388956,2500.0,0.15
7,Zprime_3500GeV_060,0.799561032858,3500.0,0.6
8,Zprime_2500GeV_045,0.831790295677,2500.0,0.45
9,Zprime_2000GeV_075,0.792579753967,2000.0,0.75
10,Zprime_2500GeV_060,0.806078930241,2500.0,0.6
11,Zprime_4000GeV_075,0.758787624703,4000.0,0.75
12,Zprime_4000GeV_030,0.852646774069,4000.0,0.3
13,Zprime_4000GeV_015,0.864829326371,4000.0,0.15
14,Zprime_3000GeV_030,0.85028149776,3000.0,0.3
15,Zprime_1500GeV_045,0.837254903889,1500.0,0.45
16,Zprime_3000GeV_075,0.772088358807,3000.0,0.75
17,Zprime_1500GeV_060,0.822871345154,1500.0,0.6
18,Zprime_3000GeV_015,0.86749305734,3000.0,0.15
19,Zprime_3500GeV_015,0.865303076925,3500.0,0.15
20,Zprime_3500GeV_030,0.85159654266,3500.0,0.3
21,Zprime_2000GeV_030,0.855950536782,2000.0,0.3
22,Zprime_2000GeV_015,0.86777126754,2000.0,0.15
23,Zprime_3500GeV_075,0.764620245681,3500.0,0.75
24,Zprime_3500GeV_045,0.826548278494,3500.0,0.45
25,Zprime_2500GeV_030,0.851246180575,2500.0,0.3
26,Zprime_2000GeV_060,0.81511711397,2000.0,0.6
27,Zprime_4000GeV_060,0.799555755323,4000.0,0.6
28,Zprime_2500GeV_075,0.778161708794,2500.0,0.75
29,Zprime_4000GeV_045,0.82620503539,4000.0,0.45
