,name,auc,mass,nu
0,Zprime_1500GeV_075,0.720267695975,1500.0,0.75
1,Zprime_1500GeV_015,0.808442784477,1500.0,0.15
2,Zprime_3000GeV_060,0.742885754589,3000.0,0.6
3,Zprime_1500GeV_030,0.796560450519,1500.0,0.3
4,Zprime_3000GeV_045,0.777020285292,3000.0,0.45
5,Zprime_2000GeV_045,0.77538679021,2000.0,0.45
6,Zprime_2500GeV_015,0.818457701944,2500.0,0.15
7,Zprime_3500GeV_060,0.747263006688,3500.0,0.6
8,Zprime_2500GeV_045,0.774002834753,2500.0,0.45
9,Zprime_2000GeV_075,0.723298834761,2000.0,0.75
10,Zprime_2500GeV_060,0.745254641531,2500.0,0.6
11,Zprime_4000GeV_075,0.706473885613,4000.0,0.75
12,Zprime_4000GeV_030,0.812751181601,4000.0,0.3
13,Zprime_4000GeV_015,0.830060621129,4000.0,0.15
14,Zprime_3000GeV_030,0.801434523577,3000.0,0.3
15,Zprime_1500GeV_045,0.77001024787,1500.0,0.45
16,Zprime_3000GeV_075,0.708159820538,3000.0,0.75
17,Zprime_1500GeV_060,0.749946543111,1500.0,0.6
18,Zprime_3000GeV_015,0.823507564117,3000.0,0.15
19,Zprime_3500GeV_015,0.824130196705,3500.0,0.15
20,Zprime_3500GeV_030,0.80762510454,3500.0,0.3
21,Zprime_2000GeV_030,0.800137713767,2000.0,0.3
22,Zprime_2000GeV_015,0.816693854665,2000.0,0.15
23,Zprime_3500GeV_075,0.708317670577,3500.0,0.75
24,Zprime_3500GeV_045,0.777043818467,3500.0,0.45
25,Zprime_2500GeV_030,0.799764180607,2500.0,0.3
26,Zprime_2000GeV_060,0.748113849142,2000.0,0.6
27,Zprime_4000GeV_060,0.752105645972,4000.0,0.6
28,Zprime_2500GeV_075,0.707675588294,2500.0,0.75
29,Zprime_4000GeV_045,0.781263589523,4000.0,0.45
