,name,auc,mass,nu
0,Zprime_1500GeV_075,0.804054137938,1500.0,0.75
1,Zprime_1500GeV_015,0.873604211486,1500.0,0.15
2,Zprime_3000GeV_060,0.807661692831,3000.0,0.6
3,Zprime_1500GeV_030,0.863998461725,1500.0,0.3
4,Zprime_3000GeV_045,0.837203465724,3000.0,0.45
5,Zprime_2000GeV_045,0.844485019595,2000.0,0.45
6,Zprime_2500GeV_015,0.874793244052,2500.0,0.15
7,Zprime_3500GeV_060,0.806034460286,3500.0,0.6
8,Zprime_2500GeV_045,0.839048481885,2500.0,0.45
9,Zprime_2000GeV_075,0.798430949382,2000.0,0.75
10,Zprime_2500GeV_060,0.812185197813,2500.0,0.6
11,Zprime_4000GeV_075,0.764401108055,4000.0,0.75
12,Zprime_4000GeV_030,0.861851768732,4000.0,0.3
13,Zprime_4000GeV_015,0.874181329988,4000.0,0.15
14,Zprime_3000GeV_030,0.857560825148,3000.0,0.3
15,Zprime_1500GeV_045,0.846239099376,1500.0,0.45
16,Zprime_3000GeV_075,0.777055755978,3000.0,0.75
17,Zprime_1500GeV_060,0.831299347588,1500.0,0.6
18,Zprime_3000GeV_015,0.875448569241,3000.0,0.15
19,Zprime_3500GeV_015,0.873879830064,3500.0,0.15
20,Zprime_3500GeV_030,0.859410420691,3500.0,0.3
21,Zprime_2000GeV_030,0.864002416492,2000.0,0.3
22,Zprime_2000GeV_015,0.875697879417,2000.0,0.15
23,Zprime_3500GeV_075,0.769790052992,3500.0,0.75
24,Zprime_3500GeV_045,0.834200241414,3500.0,0.45
25,Zprime_2500GeV_030,0.858894320792,2500.0,0.3
26,Zprime_2000GeV_060,0.821778978477,2000.0,0.6
27,Zprime_4000GeV_060,0.806461038781,4000.0,0.6
28,Zprime_2500GeV_075,0.78411018916,2500.0,0.75
29,Zprime_4000GeV_045,0.835318140247,4000.0,0.45
