,name,auc,mass,nu
0,Zprime_1500GeV_075,0.795693376163,1500.0,0.75
1,Zprime_1500GeV_015,0.86687602136,1500.0,0.15
2,Zprime_3000GeV_060,0.79839061804,3000.0,0.6
3,Zprime_1500GeV_030,0.855479230471,1500.0,0.3
4,Zprime_3000GeV_045,0.82789713315,3000.0,0.45
5,Zprime_2000GeV_045,0.833138228172,2000.0,0.45
6,Zprime_2500GeV_015,0.865607688271,2500.0,0.15
7,Zprime_3500GeV_060,0.797157098014,3500.0,0.6
8,Zprime_2500GeV_045,0.829475174522,2500.0,0.45
9,Zprime_2000GeV_075,0.788097061305,2000.0,0.75
10,Zprime_2500GeV_060,0.803747983089,2500.0,0.6
11,Zprime_4000GeV_075,0.755616473349,4000.0,0.75
12,Zprime_4000GeV_030,0.853159434927,4000.0,0.3
13,Zprime_4000GeV_015,0.866827999015,4000.0,0.15
14,Zprime_3000GeV_030,0.848035508791,3000.0,0.3
15,Zprime_1500GeV_045,0.836882367357,1500.0,0.45
16,Zprime_3000GeV_075,0.76792500232,3000.0,0.75
17,Zprime_1500GeV_060,0.823204842874,1500.0,0.6
18,Zprime_3000GeV_015,0.866466029927,3000.0,0.15
19,Zprime_3500GeV_015,0.865120298705,3500.0,0.15
20,Zprime_3500GeV_030,0.850728064987,3500.0,0.3
21,Zprime_2000GeV_030,0.854397163959,2000.0,0.3
22,Zprime_2000GeV_015,0.865961591986,2000.0,0.15
23,Zprime_3500GeV_075,0.761047469455,3500.0,0.75
24,Zprime_3500GeV_045,0.82434102507,3500.0,0.45
25,Zprime_2500GeV_030,0.849951735378,2500.0,0.3
26,Zprime_2000GeV_060,0.811702072104,2000.0,0.6
27,Zprime_4000GeV_060,0.798275153132,4000.0,0.6
28,Zprime_2500GeV_075,0.773817986555,2500.0,0.75
29,Zprime_4000GeV_045,0.826216250854,4000.0,0.45
