,name,auc,mass,nu
0,Zprime_1500GeV_075,0.790230260623,1500.0,0.75
1,Zprime_1500GeV_015,0.855966520264,1500.0,0.15
2,Zprime_3000GeV_060,0.79703684466,3000.0,0.6
3,Zprime_1500GeV_030,0.844755663608,1500.0,0.3
4,Zprime_3000GeV_045,0.820985698469,3000.0,0.45
5,Zprime_2000GeV_045,0.838035407599,2000.0,0.45
6,Zprime_2500GeV_015,0.858794280203,2500.0,0.15
7,Zprime_3500GeV_060,0.792054544742,3500.0,0.6
8,Zprime_2500GeV_045,0.826060229071,2500.0,0.45
9,Zprime_2000GeV_075,0.7929594218,2000.0,0.75
10,Zprime_2500GeV_060,0.803130504026,2500.0,0.6
11,Zprime_4000GeV_075,0.75991653539,4000.0,0.75
12,Zprime_4000GeV_030,0.84953809761,4000.0,0.3
13,Zprime_4000GeV_015,0.864754640458,4000.0,0.15
14,Zprime_3000GeV_030,0.84150794437,3000.0,0.3
15,Zprime_1500GeV_045,0.825250401484,1500.0,0.45
16,Zprime_3000GeV_075,0.771098584112,3000.0,0.75
17,Zprime_1500GeV_060,0.811908877799,1500.0,0.6
18,Zprime_3000GeV_015,0.860451355962,3000.0,0.15
19,Zprime_3500GeV_015,0.862547777551,3500.0,0.15
20,Zprime_3500GeV_030,0.845434311688,3500.0,0.3
21,Zprime_2000GeV_030,0.853713082614,2000.0,0.3
22,Zprime_2000GeV_015,0.866918345814,2000.0,0.15
23,Zprime_3500GeV_075,0.766203010945,3500.0,0.75
24,Zprime_3500GeV_045,0.820197326633,3500.0,0.45
25,Zprime_2500GeV_030,0.843425751977,2500.0,0.3
26,Zprime_2000GeV_060,0.813549174128,2000.0,0.6
27,Zprime_4000GeV_060,0.792758208906,4000.0,0.6
28,Zprime_2500GeV_075,0.779859140696,2500.0,0.75
29,Zprime_4000GeV_045,0.822420735908,4000.0,0.45
