,name,auc,mass,nu
0,Zprime_1500GeV_075,0.826758238106,1500.0,0.75
1,Zprime_1500GeV_015,0.893538681452,1500.0,0.15
2,Zprime_3000GeV_060,0.83584201904,3000.0,0.6
3,Zprime_1500GeV_030,0.881714622359,1500.0,0.3
4,Zprime_3000GeV_045,0.863727539556,3000.0,0.45
5,Zprime_2000GeV_045,0.873345900045,2000.0,0.45
6,Zprime_2500GeV_015,0.897625500393,2500.0,0.15
7,Zprime_3500GeV_060,0.83123069952,3500.0,0.6
8,Zprime_2500GeV_045,0.866393810065,2500.0,0.45
9,Zprime_2000GeV_075,0.824075138351,2000.0,0.75
10,Zprime_2500GeV_060,0.84171899868,2500.0,0.6
11,Zprime_4000GeV_075,0.790851586525,4000.0,0.75
12,Zprime_4000GeV_030,0.889756638597,4000.0,0.3
13,Zprime_4000GeV_015,0.902067175373,4000.0,0.15
14,Zprime_3000GeV_030,0.882437091749,3000.0,0.3
15,Zprime_1500GeV_045,0.86360033069,1500.0,0.45
16,Zprime_3000GeV_075,0.801862496934,3000.0,0.75
17,Zprime_1500GeV_060,0.845807490567,1500.0,0.6
18,Zprime_3000GeV_015,0.89838434158,3000.0,0.15
19,Zprime_3500GeV_015,0.900810857021,3500.0,0.15
20,Zprime_3500GeV_030,0.886465126562,3500.0,0.3
21,Zprime_2000GeV_030,0.892063814483,2000.0,0.3
22,Zprime_2000GeV_015,0.903298233857,2000.0,0.15
23,Zprime_3500GeV_075,0.796522769726,3500.0,0.75
24,Zprime_3500GeV_045,0.862787448037,3500.0,0.45
25,Zprime_2500GeV_030,0.884379219105,2500.0,0.3
26,Zprime_2000GeV_060,0.848502293929,2000.0,0.6
27,Zprime_4000GeV_060,0.832198736248,4000.0,0.6
28,Zprime_2500GeV_075,0.810818455055,2500.0,0.75
29,Zprime_4000GeV_045,0.862471858094,4000.0,0.45
