,name,auc,mass,nu
0,Zprime_1500GeV_075,0.737906480977,1500.0,0.75
1,Zprime_1500GeV_015,0.830002674258,1500.0,0.15
2,Zprime_3000GeV_060,0.759682069558,3000.0,0.6
3,Zprime_1500GeV_030,0.813543090245,1500.0,0.3
4,Zprime_3000GeV_045,0.790936157526,3000.0,0.45
5,Zprime_2000GeV_045,0.796123225788,2000.0,0.45
6,Zprime_2500GeV_015,0.835364002362,2500.0,0.15
7,Zprime_3500GeV_060,0.761210204161,3500.0,0.6
8,Zprime_2500GeV_045,0.792255039208,2500.0,0.45
9,Zprime_2000GeV_075,0.740156880691,2000.0,0.75
10,Zprime_2500GeV_060,0.762718421306,2500.0,0.6
11,Zprime_4000GeV_075,0.721452248616,4000.0,0.75
12,Zprime_4000GeV_030,0.824806445672,4000.0,0.3
13,Zprime_4000GeV_015,0.841062389117,4000.0,0.15
14,Zprime_3000GeV_030,0.815058713014,3000.0,0.3
15,Zprime_1500GeV_045,0.787075942301,1500.0,0.45
16,Zprime_3000GeV_075,0.724993577756,3000.0,0.75
17,Zprime_1500GeV_060,0.77247702455,1500.0,0.6
18,Zprime_3000GeV_015,0.836533753561,3000.0,0.15
19,Zprime_3500GeV_015,0.836038645238,3500.0,0.15
20,Zprime_3500GeV_030,0.819918186821,3500.0,0.3
21,Zprime_2000GeV_030,0.819545462505,2000.0,0.3
22,Zprime_2000GeV_015,0.835324883531,2000.0,0.15
23,Zprime_3500GeV_075,0.724083531275,3500.0,0.75
24,Zprime_3500GeV_045,0.790939143415,3500.0,0.45
25,Zprime_2500GeV_030,0.816028112713,2500.0,0.3
26,Zprime_2000GeV_060,0.766462299133,2000.0,0.6
27,Zprime_4000GeV_060,0.764525554009,4000.0,0.6
28,Zprime_2500GeV_075,0.726621347457,2500.0,0.75
29,Zprime_4000GeV_045,0.794156121321,4000.0,0.45
