,name,auc,mass,nu
0,Zprime_1500GeV_075,0.758553664051,1500.0,0.75
1,Zprime_1500GeV_015,0.829023370463,1500.0,0.15
2,Zprime_3000GeV_060,0.767945745657,3000.0,0.6
3,Zprime_1500GeV_030,0.815789844261,1500.0,0.3
4,Zprime_3000GeV_045,0.788121056817,3000.0,0.45
5,Zprime_2000GeV_045,0.806469448191,2000.0,0.45
6,Zprime_2500GeV_015,0.820444197499,2500.0,0.15
7,Zprime_3500GeV_060,0.763989820175,3500.0,0.6
8,Zprime_2500GeV_045,0.792863322032,2500.0,0.45
9,Zprime_2000GeV_075,0.766081910064,2000.0,0.75
10,Zprime_2500GeV_060,0.7732178902,2500.0,0.6
11,Zprime_4000GeV_075,0.736283873959,4000.0,0.75
12,Zprime_4000GeV_030,0.813668849378,4000.0,0.3
13,Zprime_4000GeV_015,0.827635090476,4000.0,0.15
14,Zprime_3000GeV_030,0.804883715021,3000.0,0.3
15,Zprime_1500GeV_045,0.798583405402,1500.0,0.45
16,Zprime_3000GeV_075,0.747603532388,3000.0,0.75
17,Zprime_1500GeV_060,0.782850059652,1500.0,0.6
18,Zprime_3000GeV_015,0.820418563021,3000.0,0.15
19,Zprime_3500GeV_015,0.823427922308,3500.0,0.15
20,Zprime_3500GeV_030,0.809793032537,3500.0,0.3
21,Zprime_2000GeV_030,0.821497050238,2000.0,0.3
22,Zprime_2000GeV_015,0.83387931133,2000.0,0.15
23,Zprime_3500GeV_075,0.741070417109,3500.0,0.75
24,Zprime_3500GeV_045,0.78914578888,3500.0,0.45
25,Zprime_2500GeV_030,0.808681612727,2500.0,0.3
26,Zprime_2000GeV_060,0.784575518221,2000.0,0.6
27,Zprime_4000GeV_060,0.765628546996,4000.0,0.6
28,Zprime_2500GeV_075,0.750436452649,2500.0,0.75
29,Zprime_4000GeV_045,0.791252138978,4000.0,0.45
