,name,auc,mass,nu
0,Zprime_1500GeV_075,0.71409492793,1500.0,0.75
1,Zprime_1500GeV_015,0.811991113192,1500.0,0.15
2,Zprime_3000GeV_060,0.740811804541,3000.0,0.6
3,Zprime_1500GeV_030,0.795431972143,1500.0,0.3
4,Zprime_3000GeV_045,0.770731832154,3000.0,0.45
5,Zprime_2000GeV_045,0.776229889182,2000.0,0.45
6,Zprime_2500GeV_015,0.81546148951,2500.0,0.15
7,Zprime_3500GeV_060,0.742799930121,3500.0,0.6
8,Zprime_2500GeV_045,0.772542499804,2500.0,0.45
9,Zprime_2000GeV_075,0.718748181446,2000.0,0.75
10,Zprime_2500GeV_060,0.7449992107,2500.0,0.6
11,Zprime_4000GeV_075,0.704353784091,4000.0,0.75
12,Zprime_4000GeV_030,0.805872121965,4000.0,0.3
13,Zprime_4000GeV_015,0.823523470523,4000.0,0.15
14,Zprime_3000GeV_030,0.793402963917,3000.0,0.3
15,Zprime_1500GeV_045,0.766156538376,1500.0,0.45
16,Zprime_3000GeV_075,0.707692644596,3000.0,0.75
17,Zprime_1500GeV_060,0.750861928281,1500.0,0.6
18,Zprime_3000GeV_015,0.81504417547,3000.0,0.15
19,Zprime_3500GeV_015,0.815917973008,3500.0,0.15
20,Zprime_3500GeV_030,0.798557992253,3500.0,0.3
21,Zprime_2000GeV_030,0.801225528466,2000.0,0.3
22,Zprime_2000GeV_015,0.817284661723,2000.0,0.15
23,Zprime_3500GeV_075,0.706698025329,3500.0,0.75
24,Zprime_3500GeV_045,0.77072595748,3500.0,0.45
25,Zprime_2500GeV_030,0.795673823783,2500.0,0.3
26,Zprime_2000GeV_060,0.747045204862,2000.0,0.6
27,Zprime_4000GeV_060,0.74638228284,4000.0,0.6
28,Zprime_2500GeV_075,0.707565750593,2500.0,0.75
29,Zprime_4000GeV_045,0.776174706438,4000.0,0.45
