,name,auc,mass,nu
0,Zprime_1500GeV_075,0.73162555408,1500.0,0.75
1,Zprime_1500GeV_015,0.825149911212,1500.0,0.15
2,Zprime_3000GeV_060,0.75555318713,3000.0,0.6
3,Zprime_1500GeV_030,0.812228199384,1500.0,0.3
4,Zprime_3000GeV_045,0.78508982995,3000.0,0.45
5,Zprime_2000GeV_045,0.790542786362,2000.0,0.45
6,Zprime_2500GeV_015,0.827115055401,2500.0,0.15
7,Zprime_3500GeV_060,0.756653890954,3500.0,0.6
8,Zprime_2500GeV_045,0.786064932193,2500.0,0.45
9,Zprime_2000GeV_075,0.73588196656,2000.0,0.75
10,Zprime_2500GeV_060,0.756894211151,2500.0,0.6
11,Zprime_4000GeV_075,0.716993306098,4000.0,0.75
12,Zprime_4000GeV_030,0.818358806988,4000.0,0.3
13,Zprime_4000GeV_015,0.836274851252,4000.0,0.15
14,Zprime_3000GeV_030,0.806453983556,3000.0,0.3
15,Zprime_1500GeV_045,0.785203290276,1500.0,0.45
16,Zprime_3000GeV_075,0.721878218262,3000.0,0.75
17,Zprime_1500GeV_060,0.766139303136,1500.0,0.6
18,Zprime_3000GeV_015,0.827352151918,3000.0,0.15
19,Zprime_3500GeV_015,0.828511379093,3500.0,0.15
20,Zprime_3500GeV_030,0.813115751437,3500.0,0.3
21,Zprime_2000GeV_030,0.814736069839,2000.0,0.3
22,Zprime_2000GeV_015,0.831524454994,2000.0,0.15
23,Zprime_3500GeV_075,0.719238630685,3500.0,0.75
24,Zprime_3500GeV_045,0.784485111295,3500.0,0.45
25,Zprime_2500GeV_030,0.809732618388,2500.0,0.3
26,Zprime_2000GeV_060,0.763398844157,2000.0,0.6
27,Zprime_4000GeV_060,0.758858162614,4000.0,0.6
28,Zprime_2500GeV_075,0.723768008671,2500.0,0.75
29,Zprime_4000GeV_045,0.787862043253,4000.0,0.45
