,name,auc,mass,nu
0,Zprime_1500GeV_075,0.778385202994,1500.0,0.75
1,Zprime_1500GeV_015,0.840852951612,1500.0,0.15
2,Zprime_3000GeV_060,0.786357106394,3000.0,0.6
3,Zprime_1500GeV_030,0.825723696898,1500.0,0.3
4,Zprime_3000GeV_045,0.800902183913,3000.0,0.45
5,Zprime_2000GeV_045,0.815973347867,2000.0,0.45
6,Zprime_2500GeV_015,0.826107104788,2500.0,0.15
7,Zprime_3500GeV_060,0.781925685714,3500.0,0.6
8,Zprime_2500GeV_045,0.804837552783,2500.0,0.45
9,Zprime_2000GeV_075,0.781093623172,2000.0,0.75
10,Zprime_2500GeV_060,0.789944754725,2500.0,0.6
11,Zprime_4000GeV_075,0.762537652438,4000.0,0.75
12,Zprime_4000GeV_030,0.825899252827,4000.0,0.3
13,Zprime_4000GeV_015,0.833933785895,4000.0,0.15
14,Zprime_3000GeV_030,0.814494302601,3000.0,0.3
15,Zprime_1500GeV_045,0.805933804605,1500.0,0.45
16,Zprime_3000GeV_075,0.765328396585,3000.0,0.75
17,Zprime_1500GeV_060,0.794604281218,1500.0,0.6
18,Zprime_3000GeV_015,0.826848648185,3000.0,0.15
19,Zprime_3500GeV_015,0.829909981278,3500.0,0.15
20,Zprime_3500GeV_030,0.819652444609,3500.0,0.3
21,Zprime_2000GeV_030,0.830848007969,2000.0,0.3
22,Zprime_2000GeV_015,0.839188821242,2000.0,0.15
23,Zprime_3500GeV_075,0.764169698892,3500.0,0.75
24,Zprime_3500GeV_045,0.803136010035,3500.0,0.45
25,Zprime_2500GeV_030,0.816765776052,2500.0,0.3
26,Zprime_2000GeV_060,0.795691777993,2000.0,0.6
27,Zprime_4000GeV_060,0.786004106492,4000.0,0.6
28,Zprime_2500GeV_075,0.770983109649,2500.0,0.75
29,Zprime_4000GeV_045,0.80699025944,4000.0,0.45
