,name,auc,mass,nu
0,Zprime_1500GeV_075,0.73378480236,1500.0,0.75
1,Zprime_1500GeV_015,0.829082565551,1500.0,0.15
2,Zprime_3000GeV_060,0.75733921039,3000.0,0.6
3,Zprime_1500GeV_030,0.816576185582,1500.0,0.3
4,Zprime_3000GeV_045,0.787559133384,3000.0,0.45
5,Zprime_2000GeV_045,0.79845111774,2000.0,0.45
6,Zprime_2500GeV_015,0.834046534056,2500.0,0.15
7,Zprime_3500GeV_060,0.75486683892,3500.0,0.6
8,Zprime_2500GeV_045,0.793118252671,2500.0,0.45
9,Zprime_2000GeV_075,0.738480928725,2000.0,0.75
10,Zprime_2500GeV_060,0.764515200131,2500.0,0.6
11,Zprime_4000GeV_075,0.715643343825,4000.0,0.75
12,Zprime_4000GeV_030,0.809649548756,4000.0,0.3
13,Zprime_4000GeV_015,0.826043467822,4000.0,0.15
14,Zprime_3000GeV_030,0.808551749338,3000.0,0.3
15,Zprime_1500GeV_045,0.789985077045,1500.0,0.45
16,Zprime_3000GeV_075,0.725222751742,3000.0,0.75
17,Zprime_1500GeV_060,0.768741464124,1500.0,0.6
18,Zprime_3000GeV_015,0.828790191698,3000.0,0.15
19,Zprime_3500GeV_015,0.823939110801,3500.0,0.15
20,Zprime_3500GeV_030,0.808357862413,3500.0,0.3
21,Zprime_2000GeV_030,0.822906509491,2000.0,0.3
22,Zprime_2000GeV_015,0.839438971591,2000.0,0.15
23,Zprime_3500GeV_075,0.720015845086,3500.0,0.75
24,Zprime_3500GeV_045,0.784221972161,3500.0,0.45
25,Zprime_2500GeV_030,0.81493064989,2500.0,0.3
26,Zprime_2000GeV_060,0.76835622117,2000.0,0.6
27,Zprime_4000GeV_060,0.755287515611,4000.0,0.6
28,Zprime_2500GeV_075,0.726364805383,2500.0,0.75
29,Zprime_4000GeV_045,0.783420465218,4000.0,0.45
