,name,auc,mass,nu
0,Zprime_1500GeV_075,0.759496645805,1500.0,0.75
1,Zprime_1500GeV_015,0.845843135531,1500.0,0.15
2,Zprime_3000GeV_060,0.786870775022,3000.0,0.6
3,Zprime_1500GeV_030,0.83507529991,1500.0,0.3
4,Zprime_3000GeV_045,0.81872438933,3000.0,0.45
5,Zprime_2000GeV_045,0.823925371408,2000.0,0.45
6,Zprime_2500GeV_015,0.861194202364,2500.0,0.15
7,Zprime_3500GeV_060,0.787013753674,3500.0,0.6
8,Zprime_2500GeV_045,0.820160053761,2500.0,0.45
9,Zprime_2000GeV_075,0.764876599985,2000.0,0.75
10,Zprime_2500GeV_060,0.790667950459,2500.0,0.6
11,Zprime_4000GeV_075,0.745512217941,4000.0,0.75
12,Zprime_4000GeV_030,0.853091165604,4000.0,0.3
13,Zprime_4000GeV_015,0.872930716956,4000.0,0.15
14,Zprime_3000GeV_030,0.841113099133,3000.0,0.3
15,Zprime_1500GeV_045,0.809656503597,1500.0,0.45
16,Zprime_3000GeV_075,0.75122438631,3000.0,0.75
17,Zprime_1500GeV_060,0.789080583812,1500.0,0.6
18,Zprime_3000GeV_015,0.862468529284,3000.0,0.15
19,Zprime_3500GeV_015,0.866323200474,3500.0,0.15
20,Zprime_3500GeV_030,0.847895993866,3500.0,0.3
21,Zprime_2000GeV_030,0.846254548111,2000.0,0.3
22,Zprime_2000GeV_015,0.862452923546,2000.0,0.15
23,Zprime_3500GeV_075,0.748010166473,3500.0,0.75
24,Zprime_3500GeV_045,0.821280930237,3500.0,0.45
25,Zprime_2500GeV_030,0.842053392572,2500.0,0.3
26,Zprime_2000GeV_060,0.793946528223,2000.0,0.6
27,Zprime_4000GeV_060,0.790251454265,4000.0,0.6
28,Zprime_2500GeV_075,0.752669368109,2500.0,0.75
29,Zprime_4000GeV_045,0.824424351239,4000.0,0.45
