,name,auc,mass,nu
0,Zprime_1500GeV_075,0.798186988387,1500.0,0.75
1,Zprime_1500GeV_015,0.876856727766,1500.0,0.15
2,Zprime_3000GeV_060,0.809273890434,3000.0,0.6
3,Zprime_1500GeV_030,0.864674804801,1500.0,0.3
4,Zprime_3000GeV_045,0.841519919783,3000.0,0.45
5,Zprime_2000GeV_045,0.847009305174,2000.0,0.45
6,Zprime_2500GeV_015,0.884430163804,2500.0,0.15
7,Zprime_3500GeV_060,0.807852485132,3500.0,0.6
8,Zprime_2500GeV_045,0.843487379897,2500.0,0.45
9,Zprime_2000GeV_075,0.793855827822,2000.0,0.75
10,Zprime_2500GeV_060,0.813756312585,2500.0,0.6
11,Zprime_4000GeV_075,0.76207061261,4000.0,0.75
12,Zprime_4000GeV_030,0.868851870681,4000.0,0.3
13,Zprime_4000GeV_015,0.882580294433,4000.0,0.15
14,Zprime_3000GeV_030,0.863899954181,3000.0,0.3
15,Zprime_1500GeV_045,0.844546650537,1500.0,0.45
16,Zprime_3000GeV_075,0.775073258842,3000.0,0.75
17,Zprime_1500GeV_060,0.826081266159,1500.0,0.6
18,Zprime_3000GeV_015,0.882898145782,3000.0,0.15
19,Zprime_3500GeV_015,0.88330011574,3500.0,0.15
20,Zprime_3500GeV_030,0.867479497002,3500.0,0.3
21,Zprime_2000GeV_030,0.87007903422,2000.0,0.3
22,Zprime_2000GeV_015,0.884691991749,2000.0,0.15
23,Zprime_3500GeV_075,0.76792819931,3500.0,0.75
24,Zprime_3500GeV_045,0.839038966174,3500.0,0.45
25,Zprime_2500GeV_030,0.866259604561,2500.0,0.3
26,Zprime_2000GeV_060,0.820484246486,2000.0,0.6
27,Zprime_4000GeV_060,0.808119849891,4000.0,0.6
28,Zprime_2500GeV_075,0.780592954732,2500.0,0.75
29,Zprime_4000GeV_045,0.840649347856,4000.0,0.45
