,name,auc,mass,nu
0,Zprime_1500GeV_075,0.789867040711,1500.0,0.75
1,Zprime_1500GeV_015,0.855353400246,1500.0,0.15
2,Zprime_3000GeV_060,0.799285806102,3000.0,0.6
3,Zprime_1500GeV_030,0.844259527755,1500.0,0.3
4,Zprime_3000GeV_045,0.822847564481,3000.0,0.45
5,Zprime_2000GeV_045,0.839780854621,2000.0,0.45
6,Zprime_2500GeV_015,0.859363806451,2500.0,0.15
7,Zprime_3500GeV_060,0.79264910969,3500.0,0.6
8,Zprime_2500GeV_045,0.828521207536,2500.0,0.45
9,Zprime_2000GeV_075,0.794292342332,2000.0,0.75
10,Zprime_2500GeV_060,0.806770549591,2500.0,0.6
11,Zprime_4000GeV_075,0.758914111933,4000.0,0.75
12,Zprime_4000GeV_030,0.849103428941,4000.0,0.3
13,Zprime_4000GeV_015,0.865186421267,4000.0,0.15
14,Zprime_3000GeV_030,0.84139897743,3000.0,0.3
15,Zprime_1500GeV_045,0.823618789803,1500.0,0.45
16,Zprime_3000GeV_075,0.771279995919,3000.0,0.75
17,Zprime_1500GeV_060,0.808835024717,1500.0,0.6
18,Zprime_3000GeV_015,0.858515472871,3000.0,0.15
19,Zprime_3500GeV_015,0.860907153854,3500.0,0.15
20,Zprime_3500GeV_030,0.845494033708,3500.0,0.3
21,Zprime_2000GeV_030,0.856243811773,2000.0,0.3
22,Zprime_2000GeV_015,0.867533024262,2000.0,0.15
23,Zprime_3500GeV_075,0.766563982359,3500.0,0.75
24,Zprime_3500GeV_045,0.820300205144,3500.0,0.45
25,Zprime_2500GeV_030,0.844304878344,2500.0,0.3
26,Zprime_2000GeV_060,0.815820393838,2000.0,0.6
27,Zprime_4000GeV_060,0.793537053432,4000.0,0.6
28,Zprime_2500GeV_075,0.781475880615,2500.0,0.75
29,Zprime_4000GeV_045,0.823143323165,4000.0,0.45
