,name,auc,mass,nu
0,Zprime_1500GeV_075,0.789070581384,1500.0,0.75
1,Zprime_1500GeV_015,0.868594215853,1500.0,0.15
2,Zprime_3000GeV_060,0.800284770223,3000.0,0.6
3,Zprime_1500GeV_030,0.855047367795,1500.0,0.3
4,Zprime_3000GeV_045,0.830060694956,3000.0,0.45
5,Zprime_2000GeV_045,0.839194388459,2000.0,0.45
6,Zprime_2500GeV_015,0.87034321833,2500.0,0.15
7,Zprime_3500GeV_060,0.797409047734,3500.0,0.6
8,Zprime_2500GeV_045,0.832797920887,2500.0,0.45
9,Zprime_2000GeV_075,0.78999164753,2000.0,0.75
10,Zprime_2500GeV_060,0.804908298513,2500.0,0.6
11,Zprime_4000GeV_075,0.757770620888,4000.0,0.75
12,Zprime_4000GeV_030,0.85149380321,4000.0,0.3
13,Zprime_4000GeV_015,0.863148332314,4000.0,0.15
14,Zprime_3000GeV_030,0.850068200384,3000.0,0.3
15,Zprime_1500GeV_045,0.835665875809,1500.0,0.45
16,Zprime_3000GeV_075,0.769441380952,3000.0,0.75
17,Zprime_1500GeV_060,0.820203526938,1500.0,0.6
18,Zprime_3000GeV_015,0.868041278779,3000.0,0.15
19,Zprime_3500GeV_015,0.863952431796,3500.0,0.15
20,Zprime_3500GeV_030,0.851398715668,3500.0,0.3
21,Zprime_2000GeV_030,0.860176238517,2000.0,0.3
22,Zprime_2000GeV_015,0.873126377075,2000.0,0.15
23,Zprime_3500GeV_075,0.762319973088,3500.0,0.75
24,Zprime_3500GeV_045,0.825802438973,3500.0,0.45
25,Zprime_2500GeV_030,0.853854312031,2500.0,0.3
26,Zprime_2000GeV_060,0.814474962703,2000.0,0.6
27,Zprime_4000GeV_060,0.798083921021,4000.0,0.6
28,Zprime_2500GeV_075,0.775275264555,2500.0,0.75
29,Zprime_4000GeV_045,0.825350328962,4000.0,0.45
