,name,auc,mass,nu
0,Zprime_1500GeV_075,0.799831280572,1500.0,0.75
1,Zprime_1500GeV_015,0.866049083207,1500.0,0.15
2,Zprime_3000GeV_060,0.814153160517,3000.0,0.6
3,Zprime_1500GeV_030,0.854360197597,1500.0,0.3
4,Zprime_3000GeV_045,0.834858246864,3000.0,0.45
5,Zprime_2000GeV_045,0.848184327325,2000.0,0.45
6,Zprime_2500GeV_015,0.864887557653,2500.0,0.15
7,Zprime_3500GeV_060,0.809595377635,3500.0,0.6
8,Zprime_2500GeV_045,0.83897534634,2500.0,0.45
9,Zprime_2000GeV_075,0.803838014421,2000.0,0.75
10,Zprime_2500GeV_060,0.819596897316,2500.0,0.6
11,Zprime_4000GeV_075,0.780755595096,4000.0,0.75
12,Zprime_4000GeV_030,0.859021889535,4000.0,0.3
13,Zprime_4000GeV_015,0.871510545519,4000.0,0.15
14,Zprime_3000GeV_030,0.851607235337,3000.0,0.3
15,Zprime_1500GeV_045,0.834706221247,1500.0,0.45
16,Zprime_3000GeV_075,0.788010820644,3000.0,0.75
17,Zprime_1500GeV_060,0.817215490727,1500.0,0.6
18,Zprime_3000GeV_015,0.8663323728,3000.0,0.15
19,Zprime_3500GeV_015,0.86916619589,3500.0,0.15
20,Zprime_3500GeV_030,0.855865603815,3500.0,0.3
21,Zprime_2000GeV_030,0.865415622182,2000.0,0.3
22,Zprime_2000GeV_015,0.874142309832,2000.0,0.15
23,Zprime_3500GeV_075,0.784328092771,3500.0,0.75
24,Zprime_3500GeV_045,0.834719272368,3500.0,0.45
25,Zprime_2500GeV_030,0.852689054792,2500.0,0.3
26,Zprime_2000GeV_060,0.824073662886,2000.0,0.6
27,Zprime_4000GeV_060,0.811048015784,4000.0,0.6
28,Zprime_2500GeV_075,0.794484943829,2500.0,0.75
29,Zprime_4000GeV_045,0.835723954293,4000.0,0.45
