,name,auc,mass,nu
0,Zprime_1500GeV_075,0.798425935767,1500.0,0.75
1,Zprime_1500GeV_015,0.87574443296,1500.0,0.15
2,Zprime_3000GeV_060,0.809960787097,3000.0,0.6
3,Zprime_1500GeV_030,0.864624734344,1500.0,0.3
4,Zprime_3000GeV_045,0.839893724653,3000.0,0.45
5,Zprime_2000GeV_045,0.850273067492,2000.0,0.45
6,Zprime_2500GeV_015,0.880037377806,2500.0,0.15
7,Zprime_3500GeV_060,0.807399688748,3500.0,0.6
8,Zprime_2500GeV_045,0.843287346343,2500.0,0.45
9,Zprime_2000GeV_075,0.800032505097,2000.0,0.75
10,Zprime_2500GeV_060,0.816625241881,2500.0,0.6
11,Zprime_4000GeV_075,0.766359946668,4000.0,0.75
12,Zprime_4000GeV_030,0.864612265756,4000.0,0.3
13,Zprime_4000GeV_015,0.879333815574,4000.0,0.15
14,Zprime_3000GeV_030,0.86047608288,3000.0,0.3
15,Zprime_1500GeV_045,0.845673440639,1500.0,0.45
16,Zprime_3000GeV_075,0.777352813099,3000.0,0.75
17,Zprime_1500GeV_060,0.828835675159,1500.0,0.6
18,Zprime_3000GeV_015,0.877923932399,3000.0,0.15
19,Zprime_3500GeV_015,0.877216114857,3500.0,0.15
20,Zprime_3500GeV_030,0.862320200597,3500.0,0.3
21,Zprime_2000GeV_030,0.870819953663,2000.0,0.3
22,Zprime_2000GeV_015,0.882794892101,2000.0,0.15
23,Zprime_3500GeV_075,0.772605217012,3500.0,0.75
24,Zprime_3500GeV_045,0.837377299195,3500.0,0.45
25,Zprime_2500GeV_030,0.863870372424,2500.0,0.3
26,Zprime_2000GeV_060,0.825329530944,2000.0,0.6
27,Zprime_4000GeV_060,0.808564045696,4000.0,0.6
28,Zprime_2500GeV_075,0.785144370201,2500.0,0.75
29,Zprime_4000GeV_045,0.837939193062,4000.0,0.45
