,name,auc,mass,nu
0,Zprime_1500GeV_075,0.715681781597,1500.0,0.75
1,Zprime_1500GeV_015,0.804860852886,1500.0,0.15
2,Zprime_3000GeV_060,0.73964113703,3000.0,0.6
3,Zprime_1500GeV_030,0.790425816493,1500.0,0.3
4,Zprime_3000GeV_045,0.773929038852,3000.0,0.45
5,Zprime_2000GeV_045,0.765937216071,2000.0,0.45
6,Zprime_2500GeV_015,0.816395606979,2500.0,0.15
7,Zprime_3500GeV_060,0.74558563926,3500.0,0.6
8,Zprime_2500GeV_045,0.769072033965,2500.0,0.45
9,Zprime_2000GeV_075,0.712901239364,2000.0,0.75
10,Zprime_2500GeV_060,0.737445090664,2500.0,0.6
11,Zprime_4000GeV_075,0.70599777299,4000.0,0.75
12,Zprime_4000GeV_030,0.820407840014,4000.0,0.3
13,Zprime_4000GeV_015,0.842036198061,4000.0,0.15
14,Zprime_3000GeV_030,0.800859679284,3000.0,0.3
15,Zprime_1500GeV_045,0.761867103477,1500.0,0.45
16,Zprime_3000GeV_075,0.703855011601,3000.0,0.75
17,Zprime_1500GeV_060,0.744514165301,1500.0,0.6
18,Zprime_3000GeV_015,0.825840019917,3000.0,0.15
19,Zprime_3500GeV_015,0.832214868567,3500.0,0.15
20,Zprime_3500GeV_030,0.812135966955,3500.0,0.3
21,Zprime_2000GeV_030,0.788988684364,2000.0,0.3
22,Zprime_2000GeV_015,0.807131693589,2000.0,0.15
23,Zprime_3500GeV_075,0.70580499651,3500.0,0.75
24,Zprime_3500GeV_045,0.77948368591,3500.0,0.45
25,Zprime_2500GeV_030,0.794517496606,2500.0,0.3
26,Zprime_2000GeV_060,0.738061754268,2000.0,0.6
27,Zprime_4000GeV_060,0.751756131556,4000.0,0.6
28,Zprime_2500GeV_075,0.70249423227,2500.0,0.75
29,Zprime_4000GeV_045,0.786594452227,4000.0,0.45
