,name,auc,mass,nu
0,Zprime_1500GeV_075,0.746682617795,1500.0,0.75
1,Zprime_1500GeV_015,0.832680378752,1500.0,0.15
2,Zprime_3000GeV_060,0.791058417497,3000.0,0.6
3,Zprime_1500GeV_030,0.815262822474,1500.0,0.3
4,Zprime_3000GeV_045,0.823452215308,3000.0,0.45
5,Zprime_2000GeV_045,0.812303316517,2000.0,0.45
6,Zprime_2500GeV_015,0.861095057068,2500.0,0.15
7,Zprime_3500GeV_060,0.794151201224,3500.0,0.6
8,Zprime_2500GeV_045,0.817298789852,2500.0,0.45
9,Zprime_2000GeV_075,0.751613212997,2000.0,0.75
10,Zprime_2500GeV_060,0.783971378374,2500.0,0.6
11,Zprime_4000GeV_075,0.751350758293,4000.0,0.75
12,Zprime_4000GeV_030,0.863338573525,4000.0,0.3
13,Zprime_4000GeV_015,0.877110365582,4000.0,0.15
14,Zprime_3000GeV_030,0.848381057797,3000.0,0.3
15,Zprime_1500GeV_045,0.7866408114,1500.0,0.45
16,Zprime_3000GeV_075,0.751715416736,3000.0,0.75
17,Zprime_1500GeV_060,0.773434036968,1500.0,0.6
18,Zprime_3000GeV_015,0.870325038535,3000.0,0.15
19,Zprime_3500GeV_015,0.874516461378,3500.0,0.15
20,Zprime_3500GeV_030,0.8576788975,3500.0,0.3
21,Zprime_2000GeV_030,0.834074036063,2000.0,0.3
22,Zprime_2000GeV_015,0.85205774599,2000.0,0.15
23,Zprime_3500GeV_075,0.75404409613,3500.0,0.75
24,Zprime_3500GeV_045,0.830423642287,3500.0,0.45
25,Zprime_2500GeV_030,0.841237081523,2500.0,0.3
26,Zprime_2000GeV_060,0.784352734601,2000.0,0.6
27,Zprime_4000GeV_060,0.799408268367,4000.0,0.6
28,Zprime_2500GeV_075,0.746948454991,2500.0,0.75
29,Zprime_4000GeV_045,0.83357560592,4000.0,0.45
