,name,auc,mass,nu
0,Zprime_1500GeV_075,0.750789380207,1500.0,0.75
1,Zprime_1500GeV_015,0.843552853809,1500.0,0.15
2,Zprime_3000GeV_060,0.774751663908,3000.0,0.6
3,Zprime_1500GeV_030,0.828315602183,1500.0,0.3
4,Zprime_3000GeV_045,0.807850277142,3000.0,0.45
5,Zprime_2000GeV_045,0.8101117245,2000.0,0.45
6,Zprime_2500GeV_015,0.851215755049,2500.0,0.15
7,Zprime_3500GeV_060,0.774847217748,3500.0,0.6
8,Zprime_2500GeV_045,0.807836737724,2500.0,0.45
9,Zprime_2000GeV_075,0.751384992523,2000.0,0.75
10,Zprime_2500GeV_060,0.778295443913,2500.0,0.6
11,Zprime_4000GeV_075,0.732893248994,4000.0,0.75
12,Zprime_4000GeV_030,0.832139576353,4000.0,0.3
13,Zprime_4000GeV_015,0.847364206967,4000.0,0.15
14,Zprime_3000GeV_030,0.829817001612,3000.0,0.3
15,Zprime_1500GeV_045,0.803242255687,1500.0,0.45
16,Zprime_3000GeV_075,0.741825599469,3000.0,0.75
17,Zprime_1500GeV_060,0.783766687751,1500.0,0.6
18,Zprime_3000GeV_015,0.850798537988,3000.0,0.15
19,Zprime_3500GeV_015,0.846563745158,3500.0,0.15
20,Zprime_3500GeV_030,0.833316819027,3500.0,0.3
21,Zprime_2000GeV_030,0.835336588373,2000.0,0.3
22,Zprime_2000GeV_015,0.851803320221,2000.0,0.15
23,Zprime_3500GeV_075,0.736684914969,3500.0,0.75
24,Zprime_3500GeV_045,0.804825587201,3500.0,0.45
25,Zprime_2500GeV_030,0.832036065561,2500.0,0.3
26,Zprime_2000GeV_060,0.781276368749,2000.0,0.6
27,Zprime_4000GeV_060,0.775383480923,4000.0,0.6
28,Zprime_2500GeV_075,0.741635207755,2500.0,0.75
29,Zprime_4000GeV_045,0.80523597449,4000.0,0.45
