,name,auc,mass,nu
0,Zprime_1500GeV_075,0.790019325324,1500.0,0.75
1,Zprime_1500GeV_015,0.867217243087,1500.0,0.15
2,Zprime_3000GeV_060,0.806398156133,3000.0,0.6
3,Zprime_1500GeV_030,0.857828423674,1500.0,0.3
4,Zprime_3000GeV_045,0.840134230186,3000.0,0.45
5,Zprime_2000GeV_045,0.842762058995,2000.0,0.45
6,Zprime_2500GeV_015,0.88232372728,2500.0,0.15
7,Zprime_3500GeV_060,0.805188605165,3500.0,0.6
8,Zprime_2500GeV_045,0.841384158282,2500.0,0.45
9,Zprime_2000GeV_075,0.786645479573,2000.0,0.75
10,Zprime_2500GeV_060,0.810729669492,2500.0,0.6
11,Zprime_4000GeV_075,0.75938610778,4000.0,0.75
12,Zprime_4000GeV_030,0.864722584076,4000.0,0.3
13,Zprime_4000GeV_015,0.878789190579,4000.0,0.15
14,Zprime_3000GeV_030,0.862382106857,3000.0,0.3
15,Zprime_1500GeV_045,0.836835493035,1500.0,0.45
16,Zprime_3000GeV_075,0.76961463284,3000.0,0.75
17,Zprime_1500GeV_060,0.817707680068,1500.0,0.6
18,Zprime_3000GeV_015,0.88182813836,3000.0,0.15
19,Zprime_3500GeV_015,0.880486561711,3500.0,0.15
20,Zprime_3500GeV_030,0.864373974729,3500.0,0.3
21,Zprime_2000GeV_030,0.865050962232,2000.0,0.3
22,Zprime_2000GeV_015,0.880877827816,2000.0,0.15
23,Zprime_3500GeV_075,0.76409950997,3500.0,0.75
24,Zprime_3500GeV_045,0.837058809291,3500.0,0.45
25,Zprime_2500GeV_030,0.86392299575,2500.0,0.3
26,Zprime_2000GeV_060,0.815407571158,2000.0,0.6
27,Zprime_4000GeV_060,0.805696897513,4000.0,0.6
28,Zprime_2500GeV_075,0.774221810619,2500.0,0.75
29,Zprime_4000GeV_045,0.837041249461,4000.0,0.45
