,name,auc,mass,nu
0,Zprime_1500GeV_075,0.747072259438,1500.0,0.75
1,Zprime_1500GeV_015,0.840253484453,1500.0,0.15
2,Zprime_3000GeV_060,0.769560509921,3000.0,0.6
3,Zprime_1500GeV_030,0.826097623071,1500.0,0.3
4,Zprime_3000GeV_045,0.800030766993,3000.0,0.45
5,Zprime_2000GeV_045,0.808387897219,2000.0,0.45
6,Zprime_2500GeV_015,0.844378257935,2500.0,0.15
7,Zprime_3500GeV_060,0.768975623038,3500.0,0.6
8,Zprime_2500GeV_045,0.803289071348,2500.0,0.45
9,Zprime_2000GeV_075,0.752833822099,2000.0,0.75
10,Zprime_2500GeV_060,0.773559026728,2500.0,0.6
11,Zprime_4000GeV_075,0.727387529275,4000.0,0.75
12,Zprime_4000GeV_030,0.822626531301,4000.0,0.3
13,Zprime_4000GeV_015,0.837847804987,4000.0,0.15
14,Zprime_3000GeV_030,0.821499042546,3000.0,0.3
15,Zprime_1500GeV_045,0.801290408924,1500.0,0.45
16,Zprime_3000GeV_075,0.737255327903,3000.0,0.75
17,Zprime_1500GeV_060,0.781509396201,1500.0,0.6
18,Zprime_3000GeV_015,0.842083458168,3000.0,0.15
19,Zprime_3500GeV_015,0.836620279407,3500.0,0.15
20,Zprime_3500GeV_030,0.821823340471,3500.0,0.3
21,Zprime_2000GeV_030,0.8322751945,2000.0,0.3
22,Zprime_2000GeV_015,0.84857612575,2000.0,0.15
23,Zprime_3500GeV_075,0.733175873602,3500.0,0.75
24,Zprime_3500GeV_045,0.795463979836,3500.0,0.45
25,Zprime_2500GeV_030,0.826117997109,2500.0,0.3
26,Zprime_2000GeV_060,0.780041662415,2000.0,0.6
27,Zprime_4000GeV_060,0.767496852419,4000.0,0.6
28,Zprime_2500GeV_075,0.740000937484,2500.0,0.75
29,Zprime_4000GeV_045,0.795081018947,4000.0,0.45
