,name,auc,mass,nu
0,Zprime_1500GeV_075,0.777394441072,1500.0,0.75
1,Zprime_1500GeV_015,0.858046056294,1500.0,0.15
2,Zprime_3000GeV_060,0.802850369119,3000.0,0.6
3,Zprime_1500GeV_030,0.845425523695,1500.0,0.3
4,Zprime_3000GeV_045,0.835187738452,3000.0,0.45
5,Zprime_2000GeV_045,0.837649232154,2000.0,0.45
6,Zprime_2500GeV_015,0.872406167686,2500.0,0.15
7,Zprime_3500GeV_060,0.802959696582,3500.0,0.6
8,Zprime_2500GeV_045,0.833990296066,2500.0,0.45
9,Zprime_2000GeV_075,0.781444121998,2000.0,0.75
10,Zprime_2500GeV_060,0.806519231883,2500.0,0.6
11,Zprime_4000GeV_075,0.757446348326,4000.0,0.75
12,Zprime_4000GeV_030,0.868858771867,4000.0,0.3
13,Zprime_4000GeV_015,0.886920228392,4000.0,0.15
14,Zprime_3000GeV_030,0.858491351572,3000.0,0.3
15,Zprime_1500GeV_045,0.825838971476,1500.0,0.45
16,Zprime_3000GeV_075,0.767335987762,3000.0,0.75
17,Zprime_1500GeV_060,0.804506347054,1500.0,0.6
18,Zprime_3000GeV_015,0.877601457268,3000.0,0.15
19,Zprime_3500GeV_015,0.882441558766,3500.0,0.15
20,Zprime_3500GeV_030,0.863455275807,3500.0,0.3
21,Zprime_2000GeV_030,0.857145811063,2000.0,0.3
22,Zprime_2000GeV_015,0.872639171405,2000.0,0.15
23,Zprime_3500GeV_075,0.763826276926,3500.0,0.75
24,Zprime_3500GeV_045,0.836541594166,3500.0,0.45
25,Zprime_2500GeV_030,0.856038634303,2500.0,0.3
26,Zprime_2000GeV_060,0.80972645354,2000.0,0.6
27,Zprime_4000GeV_060,0.804979620444,4000.0,0.6
28,Zprime_2500GeV_075,0.770950999913,2500.0,0.75
29,Zprime_4000GeV_045,0.838431433047,4000.0,0.45
