,name,auc,mass,nu
0,Zprime_1500GeV_075,0.805919648678,1500.0,0.75
1,Zprime_1500GeV_015,0.876017028536,1500.0,0.15
2,Zprime_3000GeV_060,0.819348636093,3000.0,0.6
3,Zprime_1500GeV_030,0.862614839251,1500.0,0.3
4,Zprime_3000GeV_045,0.847674128641,3000.0,0.45
5,Zprime_2000GeV_045,0.856982827379,2000.0,0.45
6,Zprime_2500GeV_015,0.884136085784,2500.0,0.15
7,Zprime_3500GeV_060,0.815490095969,3500.0,0.6
8,Zprime_2500GeV_045,0.850431437814,2500.0,0.45
9,Zprime_2000GeV_075,0.804760453217,2000.0,0.75
10,Zprime_2500GeV_060,0.823925143512,2500.0,0.6
11,Zprime_4000GeV_075,0.774211228599,4000.0,0.75
12,Zprime_4000GeV_030,0.874679324438,4000.0,0.3
13,Zprime_4000GeV_015,0.887639464977,4000.0,0.15
14,Zprime_3000GeV_030,0.867385230143,3000.0,0.3
15,Zprime_1500GeV_045,0.843570645206,1500.0,0.45
16,Zprime_3000GeV_075,0.784977170127,3000.0,0.75
17,Zprime_1500GeV_060,0.826151897134,1500.0,0.6
18,Zprime_3000GeV_015,0.885228474971,3000.0,0.15
19,Zprime_3500GeV_015,0.886319128457,3500.0,0.15
20,Zprime_3500GeV_030,0.871719504406,3500.0,0.3
21,Zprime_2000GeV_030,0.876246884548,2000.0,0.3
22,Zprime_2000GeV_015,0.888819838274,2000.0,0.15
23,Zprime_3500GeV_075,0.780439482575,3500.0,0.75
24,Zprime_3500GeV_045,0.847316875441,3500.0,0.45
25,Zprime_2500GeV_030,0.869282122914,2500.0,0.3
26,Zprime_2000GeV_060,0.829841530746,2000.0,0.6
27,Zprime_4000GeV_060,0.816352472122,4000.0,0.6
28,Zprime_2500GeV_075,0.792300605764,2500.0,0.75
29,Zprime_4000GeV_045,0.84743297972,4000.0,0.45
