,name,auc,mass,nu
0,Zprime_1500GeV_075,0.796381551429,1500.0,0.75
1,Zprime_1500GeV_015,0.87035693474,1500.0,0.15
2,Zprime_3000GeV_060,0.803307161387,3000.0,0.6
3,Zprime_1500GeV_030,0.860263609466,1500.0,0.3
4,Zprime_3000GeV_045,0.833107108865,3000.0,0.45
5,Zprime_2000GeV_045,0.841225848757,2000.0,0.45
6,Zprime_2500GeV_015,0.872156502893,2500.0,0.15
7,Zprime_3500GeV_060,0.801377937736,3500.0,0.6
8,Zprime_2500GeV_045,0.834887866163,2500.0,0.45
9,Zprime_2000GeV_075,0.792552871794,2000.0,0.75
10,Zprime_2500GeV_060,0.808746742736,2500.0,0.6
11,Zprime_4000GeV_075,0.760382769493,4000.0,0.75
12,Zprime_4000GeV_030,0.860184543704,4000.0,0.3
13,Zprime_4000GeV_015,0.874246824681,4000.0,0.15
14,Zprime_3000GeV_030,0.853817392958,3000.0,0.3
15,Zprime_1500GeV_045,0.839470538757,1500.0,0.45
16,Zprime_3000GeV_075,0.771540178784,3000.0,0.75
17,Zprime_1500GeV_060,0.824908365538,1500.0,0.6
18,Zprime_3000GeV_015,0.871621573339,3000.0,0.15
19,Zprime_3500GeV_015,0.871805820391,3500.0,0.15
20,Zprime_3500GeV_030,0.85735521269,3500.0,0.3
21,Zprime_2000GeV_030,0.86151115845,2000.0,0.3
22,Zprime_2000GeV_015,0.87342254127,2000.0,0.15
23,Zprime_3500GeV_075,0.765311386084,3500.0,0.75
24,Zprime_3500GeV_045,0.830513845764,3500.0,0.45
25,Zprime_2500GeV_030,0.856045576422,2500.0,0.3
26,Zprime_2000GeV_060,0.817083428557,2000.0,0.6
27,Zprime_4000GeV_060,0.80259441251,4000.0,0.6
28,Zprime_2500GeV_075,0.779261197377,2500.0,0.75
29,Zprime_4000GeV_045,0.831763549027,4000.0,0.45
