,name,auc,mass,nu
0,Zprime_1500GeV_075,0.800763982062,1500.0,0.75
1,Zprime_1500GeV_015,0.868931455534,1500.0,0.15
2,Zprime_3000GeV_060,0.798490937245,3000.0,0.6
3,Zprime_1500GeV_030,0.857131993962,1500.0,0.3
4,Zprime_3000GeV_045,0.825270391821,3000.0,0.45
5,Zprime_2000GeV_045,0.836359787007,2000.0,0.45
6,Zprime_2500GeV_015,0.864193422375,2500.0,0.15
7,Zprime_3500GeV_060,0.795706688067,3500.0,0.6
8,Zprime_2500GeV_045,0.829018373173,2500.0,0.45
9,Zprime_2000GeV_075,0.794339725465,2000.0,0.75
10,Zprime_2500GeV_060,0.805145304656,2500.0,0.6
11,Zprime_4000GeV_075,0.758720176797,4000.0,0.75
12,Zprime_4000GeV_030,0.844145242663,4000.0,0.3
13,Zprime_4000GeV_015,0.85619857265,4000.0,0.15
14,Zprime_3000GeV_030,0.844631440518,3000.0,0.3
15,Zprime_1500GeV_045,0.83836397321,1500.0,0.45
16,Zprime_3000GeV_075,0.771133758629,3000.0,0.75
17,Zprime_1500GeV_060,0.825648170503,1500.0,0.6
18,Zprime_3000GeV_015,0.861033681576,3000.0,0.15
19,Zprime_3500GeV_015,0.856838892447,3500.0,0.15
20,Zprime_3500GeV_030,0.844050278283,3500.0,0.3
21,Zprime_2000GeV_030,0.856000693393,2000.0,0.3
22,Zprime_2000GeV_015,0.867934593803,2000.0,0.15
23,Zprime_3500GeV_075,0.763737454894,3500.0,0.75
24,Zprime_3500GeV_045,0.820536072623,3500.0,0.45
25,Zprime_2500GeV_030,0.849189876764,2500.0,0.3
26,Zprime_2000GeV_060,0.81431344813,2000.0,0.6
27,Zprime_4000GeV_060,0.794859601319,4000.0,0.6
28,Zprime_2500GeV_075,0.77830447732,2500.0,0.75
29,Zprime_4000GeV_045,0.820427422346,4000.0,0.45
