,name,auc,mass,nu
0,Zprime_1500GeV_075,0.695433106074,1500.0,0.75
1,Zprime_1500GeV_015,0.796196340654,1500.0,0.15
2,Zprime_3000GeV_060,0.726094691214,3000.0,0.6
3,Zprime_1500GeV_030,0.776678812351,1500.0,0.3
4,Zprime_3000GeV_045,0.760111712165,3000.0,0.45
5,Zprime_2000GeV_045,0.759212161493,2000.0,0.45
6,Zprime_2500GeV_015,0.803864276033,2500.0,0.15
7,Zprime_3500GeV_060,0.729035295766,3500.0,0.6
8,Zprime_2500GeV_045,0.758588460154,2500.0,0.45
9,Zprime_2000GeV_075,0.698990771325,2000.0,0.75
10,Zprime_2500GeV_060,0.726418267173,2500.0,0.6
11,Zprime_4000GeV_075,0.689978210549,4000.0,0.75
12,Zprime_4000GeV_030,0.801553601584,4000.0,0.3
13,Zprime_4000GeV_015,0.822510898161,4000.0,0.15
14,Zprime_3000GeV_030,0.785322339131,3000.0,0.3
15,Zprime_1500GeV_045,0.748086475853,1500.0,0.45
16,Zprime_3000GeV_075,0.689887119646,3000.0,0.75
17,Zprime_1500GeV_060,0.72649422199,1500.0,0.6
18,Zprime_3000GeV_015,0.808864443297,3000.0,0.15
19,Zprime_3500GeV_015,0.812987673552,3500.0,0.15
20,Zprime_3500GeV_030,0.794293223054,3500.0,0.3
21,Zprime_2000GeV_030,0.782150214155,2000.0,0.3
22,Zprime_2000GeV_015,0.802174389724,2000.0,0.15
23,Zprime_3500GeV_075,0.689706144684,3500.0,0.75
24,Zprime_3500GeV_045,0.76268794304,3500.0,0.45
25,Zprime_2500GeV_030,0.783520478982,2500.0,0.3
26,Zprime_2000GeV_060,0.729301944802,2000.0,0.6
27,Zprime_4000GeV_060,0.734416695719,4000.0,0.6
28,Zprime_2500GeV_075,0.68872964107,2500.0,0.75
29,Zprime_4000GeV_045,0.769574720301,4000.0,0.45
