,name,auc,mass,nu
0,Zprime_1500GeV_075,0.802754123276,1500.0,0.75
1,Zprime_1500GeV_015,0.873114722596,1500.0,0.15
2,Zprime_3000GeV_060,0.810876270108,3000.0,0.6
3,Zprime_1500GeV_030,0.866013010507,1500.0,0.3
4,Zprime_3000GeV_045,0.84212126563,3000.0,0.45
5,Zprime_2000GeV_045,0.848025129694,2000.0,0.45
6,Zprime_2500GeV_015,0.879424875048,2500.0,0.15
7,Zprime_3500GeV_060,0.810235240631,3500.0,0.6
8,Zprime_2500GeV_045,0.84264565346,2500.0,0.45
9,Zprime_2000GeV_075,0.799915455057,2000.0,0.75
10,Zprime_2500GeV_060,0.817667548129,2500.0,0.6
11,Zprime_4000GeV_075,0.770156662647,4000.0,0.75
12,Zprime_4000GeV_030,0.869914108232,4000.0,0.3
13,Zprime_4000GeV_015,0.884701096057,4000.0,0.15
14,Zprime_3000GeV_030,0.863169708268,3000.0,0.3
15,Zprime_1500GeV_045,0.848953842878,1500.0,0.45
16,Zprime_3000GeV_075,0.78176853307,3000.0,0.75
17,Zprime_1500GeV_060,0.832681104046,1500.0,0.6
18,Zprime_3000GeV_015,0.880946050063,3000.0,0.15
19,Zprime_3500GeV_015,0.882108820429,3500.0,0.15
20,Zprime_3500GeV_030,0.866607047237,3500.0,0.3
21,Zprime_2000GeV_030,0.86785482638,2000.0,0.3
22,Zprime_2000GeV_015,0.880344874803,2000.0,0.15
23,Zprime_3500GeV_075,0.775833451054,3500.0,0.75
24,Zprime_3500GeV_045,0.841287127732,3500.0,0.45
25,Zprime_2500GeV_030,0.863809869155,2500.0,0.3
26,Zprime_2000GeV_060,0.825096650151,2000.0,0.6
27,Zprime_4000GeV_060,0.810588132253,4000.0,0.6
28,Zprime_2500GeV_075,0.787426158015,2500.0,0.75
29,Zprime_4000GeV_045,0.842894405783,4000.0,0.45
