,name,auc,mass,nu
0,Zprime_1500GeV_075,0.777893132087,1500.0,0.75
1,Zprime_1500GeV_015,0.856167299199,1500.0,0.15
2,Zprime_3000GeV_060,0.801639406879,3000.0,0.6
3,Zprime_1500GeV_030,0.843963556678,1500.0,0.3
4,Zprime_3000GeV_045,0.833803476485,3000.0,0.45
5,Zprime_2000GeV_045,0.83667385657,2000.0,0.45
6,Zprime_2500GeV_015,0.874108358943,2500.0,0.15
7,Zprime_3500GeV_060,0.800127729708,3500.0,0.6
8,Zprime_2500GeV_045,0.83298664837,2500.0,0.45
9,Zprime_2000GeV_075,0.778635838427,2000.0,0.75
10,Zprime_2500GeV_060,0.805851084567,2500.0,0.6
11,Zprime_4000GeV_075,0.754269619209,4000.0,0.75
12,Zprime_4000GeV_030,0.863153365758,4000.0,0.3
13,Zprime_4000GeV_015,0.881521257809,4000.0,0.15
14,Zprime_3000GeV_030,0.856848261776,3000.0,0.3
15,Zprime_1500GeV_045,0.823578085738,1500.0,0.45
16,Zprime_3000GeV_075,0.766860271649,3000.0,0.75
17,Zprime_1500GeV_060,0.80179340176,1500.0,0.6
18,Zprime_3000GeV_015,0.876267771458,3000.0,0.15
19,Zprime_3500GeV_015,0.877379171497,3500.0,0.15
20,Zprime_3500GeV_030,0.860811445439,3500.0,0.3
21,Zprime_2000GeV_030,0.855708088862,2000.0,0.3
22,Zprime_2000GeV_015,0.872153336306,2000.0,0.15
23,Zprime_3500GeV_075,0.761802828229,3500.0,0.75
24,Zprime_3500GeV_045,0.832985928162,3500.0,0.45
25,Zprime_2500GeV_030,0.855970342143,2500.0,0.3
26,Zprime_2000GeV_060,0.808372907124,2000.0,0.6
27,Zprime_4000GeV_060,0.80067952739,4000.0,0.6
28,Zprime_2500GeV_075,0.769095328109,2500.0,0.75
29,Zprime_4000GeV_045,0.833465112266,4000.0,0.45
