,name,auc,mass,nu
0,Zprime_1500GeV_075,0.812828284183,1500.0,0.75
1,Zprime_1500GeV_015,0.882327639365,1500.0,0.15
2,Zprime_3000GeV_060,0.814219007227,3000.0,0.6
3,Zprime_1500GeV_030,0.870106844962,1500.0,0.3
4,Zprime_3000GeV_045,0.845548197684,3000.0,0.45
5,Zprime_2000GeV_045,0.849912670974,2000.0,0.45
6,Zprime_2500GeV_015,0.882966667914,2500.0,0.15
7,Zprime_3500GeV_060,0.812816199893,3500.0,0.6
8,Zprime_2500GeV_045,0.845775194072,2500.0,0.45
9,Zprime_2000GeV_075,0.80509133897,2000.0,0.75
10,Zprime_2500GeV_060,0.819796893351,2500.0,0.6
11,Zprime_4000GeV_075,0.772341300836,4000.0,0.75
12,Zprime_4000GeV_030,0.870993389849,4000.0,0.3
13,Zprime_4000GeV_015,0.88332716038,4000.0,0.15
14,Zprime_3000GeV_030,0.866730922596,3000.0,0.3
15,Zprime_1500GeV_045,0.854633535865,1500.0,0.45
16,Zprime_3000GeV_075,0.784402451026,3000.0,0.75
17,Zprime_1500GeV_060,0.839325741924,1500.0,0.6
18,Zprime_3000GeV_015,0.88547811466,3000.0,0.15
19,Zprime_3500GeV_015,0.884636825325,3500.0,0.15
20,Zprime_3500GeV_030,0.869471385917,3500.0,0.3
21,Zprime_2000GeV_030,0.869436781214,2000.0,0.3
22,Zprime_2000GeV_015,0.882508806164,2000.0,0.15
23,Zprime_3500GeV_075,0.778086559054,3500.0,0.75
24,Zprime_3500GeV_045,0.843850303522,3500.0,0.45
25,Zprime_2500GeV_030,0.86668028969,2500.0,0.3
26,Zprime_2000GeV_060,0.82807027298,2000.0,0.6
27,Zprime_4000GeV_060,0.813333901289,4000.0,0.6
28,Zprime_2500GeV_075,0.791290502682,2500.0,0.75
29,Zprime_4000GeV_045,0.843929942286,4000.0,0.45
