,name,auc,mass,nu
0,Zprime_1500GeV_075,0.807082651278,1500.0,0.75
1,Zprime_1500GeV_015,0.876048186199,1500.0,0.15
2,Zprime_3000GeV_060,0.817423781205,3000.0,0.6
3,Zprime_1500GeV_030,0.868359998431,1500.0,0.3
4,Zprime_3000GeV_045,0.845323353162,3000.0,0.45
5,Zprime_2000GeV_045,0.853695326393,2000.0,0.45
6,Zprime_2500GeV_015,0.882197503319,2500.0,0.15
7,Zprime_3500GeV_060,0.815578732921,3500.0,0.6
8,Zprime_2500GeV_045,0.847666087232,2500.0,0.45
9,Zprime_2000GeV_075,0.807459601867,2000.0,0.75
10,Zprime_2500GeV_060,0.823541633088,2500.0,0.6
11,Zprime_4000GeV_075,0.775842220945,4000.0,0.75
12,Zprime_4000GeV_030,0.874023809827,4000.0,0.3
13,Zprime_4000GeV_015,0.888727634981,4000.0,0.15
14,Zprime_3000GeV_030,0.865660582961,3000.0,0.3
15,Zprime_1500GeV_045,0.853070002844,1500.0,0.45
16,Zprime_3000GeV_075,0.786544658307,3000.0,0.75
17,Zprime_1500GeV_060,0.834146878205,1500.0,0.6
18,Zprime_3000GeV_015,0.883119634918,3000.0,0.15
19,Zprime_3500GeV_015,0.885019512925,3500.0,0.15
20,Zprime_3500GeV_030,0.869173827848,3500.0,0.3
21,Zprime_2000GeV_030,0.872323365431,2000.0,0.3
22,Zprime_2000GeV_015,0.885106479541,2000.0,0.15
23,Zprime_3500GeV_075,0.78112957697,3500.0,0.75
24,Zprime_3500GeV_045,0.845434379833,3500.0,0.45
25,Zprime_2500GeV_030,0.867520264847,2500.0,0.3
26,Zprime_2000GeV_060,0.830211211316,2000.0,0.6
27,Zprime_4000GeV_060,0.816363098365,4000.0,0.6
28,Zprime_2500GeV_075,0.794224375234,2500.0,0.75
29,Zprime_4000GeV_045,0.847923497765,4000.0,0.45
