,name,auc,mass,nu
0,Zprime_1500GeV_075,0.812260185018,1500.0,0.75
1,Zprime_1500GeV_015,0.880885673093,1500.0,0.15
2,Zprime_3000GeV_060,0.816005126813,3000.0,0.6
3,Zprime_1500GeV_030,0.870835955312,1500.0,0.3
4,Zprime_3000GeV_045,0.845896156907,3000.0,0.45
5,Zprime_2000GeV_045,0.852253312757,2000.0,0.45
6,Zprime_2500GeV_015,0.8834064789,2500.0,0.15
7,Zprime_3500GeV_060,0.813803507248,3500.0,0.6
8,Zprime_2500GeV_045,0.84711262543,2500.0,0.45
9,Zprime_2000GeV_075,0.806802744639,2000.0,0.75
10,Zprime_2500GeV_060,0.822235284963,2500.0,0.6
11,Zprime_4000GeV_075,0.774976826544,4000.0,0.75
12,Zprime_4000GeV_030,0.872234955676,4000.0,0.3
13,Zprime_4000GeV_015,0.884070411228,4000.0,0.15
14,Zprime_3000GeV_030,0.866812959658,3000.0,0.3
15,Zprime_1500GeV_045,0.853377784215,1500.0,0.45
16,Zprime_3000GeV_075,0.786810618041,3000.0,0.75
17,Zprime_1500GeV_060,0.839494954838,1500.0,0.6
18,Zprime_3000GeV_015,0.884899244164,3000.0,0.15
19,Zprime_3500GeV_015,0.884354047712,3500.0,0.15
20,Zprime_3500GeV_030,0.870646222028,3500.0,0.3
21,Zprime_2000GeV_030,0.871408485455,2000.0,0.3
22,Zprime_2000GeV_015,0.884724211567,2000.0,0.15
23,Zprime_3500GeV_075,0.78035574937,3500.0,0.75
24,Zprime_3500GeV_045,0.844285840365,3500.0,0.45
25,Zprime_2500GeV_030,0.867646365171,2500.0,0.3
26,Zprime_2000GeV_060,0.830409145921,2000.0,0.6
27,Zprime_4000GeV_060,0.814620472774,4000.0,0.6
28,Zprime_2500GeV_075,0.794124625663,2500.0,0.75
29,Zprime_4000GeV_045,0.845733677589,4000.0,0.45
