,name,auc,mass,nu
0,Zprime_1500GeV_075,0.728349266738,1500.0,0.75
1,Zprime_1500GeV_015,0.825637770025,1500.0,0.15
2,Zprime_3000GeV_060,0.757058614128,3000.0,0.6
3,Zprime_1500GeV_030,0.808099651715,1500.0,0.3
4,Zprime_3000GeV_045,0.788612822312,3000.0,0.45
5,Zprime_2000GeV_045,0.790872550544,2000.0,0.45
6,Zprime_2500GeV_015,0.83361064489,2500.0,0.15
7,Zprime_3500GeV_060,0.757349257674,3500.0,0.6
8,Zprime_2500GeV_045,0.788928828762,2500.0,0.45
9,Zprime_2000GeV_075,0.731284030829,2000.0,0.75
10,Zprime_2500GeV_060,0.757273731347,2500.0,0.6
11,Zprime_4000GeV_075,0.714111919992,4000.0,0.75
12,Zprime_4000GeV_030,0.8223239597,4000.0,0.3
13,Zprime_4000GeV_015,0.839959405159,4000.0,0.15
14,Zprime_3000GeV_030,0.813170959476,3000.0,0.3
15,Zprime_1500GeV_045,0.782662370479,1500.0,0.45
16,Zprime_3000GeV_075,0.720404762877,3000.0,0.75
17,Zprime_1500GeV_060,0.764043963172,1500.0,0.6
18,Zprime_3000GeV_015,0.834552590298,3000.0,0.15
19,Zprime_3500GeV_015,0.834016650286,3500.0,0.15
20,Zprime_3500GeV_030,0.817149691229,3500.0,0.3
21,Zprime_2000GeV_030,0.816474522425,2000.0,0.3
22,Zprime_2000GeV_015,0.834619489965,2000.0,0.15
23,Zprime_3500GeV_075,0.716859097619,3500.0,0.75
24,Zprime_3500GeV_045,0.787073654688,3500.0,0.45
25,Zprime_2500GeV_030,0.81448992043,2500.0,0.3
26,Zprime_2000GeV_060,0.762465187932,2000.0,0.6
27,Zprime_4000GeV_060,0.759691324287,4000.0,0.6
28,Zprime_2500GeV_075,0.720209679556,2500.0,0.75
29,Zprime_4000GeV_045,0.791594172823,4000.0,0.45
