,name,auc,mass,nu
0,Zprime_1500GeV_075,0.800811493906,1500.0,0.75
1,Zprime_1500GeV_015,0.871476425172,1500.0,0.15
2,Zprime_3000GeV_060,0.80796202006,3000.0,0.6
3,Zprime_1500GeV_030,0.862459881196,1500.0,0.3
4,Zprime_3000GeV_045,0.837808954273,3000.0,0.45
5,Zprime_2000GeV_045,0.844572067047,2000.0,0.45
6,Zprime_2500GeV_015,0.875428876723,2500.0,0.15
7,Zprime_3500GeV_060,0.806620253563,3500.0,0.6
8,Zprime_2500GeV_045,0.839174136459,2500.0,0.45
9,Zprime_2000GeV_075,0.797838424965,2000.0,0.75
10,Zprime_2500GeV_060,0.812299776013,2500.0,0.6
11,Zprime_4000GeV_075,0.765331376659,4000.0,0.75
12,Zprime_4000GeV_030,0.863778530753,4000.0,0.3
13,Zprime_4000GeV_015,0.877165536778,4000.0,0.15
14,Zprime_3000GeV_030,0.858680525885,3000.0,0.3
15,Zprime_1500GeV_045,0.84471458637,1500.0,0.45
16,Zprime_3000GeV_075,0.77724809625,3000.0,0.75
17,Zprime_1500GeV_060,0.827844896477,1500.0,0.6
18,Zprime_3000GeV_015,0.876643416052,3000.0,0.15
19,Zprime_3500GeV_015,0.876127856377,3500.0,0.15
20,Zprime_3500GeV_030,0.861862942654,3500.0,0.3
21,Zprime_2000GeV_030,0.864026294875,2000.0,0.3
22,Zprime_2000GeV_015,0.875743603917,2000.0,0.15
23,Zprime_3500GeV_075,0.770761725695,3500.0,0.75
24,Zprime_3500GeV_045,0.835554671426,3500.0,0.45
25,Zprime_2500GeV_030,0.859413796058,2500.0,0.3
26,Zprime_2000GeV_060,0.821448505077,2000.0,0.6
27,Zprime_4000GeV_060,0.807413424022,4000.0,0.6
28,Zprime_2500GeV_075,0.783057416945,2500.0,0.75
29,Zprime_4000GeV_045,0.836642645141,4000.0,0.45
