,name,auc,mass,nu
0,Zprime_1500GeV_075,0.747184255382,1500.0,0.75
1,Zprime_1500GeV_015,0.838632768575,1500.0,0.15
2,Zprime_3000GeV_060,0.774741542367,3000.0,0.6
3,Zprime_1500GeV_030,0.828342955611,1500.0,0.3
4,Zprime_3000GeV_045,0.805621569838,3000.0,0.45
5,Zprime_2000GeV_045,0.81078817239,2000.0,0.45
6,Zprime_2500GeV_015,0.847761524566,2500.0,0.15
7,Zprime_3500GeV_060,0.774255502258,3500.0,0.6
8,Zprime_2500GeV_045,0.807013913193,2500.0,0.45
9,Zprime_2000GeV_075,0.753094577322,2000.0,0.75
10,Zprime_2500GeV_060,0.778154702337,2500.0,0.6
11,Zprime_4000GeV_075,0.734530779726,4000.0,0.75
12,Zprime_4000GeV_030,0.833504024683,4000.0,0.3
13,Zprime_4000GeV_015,0.851779423671,4000.0,0.15
14,Zprime_3000GeV_030,0.826407575362,3000.0,0.3
15,Zprime_1500GeV_045,0.802606319765,1500.0,0.45
16,Zprime_3000GeV_075,0.740596043706,3000.0,0.75
17,Zprime_1500GeV_060,0.780777986464,1500.0,0.6
18,Zprime_3000GeV_015,0.847278678165,3000.0,0.15
19,Zprime_3500GeV_015,0.84709511142,3500.0,0.15
20,Zprime_3500GeV_030,0.830329237962,3500.0,0.3
21,Zprime_2000GeV_030,0.835262448741,2000.0,0.3
22,Zprime_2000GeV_015,0.850797669022,2000.0,0.15
23,Zprime_3500GeV_075,0.737777654184,3500.0,0.75
24,Zprime_3500GeV_045,0.802850839807,3500.0,0.45
25,Zprime_2500GeV_030,0.829919911013,2500.0,0.3
26,Zprime_2000GeV_060,0.782112729814,2000.0,0.6
27,Zprime_4000GeV_060,0.775478003481,4000.0,0.6
28,Zprime_2500GeV_075,0.743968957496,2500.0,0.75
29,Zprime_4000GeV_045,0.805156942831,4000.0,0.45
