,name,auc,mass,nu
0,Zprime_1500GeV_075,0.799307052596,1500.0,0.75
1,Zprime_1500GeV_015,0.869329264226,1500.0,0.15
2,Zprime_3000GeV_060,0.807848120116,3000.0,0.6
3,Zprime_1500GeV_030,0.860834630551,1500.0,0.3
4,Zprime_3000GeV_045,0.836645273011,3000.0,0.45
5,Zprime_2000GeV_045,0.845064580323,2000.0,0.45
6,Zprime_2500GeV_015,0.874136426668,2500.0,0.15
7,Zprime_3500GeV_060,0.806770472395,3500.0,0.6
8,Zprime_2500GeV_045,0.838679814424,2500.0,0.45
9,Zprime_2000GeV_075,0.797288253174,2000.0,0.75
10,Zprime_2500GeV_060,0.81449230641,2500.0,0.6
11,Zprime_4000GeV_075,0.76820734533,4000.0,0.75
12,Zprime_4000GeV_030,0.863711904117,4000.0,0.3
13,Zprime_4000GeV_015,0.877787528315,4000.0,0.15
14,Zprime_3000GeV_030,0.857454069016,3000.0,0.3
15,Zprime_1500GeV_045,0.846916090345,1500.0,0.45
16,Zprime_3000GeV_075,0.778370074632,3000.0,0.75
17,Zprime_1500GeV_060,0.827906846721,1500.0,0.6
18,Zprime_3000GeV_015,0.874418340073,3000.0,0.15
19,Zprime_3500GeV_015,0.875885679591,3500.0,0.15
20,Zprime_3500GeV_030,0.860176147891,3500.0,0.3
21,Zprime_2000GeV_030,0.8635867834,2000.0,0.3
22,Zprime_2000GeV_015,0.876669305197,2000.0,0.15
23,Zprime_3500GeV_075,0.772369090183,3500.0,0.75
24,Zprime_3500GeV_045,0.836528839371,3500.0,0.45
25,Zprime_2500GeV_030,0.858744225542,2500.0,0.3
26,Zprime_2000GeV_060,0.821664203525,2000.0,0.6
27,Zprime_4000GeV_060,0.807976791034,4000.0,0.6
28,Zprime_2500GeV_075,0.783740383988,2500.0,0.75
29,Zprime_4000GeV_045,0.83869982513,4000.0,0.45
