,name,auc,mass,nu
0,Zprime_1500GeV_075,0.745048907078,1500.0,0.75
1,Zprime_1500GeV_015,0.825688838014,1500.0,0.15
2,Zprime_3000GeV_060,0.761982805024,3000.0,0.6
3,Zprime_1500GeV_030,0.810436609605,1500.0,0.3
4,Zprime_3000GeV_045,0.788063255458,3000.0,0.45
5,Zprime_2000GeV_045,0.80220374172,2000.0,0.45
6,Zprime_2500GeV_015,0.828123195173,2500.0,0.15
7,Zprime_3500GeV_060,0.759063021282,3500.0,0.6
8,Zprime_2500GeV_045,0.792065802518,2500.0,0.45
9,Zprime_2000GeV_075,0.75319326112,2000.0,0.75
10,Zprime_2500GeV_060,0.768461233477,2500.0,0.6
11,Zprime_4000GeV_075,0.725169289489,4000.0,0.75
12,Zprime_4000GeV_030,0.821223268075,4000.0,0.3
13,Zprime_4000GeV_015,0.84248643144,4000.0,0.15
14,Zprime_3000GeV_030,0.808927892334,3000.0,0.3
15,Zprime_1500GeV_045,0.790902567583,1500.0,0.45
16,Zprime_3000GeV_075,0.736681226485,3000.0,0.75
17,Zprime_1500GeV_060,0.771365867016,1500.0,0.6
18,Zprime_3000GeV_015,0.827292782282,3000.0,0.15
19,Zprime_3500GeV_015,0.832972396858,3500.0,0.15
20,Zprime_3500GeV_030,0.814748016452,3500.0,0.3
21,Zprime_2000GeV_030,0.821315728918,2000.0,0.3
22,Zprime_2000GeV_015,0.836122820272,2000.0,0.15
23,Zprime_3500GeV_075,0.729083809982,3500.0,0.75
24,Zprime_3500GeV_045,0.7883815151,3500.0,0.45
25,Zprime_2500GeV_030,0.812587215302,2500.0,0.3
26,Zprime_2000GeV_060,0.776403132165,2000.0,0.6
27,Zprime_4000GeV_060,0.761708551391,4000.0,0.6
28,Zprime_2500GeV_075,0.738221964346,2500.0,0.75
29,Zprime_4000GeV_045,0.793674314714,4000.0,0.45
