,name,auc,mass,nu
0,Zprime_1500GeV_075,0.760214195124,1500.0,0.75
1,Zprime_1500GeV_015,0.853119963062,1500.0,0.15
2,Zprime_3000GeV_060,0.795271560741,3000.0,0.6
3,Zprime_1500GeV_030,0.840666797673,1500.0,0.3
4,Zprime_3000GeV_045,0.83477329956,3000.0,0.45
5,Zprime_2000GeV_045,0.82744177491,2000.0,0.45
6,Zprime_2500GeV_015,0.878265385328,2500.0,0.15
7,Zprime_3500GeV_060,0.796589793936,3500.0,0.6
8,Zprime_2500GeV_045,0.830691944064,2500.0,0.45
9,Zprime_2000GeV_075,0.760439938758,2000.0,0.75
10,Zprime_2500GeV_060,0.795121104709,2500.0,0.6
11,Zprime_4000GeV_075,0.742934492268,4000.0,0.75
12,Zprime_4000GeV_030,0.874466418143,4000.0,0.3
13,Zprime_4000GeV_015,0.893272197223,4000.0,0.15
14,Zprime_3000GeV_030,0.861117808639,3000.0,0.3
15,Zprime_1500GeV_045,0.815080079863,1500.0,0.45
16,Zprime_3000GeV_075,0.751533236586,3000.0,0.75
17,Zprime_1500GeV_060,0.793286091675,1500.0,0.6
18,Zprime_3000GeV_015,0.885008315235,3000.0,0.15
19,Zprime_3500GeV_015,0.891503470113,3500.0,0.15
20,Zprime_3500GeV_030,0.87069475848,3500.0,0.3
21,Zprime_2000GeV_030,0.852813663548,2000.0,0.3
22,Zprime_2000GeV_015,0.870844437349,2000.0,0.15
23,Zprime_3500GeV_075,0.74850604346,3500.0,0.75
24,Zprime_3500GeV_045,0.838459332947,3500.0,0.45
25,Zprime_2500GeV_030,0.856520294141,2500.0,0.3
26,Zprime_2000GeV_060,0.795240330352,2000.0,0.6
27,Zprime_4000GeV_060,0.799945578186,4000.0,0.6
28,Zprime_2500GeV_075,0.752174962447,2500.0,0.75
29,Zprime_4000GeV_045,0.839994067634,4000.0,0.45
