,name,auc,mass,nu
0,Zprime_1500GeV_075,0.798072530417,1500.0,0.75
1,Zprime_1500GeV_015,0.872579521685,1500.0,0.15
2,Zprime_3000GeV_060,0.804746357592,3000.0,0.6
3,Zprime_1500GeV_030,0.859568282394,1500.0,0.3
4,Zprime_3000GeV_045,0.834683540086,3000.0,0.45
5,Zprime_2000GeV_045,0.842172481368,2000.0,0.45
6,Zprime_2500GeV_015,0.874759152196,2500.0,0.15
7,Zprime_3500GeV_060,0.803119065525,3500.0,0.6
8,Zprime_2500GeV_045,0.836700740892,2500.0,0.45
9,Zprime_2000GeV_075,0.793800275038,2000.0,0.75
10,Zprime_2500GeV_060,0.809988058687,2500.0,0.6
11,Zprime_4000GeV_075,0.762173197895,4000.0,0.75
12,Zprime_4000GeV_030,0.857663370072,4000.0,0.3
13,Zprime_4000GeV_015,0.869986801476,4000.0,0.15
14,Zprime_3000GeV_030,0.855479983723,3000.0,0.3
15,Zprime_1500GeV_045,0.838922257817,1500.0,0.45
16,Zprime_3000GeV_075,0.77472924713,3000.0,0.75
17,Zprime_1500GeV_060,0.8266122589,1500.0,0.6
18,Zprime_3000GeV_015,0.873791383545,3000.0,0.15
19,Zprime_3500GeV_015,0.870892066834,3500.0,0.15
20,Zprime_3500GeV_030,0.856915634072,3500.0,0.3
21,Zprime_2000GeV_030,0.862655451013,2000.0,0.3
22,Zprime_2000GeV_015,0.874594894903,2000.0,0.15
23,Zprime_3500GeV_075,0.767065738204,3500.0,0.75
24,Zprime_3500GeV_045,0.831196605246,3500.0,0.45
25,Zprime_2500GeV_030,0.857729486434,2500.0,0.3
26,Zprime_2000GeV_060,0.81790655718,2000.0,0.6
27,Zprime_4000GeV_060,0.802016591776,4000.0,0.6
28,Zprime_2500GeV_075,0.779852001095,2500.0,0.75
29,Zprime_4000GeV_045,0.830362736921,4000.0,0.45
