,name,auc,mass,nu
0,Zprime_1500GeV_075,0.724894967134,1500.0,0.75
1,Zprime_1500GeV_015,0.81462664526,1500.0,0.15
2,Zprime_3000GeV_060,0.748994175446,3000.0,0.6
3,Zprime_1500GeV_030,0.799537098688,1500.0,0.3
4,Zprime_3000GeV_045,0.778516767344,3000.0,0.45
5,Zprime_2000GeV_045,0.789685787762,2000.0,0.45
6,Zprime_2500GeV_015,0.820626262139,2500.0,0.15
7,Zprime_3500GeV_060,0.747664893164,3500.0,0.6
8,Zprime_2500GeV_045,0.781390247374,2500.0,0.45
9,Zprime_2000GeV_075,0.732702299424,2000.0,0.75
10,Zprime_2500GeV_060,0.753965285091,2500.0,0.6
11,Zprime_4000GeV_075,0.709949560927,4000.0,0.75
12,Zprime_4000GeV_030,0.809670415632,4000.0,0.3
13,Zprime_4000GeV_015,0.829895100721,4000.0,0.15
14,Zprime_3000GeV_030,0.799157046607,3000.0,0.3
15,Zprime_1500GeV_045,0.774597300414,1500.0,0.45
16,Zprime_3000GeV_075,0.718335874178,3000.0,0.75
17,Zprime_1500GeV_060,0.757504963433,1500.0,0.6
18,Zprime_3000GeV_015,0.819893889972,3000.0,0.15
19,Zprime_3500GeV_015,0.822707384302,3500.0,0.15
20,Zprime_3500GeV_030,0.804827331832,3500.0,0.3
21,Zprime_2000GeV_030,0.811413410097,2000.0,0.3
22,Zprime_2000GeV_015,0.827319719717,2000.0,0.15
23,Zprime_3500GeV_075,0.712402508133,3500.0,0.75
24,Zprime_3500GeV_045,0.778453319275,3500.0,0.45
25,Zprime_2500GeV_030,0.801840990074,2500.0,0.3
26,Zprime_2000GeV_060,0.762197564611,2000.0,0.6
27,Zprime_4000GeV_060,0.750340256773,4000.0,0.6
28,Zprime_2500GeV_075,0.720071958453,2500.0,0.75
29,Zprime_4000GeV_045,0.781789079563,4000.0,0.45
