,name,auc,mass,nu
0,Zprime_1500GeV_075,0.780034792603,1500.0,0.75
1,Zprime_1500GeV_015,0.858110793645,1500.0,0.15
2,Zprime_3000GeV_060,0.794913701317,3000.0,0.6
3,Zprime_1500GeV_030,0.847629195065,1500.0,0.3
4,Zprime_3000GeV_045,0.826535567348,3000.0,0.45
5,Zprime_2000GeV_045,0.83152902226,2000.0,0.45
6,Zprime_2500GeV_015,0.867317575035,2500.0,0.15
7,Zprime_3500GeV_060,0.793050376916,3500.0,0.6
8,Zprime_2500GeV_045,0.827276543285,2500.0,0.45
9,Zprime_2000GeV_075,0.779228784471,2000.0,0.75
10,Zprime_2500GeV_060,0.79878829389,2500.0,0.6
11,Zprime_4000GeV_075,0.749196616379,4000.0,0.75
12,Zprime_4000GeV_030,0.852586184547,4000.0,0.3
13,Zprime_4000GeV_015,0.866128310118,4000.0,0.15
14,Zprime_3000GeV_030,0.847775047833,3000.0,0.3
15,Zprime_1500GeV_045,0.827643209857,1500.0,0.45
16,Zprime_3000GeV_075,0.761328996412,3000.0,0.75
17,Zprime_1500GeV_060,0.808796679432,1500.0,0.6
18,Zprime_3000GeV_015,0.867237265532,3000.0,0.15
19,Zprime_3500GeV_015,0.86597041045,3500.0,0.15
20,Zprime_3500GeV_030,0.850825776239,3500.0,0.3
21,Zprime_2000GeV_030,0.852794945092,2000.0,0.3
22,Zprime_2000GeV_015,0.867392044515,2000.0,0.15
23,Zprime_3500GeV_075,0.754411469837,3500.0,0.75
24,Zprime_3500GeV_045,0.822577097755,3500.0,0.45
25,Zprime_2500GeV_030,0.849608966481,2500.0,0.3
26,Zprime_2000GeV_060,0.804709723478,2000.0,0.6
27,Zprime_4000GeV_060,0.793314662357,4000.0,0.6
28,Zprime_2500GeV_075,0.766477884986,2500.0,0.75
29,Zprime_4000GeV_045,0.824721178321,4000.0,0.45
