,name,auc,mass,nu
0,Zprime_1500GeV_075,0.763455062194,1500.0,0.75
1,Zprime_1500GeV_015,0.846706565151,1500.0,0.15
2,Zprime_3000GeV_060,0.803932690139,3000.0,0.6
3,Zprime_1500GeV_030,0.834669704733,1500.0,0.3
4,Zprime_3000GeV_045,0.837113688343,3000.0,0.45
5,Zprime_2000GeV_045,0.837005827913,2000.0,0.45
6,Zprime_2500GeV_015,0.877313766419,2500.0,0.15
7,Zprime_3500GeV_060,0.802021452611,3500.0,0.6
8,Zprime_2500GeV_045,0.835978452986,2500.0,0.45
9,Zprime_2000GeV_075,0.770217294138,2000.0,0.75
10,Zprime_2500GeV_060,0.803496004357,2500.0,0.6
11,Zprime_4000GeV_075,0.754425305639,4000.0,0.75
12,Zprime_4000GeV_030,0.872151634614,4000.0,0.3
13,Zprime_4000GeV_015,0.888959939575,4000.0,0.15
14,Zprime_3000GeV_030,0.860965515609,3000.0,0.3
15,Zprime_1500GeV_045,0.810334438511,1500.0,0.45
16,Zprime_3000GeV_075,0.762720437714,3000.0,0.75
17,Zprime_1500GeV_060,0.787662496809,1500.0,0.6
18,Zprime_3000GeV_015,0.882053579541,3000.0,0.15
19,Zprime_3500GeV_015,0.885179059073,3500.0,0.15
20,Zprime_3500GeV_030,0.867717512914,3500.0,0.3
21,Zprime_2000GeV_030,0.858056898036,2000.0,0.3
22,Zprime_2000GeV_015,0.876089033638,2000.0,0.15
23,Zprime_3500GeV_075,0.761665471102,3500.0,0.75
24,Zprime_3500GeV_045,0.840003703208,3500.0,0.45
25,Zprime_2500GeV_030,0.85910269503,2500.0,0.3
26,Zprime_2000GeV_060,0.806083775791,2000.0,0.6
27,Zprime_4000GeV_060,0.805331187475,4000.0,0.6
28,Zprime_2500GeV_075,0.762198014683,2500.0,0.75
29,Zprime_4000GeV_045,0.840107433475,4000.0,0.45
