,name,auc,mass,nu
0,Zprime_1500GeV_075,0.803838527412,1500.0,0.75
1,Zprime_1500GeV_015,0.872910380779,1500.0,0.15
2,Zprime_3000GeV_060,0.807046832124,3000.0,0.6
3,Zprime_1500GeV_030,0.863770494347,1500.0,0.3
4,Zprime_3000GeV_045,0.835292529522,3000.0,0.45
5,Zprime_2000GeV_045,0.843573121608,2000.0,0.45
6,Zprime_2500GeV_015,0.873400803288,2500.0,0.15
7,Zprime_3500GeV_060,0.804968709317,3500.0,0.6
8,Zprime_2500GeV_045,0.837552392625,2500.0,0.45
9,Zprime_2000GeV_075,0.797671266221,2000.0,0.75
10,Zprime_2500GeV_060,0.812475045063,2500.0,0.6
11,Zprime_4000GeV_075,0.765655474828,4000.0,0.75
12,Zprime_4000GeV_030,0.860113247278,4000.0,0.3
13,Zprime_4000GeV_015,0.873557353556,4000.0,0.15
14,Zprime_3000GeV_030,0.855261656782,3000.0,0.3
15,Zprime_1500GeV_045,0.845567070226,1500.0,0.45
16,Zprime_3000GeV_075,0.776587544402,3000.0,0.75
17,Zprime_1500GeV_060,0.832037342673,1500.0,0.6
18,Zprime_3000GeV_015,0.8729039407,3000.0,0.15
19,Zprime_3500GeV_015,0.871907474901,3500.0,0.15
20,Zprime_3500GeV_030,0.858721726703,3500.0,0.3
21,Zprime_2000GeV_030,0.862829065036,2000.0,0.3
22,Zprime_2000GeV_015,0.874081997898,2000.0,0.15
23,Zprime_3500GeV_075,0.770167127989,3500.0,0.75
24,Zprime_3500GeV_045,0.831517232948,3500.0,0.45
25,Zprime_2500GeV_030,0.858238610234,2500.0,0.3
26,Zprime_2000GeV_060,0.821089203283,2000.0,0.6
27,Zprime_4000GeV_060,0.806250005018,4000.0,0.6
28,Zprime_2500GeV_075,0.784312740936,2500.0,0.75
29,Zprime_4000GeV_045,0.833883196157,4000.0,0.45
