,name,auc,mass,nu
0,Zprime_1500GeV_075,0.78720737675,1500.0,0.75
1,Zprime_1500GeV_015,0.860606089061,1500.0,0.15
2,Zprime_3000GeV_060,0.812699910612,3000.0,0.6
3,Zprime_1500GeV_030,0.846910679179,1500.0,0.3
4,Zprime_3000GeV_045,0.839223043054,3000.0,0.45
5,Zprime_2000GeV_045,0.847682331355,2000.0,0.45
6,Zprime_2500GeV_015,0.873357216424,2500.0,0.15
7,Zprime_3500GeV_060,0.81017470666,3500.0,0.6
8,Zprime_2500GeV_045,0.839847791763,2500.0,0.45
9,Zprime_2000GeV_075,0.79486107709,2000.0,0.75
10,Zprime_2500GeV_060,0.814644534241,2500.0,0.6
11,Zprime_4000GeV_075,0.772507414397,4000.0,0.75
12,Zprime_4000GeV_030,0.871224823274,4000.0,0.3
13,Zprime_4000GeV_015,0.885795979192,4000.0,0.15
14,Zprime_3000GeV_030,0.859546234082,3000.0,0.3
15,Zprime_1500GeV_045,0.827300006451,1500.0,0.45
16,Zprime_3000GeV_075,0.780371208792,3000.0,0.75
17,Zprime_1500GeV_060,0.809774153483,1500.0,0.6
18,Zprime_3000GeV_015,0.878159332957,3000.0,0.15
19,Zprime_3500GeV_015,0.882148948956,3500.0,0.15
20,Zprime_3500GeV_030,0.865952550977,3500.0,0.3
21,Zprime_2000GeV_030,0.863941707005,2000.0,0.3
22,Zprime_2000GeV_015,0.87812844249,2000.0,0.15
23,Zprime_3500GeV_075,0.77787585587,3500.0,0.75
24,Zprime_3500GeV_045,0.84102976278,3500.0,0.45
25,Zprime_2500GeV_030,0.857837667027,2500.0,0.3
26,Zprime_2000GeV_060,0.820874252328,2000.0,0.6
27,Zprime_4000GeV_060,0.812296376834,4000.0,0.6
28,Zprime_2500GeV_075,0.785061004227,2500.0,0.75
29,Zprime_4000GeV_045,0.843380856708,4000.0,0.45
