,name,auc,mass,nu
0,Zprime_1500GeV_075,0.749659559569,1500.0,0.75
1,Zprime_1500GeV_015,0.827408150274,1500.0,0.15
2,Zprime_3000GeV_060,0.775227964008,3000.0,0.6
3,Zprime_1500GeV_030,0.817807116429,1500.0,0.3
4,Zprime_3000GeV_045,0.81064793731,3000.0,0.45
5,Zprime_2000GeV_045,0.804359842213,2000.0,0.45
6,Zprime_2500GeV_015,0.850687548236,2500.0,0.15
7,Zprime_3500GeV_060,0.777407941161,3500.0,0.6
8,Zprime_2500GeV_045,0.807025478092,2500.0,0.45
9,Zprime_2000GeV_075,0.747757692267,2000.0,0.75
10,Zprime_2500GeV_060,0.775228666595,2500.0,0.6
11,Zprime_4000GeV_075,0.731885907116,4000.0,0.75
12,Zprime_4000GeV_030,0.848367437002,4000.0,0.3
13,Zprime_4000GeV_015,0.866511977917,4000.0,0.15
14,Zprime_3000GeV_030,0.834565207645,3000.0,0.3
15,Zprime_1500GeV_045,0.794242671703,1500.0,0.45
16,Zprime_3000GeV_075,0.735763139519,3000.0,0.75
17,Zprime_1500GeV_060,0.777225071318,1500.0,0.6
18,Zprime_3000GeV_015,0.857269426513,3000.0,0.15
19,Zprime_3500GeV_015,0.862904483007,3500.0,0.15
20,Zprime_3500GeV_030,0.843358043743,3500.0,0.3
21,Zprime_2000GeV_030,0.827779521235,2000.0,0.3
22,Zprime_2000GeV_015,0.84364589978,2000.0,0.15
23,Zprime_3500GeV_075,0.734180740066,3500.0,0.75
24,Zprime_3500GeV_045,0.811912649502,3500.0,0.45
25,Zprime_2500GeV_030,0.830866581541,2500.0,0.3
26,Zprime_2000GeV_060,0.776620800204,2000.0,0.6
27,Zprime_4000GeV_060,0.781149281899,4000.0,0.6
28,Zprime_2500GeV_075,0.738674905915,2500.0,0.75
29,Zprime_4000GeV_045,0.815838497252,4000.0,0.45
