,name,auc,mass,nu
0,Zprime_1500GeV_075,0.808993313612,1500.0,0.75
1,Zprime_1500GeV_015,0.879758893887,1500.0,0.15
2,Zprime_3000GeV_060,0.819667097872,3000.0,0.6
3,Zprime_1500GeV_030,0.867834863088,1500.0,0.3
4,Zprime_3000GeV_045,0.847009485851,3000.0,0.45
5,Zprime_2000GeV_045,0.854080313522,2000.0,0.45
6,Zprime_2500GeV_015,0.881349320251,2500.0,0.15
7,Zprime_3500GeV_060,0.817857516206,3500.0,0.6
8,Zprime_2500GeV_045,0.848969097513,2500.0,0.45
9,Zprime_2000GeV_075,0.80899484637,2000.0,0.75
10,Zprime_2500GeV_060,0.825108361238,2500.0,0.6
11,Zprime_4000GeV_075,0.780121420519,4000.0,0.75
12,Zprime_4000GeV_030,0.87445739001,4000.0,0.3
13,Zprime_4000GeV_015,0.888845473588,4000.0,0.15
14,Zprime_3000GeV_030,0.866992893842,3000.0,0.3
15,Zprime_1500GeV_045,0.854407430143,1500.0,0.45
16,Zprime_3000GeV_075,0.790373563627,3000.0,0.75
17,Zprime_1500GeV_060,0.835274161118,1500.0,0.6
18,Zprime_3000GeV_015,0.883743113734,3000.0,0.15
19,Zprime_3500GeV_015,0.885214174985,3500.0,0.15
20,Zprime_3500GeV_030,0.870194130148,3500.0,0.3
21,Zprime_2000GeV_030,0.871817536553,2000.0,0.3
22,Zprime_2000GeV_015,0.883251291924,2000.0,0.15
23,Zprime_3500GeV_075,0.785036218194,3500.0,0.75
24,Zprime_3500GeV_045,0.84801948955,3500.0,0.45
25,Zprime_2500GeV_030,0.86697405099,2500.0,0.3
26,Zprime_2000GeV_060,0.831718870927,2000.0,0.6
27,Zprime_4000GeV_060,0.818626890499,4000.0,0.6
28,Zprime_2500GeV_075,0.798583619223,2500.0,0.75
29,Zprime_4000GeV_045,0.848871514617,4000.0,0.45
