,name,auc,mass,nu
0,Zprime_1500GeV_075,0.807719323748,1500.0,0.75
1,Zprime_1500GeV_015,0.876733587724,1500.0,0.15
2,Zprime_3000GeV_060,0.82726825257,3000.0,0.6
3,Zprime_1500GeV_030,0.865895807541,1500.0,0.3
4,Zprime_3000GeV_045,0.851177764745,3000.0,0.45
5,Zprime_2000GeV_045,0.861336784445,2000.0,0.45
6,Zprime_2500GeV_015,0.884253409542,2500.0,0.15
7,Zprime_3500GeV_060,0.82214405607,3500.0,0.6
8,Zprime_2500GeV_045,0.854339441697,2500.0,0.45
9,Zprime_2000GeV_075,0.813311118389,2000.0,0.75
10,Zprime_2500GeV_060,0.832092345666,2500.0,0.6
11,Zprime_4000GeV_075,0.788561520532,4000.0,0.75
12,Zprime_4000GeV_030,0.875667537215,4000.0,0.3
13,Zprime_4000GeV_015,0.887808579557,4000.0,0.15
14,Zprime_3000GeV_030,0.869336438393,3000.0,0.3
15,Zprime_1500GeV_045,0.844436963446,1500.0,0.45
16,Zprime_3000GeV_075,0.797892321593,3000.0,0.75
17,Zprime_1500GeV_060,0.827715162106,1500.0,0.6
18,Zprime_3000GeV_015,0.885810444087,3000.0,0.15
19,Zprime_3500GeV_015,0.886850513646,3500.0,0.15
20,Zprime_3500GeV_030,0.872812834096,3500.0,0.3
21,Zprime_2000GeV_030,0.878893223166,2000.0,0.3
22,Zprime_2000GeV_015,0.890495892093,2000.0,0.15
23,Zprime_3500GeV_075,0.794059774946,3500.0,0.75
24,Zprime_3500GeV_045,0.850632043005,3500.0,0.45
25,Zprime_2500GeV_030,0.870199935759,2500.0,0.3
26,Zprime_2000GeV_060,0.836496547578,2000.0,0.6
27,Zprime_4000GeV_060,0.823671789227,4000.0,0.6
28,Zprime_2500GeV_075,0.803879732483,2500.0,0.75
29,Zprime_4000GeV_045,0.851108508383,4000.0,0.45
