,name,auc,mass,nu
0,Zprime_1500GeV_075,0.746136048252,1500.0,0.75
1,Zprime_1500GeV_015,0.833028283795,1500.0,0.15
2,Zprime_3000GeV_060,0.760688319653,3000.0,0.6
3,Zprime_1500GeV_030,0.819826328181,1500.0,0.3
4,Zprime_3000GeV_045,0.793153639293,3000.0,0.45
5,Zprime_2000GeV_045,0.794683344186,2000.0,0.45
6,Zprime_2500GeV_015,0.836778093191,2500.0,0.15
7,Zprime_3500GeV_060,0.763209255295,3500.0,0.6
8,Zprime_2500GeV_045,0.792106845389,2500.0,0.45
9,Zprime_2000GeV_075,0.740751040649,2000.0,0.75
10,Zprime_2500GeV_060,0.763236637352,2500.0,0.6
11,Zprime_4000GeV_075,0.724756940015,4000.0,0.75
12,Zprime_4000GeV_030,0.827595320357,4000.0,0.3
13,Zprime_4000GeV_015,0.846077258772,4000.0,0.15
14,Zprime_3000GeV_030,0.817109945683,3000.0,0.3
15,Zprime_1500GeV_045,0.794687737673,1500.0,0.45
16,Zprime_3000GeV_075,0.727845343124,3000.0,0.75
17,Zprime_1500GeV_060,0.7753438969,1500.0,0.6
18,Zprime_3000GeV_015,0.839746125501,3000.0,0.15
19,Zprime_3500GeV_015,0.841304089362,3500.0,0.15
20,Zprime_3500GeV_030,0.823365169739,3500.0,0.3
21,Zprime_2000GeV_030,0.818624887398,2000.0,0.3
22,Zprime_2000GeV_015,0.836699636094,2000.0,0.15
23,Zprime_3500GeV_075,0.725867328829,3500.0,0.75
24,Zprime_3500GeV_045,0.795047805163,3500.0,0.45
25,Zprime_2500GeV_030,0.817150381825,2500.0,0.3
26,Zprime_2000GeV_060,0.768058834234,2000.0,0.6
27,Zprime_4000GeV_060,0.766835965984,4000.0,0.6
28,Zprime_2500GeV_075,0.72801435561,2500.0,0.75
29,Zprime_4000GeV_045,0.796981778456,4000.0,0.45
