,name,auc,mass,nu
0,Zprime_1500GeV_075,0.814943137438,1500.0,0.75
1,Zprime_1500GeV_015,0.884147969837,1500.0,0.15
2,Zprime_3000GeV_060,0.823510183657,3000.0,0.6
3,Zprime_1500GeV_030,0.874816244477,1500.0,0.3
4,Zprime_3000GeV_045,0.853325602771,3000.0,0.45
5,Zprime_2000GeV_045,0.859320374821,2000.0,0.45
6,Zprime_2500GeV_015,0.889964002028,2500.0,0.15
7,Zprime_3500GeV_060,0.822506596389,3500.0,0.6
8,Zprime_2500GeV_045,0.854618522535,2500.0,0.45
9,Zprime_2000GeV_075,0.811824290038,2000.0,0.75
10,Zprime_2500GeV_060,0.829277834641,2500.0,0.6
11,Zprime_4000GeV_075,0.782001655699,4000.0,0.75
12,Zprime_4000GeV_030,0.881524519297,4000.0,0.3
13,Zprime_4000GeV_015,0.895373293144,4000.0,0.15
14,Zprime_3000GeV_030,0.87434895809,3000.0,0.3
15,Zprime_1500GeV_045,0.858872712344,1500.0,0.45
16,Zprime_3000GeV_075,0.7931071925,3000.0,0.75
17,Zprime_1500GeV_060,0.841412141515,1500.0,0.6
18,Zprime_3000GeV_015,0.892003479817,3000.0,0.15
19,Zprime_3500GeV_015,0.893267894763,3500.0,0.15
20,Zprime_3500GeV_030,0.877632016118,3500.0,0.3
21,Zprime_2000GeV_030,0.878082776347,2000.0,0.3
22,Zprime_2000GeV_015,0.891280246551,2000.0,0.15
23,Zprime_3500GeV_075,0.78833665299,3500.0,0.75
24,Zprime_3500GeV_045,0.853370279922,3500.0,0.45
25,Zprime_2500GeV_030,0.87454786339,2500.0,0.3
26,Zprime_2000GeV_060,0.836573620145,2000.0,0.6
27,Zprime_4000GeV_060,0.824282765694,4000.0,0.6
28,Zprime_2500GeV_075,0.800015891826,2500.0,0.75
29,Zprime_4000GeV_045,0.854739329402,4000.0,0.45
