,name,auc,mass,nu
0,Zprime_1500GeV_075,0.794016824134,1500.0,0.75
1,Zprime_1500GeV_015,0.866511278903,1500.0,0.15
2,Zprime_3000GeV_060,0.811295693257,3000.0,0.6
3,Zprime_1500GeV_030,0.853740427332,1500.0,0.3
4,Zprime_3000GeV_045,0.836658027786,3000.0,0.45
5,Zprime_2000GeV_045,0.847560611743,2000.0,0.45
6,Zprime_2500GeV_015,0.872057828727,2500.0,0.15
7,Zprime_3500GeV_060,0.807188745759,3500.0,0.6
8,Zprime_2500GeV_045,0.839503870116,2500.0,0.45
9,Zprime_2000GeV_075,0.797935506146,2000.0,0.75
10,Zprime_2500GeV_060,0.814994199005,2500.0,0.6
11,Zprime_4000GeV_075,0.772475159614,4000.0,0.75
12,Zprime_4000GeV_030,0.864016451907,4000.0,0.3
13,Zprime_4000GeV_015,0.877195609104,4000.0,0.15
14,Zprime_3000GeV_030,0.855973424362,3000.0,0.3
15,Zprime_1500GeV_045,0.831983673266,1500.0,0.45
16,Zprime_3000GeV_075,0.780618547485,3000.0,0.75
17,Zprime_1500GeV_060,0.815174344657,1500.0,0.6
18,Zprime_3000GeV_015,0.873965059395,3000.0,0.15
19,Zprime_3500GeV_015,0.875657672605,3500.0,0.15
20,Zprime_3500GeV_030,0.860468083149,3500.0,0.3
21,Zprime_2000GeV_030,0.865826795561,2000.0,0.3
22,Zprime_2000GeV_015,0.878026896077,2000.0,0.15
23,Zprime_3500GeV_075,0.777141243066,3500.0,0.75
24,Zprime_3500GeV_045,0.836946369273,3500.0,0.45
25,Zprime_2500GeV_030,0.857216972565,2500.0,0.3
26,Zprime_2000GeV_060,0.820290955417,2000.0,0.6
27,Zprime_4000GeV_060,0.808738753082,4000.0,0.6
28,Zprime_2500GeV_075,0.786788512801,2500.0,0.75
29,Zprime_4000GeV_045,0.837838042472,4000.0,0.45
