,name,auc,mass,nu
0,Zprime_1500GeV_075,0.738553733045,1500.0,0.75
1,Zprime_1500GeV_015,0.826365718445,1500.0,0.15
2,Zprime_3000GeV_060,0.762335922897,3000.0,0.6
3,Zprime_1500GeV_030,0.811760237317,1500.0,0.3
4,Zprime_3000GeV_045,0.79399205633,3000.0,0.45
5,Zprime_2000GeV_045,0.792546186914,2000.0,0.45
6,Zprime_2500GeV_015,0.833929394422,2500.0,0.15
7,Zprime_3500GeV_060,0.765127542118,3500.0,0.6
8,Zprime_2500GeV_045,0.791699721631,2500.0,0.45
9,Zprime_2000GeV_075,0.737965065351,2000.0,0.75
10,Zprime_2500GeV_060,0.762849011,2500.0,0.6
11,Zprime_4000GeV_075,0.726434086066,4000.0,0.75
12,Zprime_4000GeV_030,0.833677419033,4000.0,0.3
13,Zprime_4000GeV_015,0.853554665228,4000.0,0.15
14,Zprime_3000GeV_030,0.818284170656,3000.0,0.3
15,Zprime_1500GeV_045,0.787408316718,1500.0,0.45
16,Zprime_3000GeV_075,0.729065981789,3000.0,0.75
17,Zprime_1500GeV_060,0.768921794556,1500.0,0.6
18,Zprime_3000GeV_015,0.841458419226,3000.0,0.15
19,Zprime_3500GeV_015,0.845486646529,3500.0,0.15
20,Zprime_3500GeV_030,0.827107670152,3500.0,0.3
21,Zprime_2000GeV_030,0.81610655292,2000.0,0.3
22,Zprime_2000GeV_015,0.832668875154,2000.0,0.15
23,Zprime_3500GeV_075,0.727310401175,3500.0,0.75
24,Zprime_3500GeV_045,0.79649684703,3500.0,0.45
25,Zprime_2500GeV_030,0.814932656793,2500.0,0.3
26,Zprime_2000GeV_060,0.764978454076,2000.0,0.6
27,Zprime_4000GeV_060,0.77043997228,4000.0,0.6
28,Zprime_2500GeV_075,0.726804640145,2500.0,0.75
29,Zprime_4000GeV_045,0.801764564078,4000.0,0.45
