,name,auc,mass,nu
0,Zprime_1500GeV_075,0.716854910302,1500.0,0.75
1,Zprime_1500GeV_015,0.791843685286,1500.0,0.15
2,Zprime_3000GeV_060,0.738494110832,3000.0,0.6
3,Zprime_1500GeV_030,0.784230165324,1500.0,0.3
4,Zprime_3000GeV_045,0.765282781396,3000.0,0.45
5,Zprime_2000GeV_045,0.777038914134,2000.0,0.45
6,Zprime_2500GeV_015,0.807444066118,2500.0,0.15
7,Zprime_3500GeV_060,0.735172147805,3500.0,0.6
8,Zprime_2500GeV_045,0.769735685048,2500.0,0.45
9,Zprime_2000GeV_075,0.725731347071,2000.0,0.75
10,Zprime_2500GeV_060,0.744453980841,2500.0,0.6
11,Zprime_4000GeV_075,0.698903909516,4000.0,0.75
12,Zprime_4000GeV_030,0.791553506404,4000.0,0.3
13,Zprime_4000GeV_015,0.812000763263,4000.0,0.15
14,Zprime_3000GeV_030,0.785910161771,3000.0,0.3
15,Zprime_1500GeV_045,0.757915243726,1500.0,0.45
16,Zprime_3000GeV_075,0.709465067031,3000.0,0.75
17,Zprime_1500GeV_060,0.738421028507,1500.0,0.6
18,Zprime_3000GeV_015,0.805982754212,3000.0,0.15
19,Zprime_3500GeV_015,0.807330596853,3500.0,0.15
20,Zprime_3500GeV_030,0.789017783291,3500.0,0.3
21,Zprime_2000GeV_030,0.796298774924,2000.0,0.3
22,Zprime_2000GeV_015,0.812544124931,2000.0,0.15
23,Zprime_3500GeV_075,0.705434120668,3500.0,0.75
24,Zprime_3500GeV_045,0.764475768098,3500.0,0.45
25,Zprime_2500GeV_030,0.789709436769,2500.0,0.3
26,Zprime_2000GeV_060,0.751500735223,2000.0,0.6
27,Zprime_4000GeV_060,0.734908506248,4000.0,0.6
28,Zprime_2500GeV_075,0.712767185488,2500.0,0.75
29,Zprime_4000GeV_045,0.766155888541,4000.0,0.45
