,name,auc,mass,nu
0,Zprime_1500GeV_075,0.65287463416,1500.0,0.75
1,Zprime_1500GeV_015,0.754221224574,1500.0,0.15
2,Zprime_3000GeV_060,0.737386535595,3000.0,0.6
3,Zprime_1500GeV_030,0.745370003808,1500.0,0.3
4,Zprime_3000GeV_045,0.778888310589,3000.0,0.45
5,Zprime_2000GeV_045,0.753098180142,2000.0,0.45
6,Zprime_2500GeV_015,0.820585760103,2500.0,0.15
7,Zprime_3500GeV_060,0.744426965687,3500.0,0.6
8,Zprime_2500GeV_045,0.765809871527,2500.0,0.45
9,Zprime_2000GeV_075,0.672563246404,2000.0,0.75
10,Zprime_2500GeV_060,0.726381207382,2500.0,0.6
11,Zprime_4000GeV_075,0.694072907937,4000.0,0.75
12,Zprime_4000GeV_030,0.831891458411,4000.0,0.3
13,Zprime_4000GeV_015,0.855092427185,4000.0,0.15
14,Zprime_3000GeV_030,0.80966558833,3000.0,0.3
15,Zprime_1500GeV_045,0.707383181301,1500.0,0.45
16,Zprime_3000GeV_075,0.687157471971,3000.0,0.75
17,Zprime_1500GeV_060,0.689192990468,1500.0,0.6
18,Zprime_3000GeV_015,0.83694425597,3000.0,0.15
19,Zprime_3500GeV_015,0.847283909502,3500.0,0.15
20,Zprime_3500GeV_030,0.824686228738,3500.0,0.3
21,Zprime_2000GeV_030,0.779988807146,2000.0,0.3
22,Zprime_2000GeV_015,0.804799266632,2000.0,0.15
23,Zprime_3500GeV_075,0.693354439709,3500.0,0.75
24,Zprime_3500GeV_045,0.789602717702,3500.0,0.45
25,Zprime_2500GeV_030,0.796527385745,2500.0,0.3
26,Zprime_2000GeV_060,0.714987261859,2000.0,0.6
27,Zprime_4000GeV_060,0.754238728008,4000.0,0.6
28,Zprime_2500GeV_075,0.674483244295,2500.0,0.75
29,Zprime_4000GeV_045,0.794998160053,4000.0,0.45
