,name,auc,mass,nu
0,Zprime_1500GeV_075,0.712300190304,1500.0,0.75
1,Zprime_1500GeV_015,0.804490080189,1500.0,0.15
2,Zprime_3000GeV_060,0.74099580173,3000.0,0.6
3,Zprime_1500GeV_030,0.786483827442,1500.0,0.3
4,Zprime_3000GeV_045,0.767916708556,3000.0,0.45
5,Zprime_2000GeV_045,0.783813294381,2000.0,0.45
6,Zprime_2500GeV_015,0.811774113463,2500.0,0.15
7,Zprime_3500GeV_060,0.735278566995,3500.0,0.6
8,Zprime_2500GeV_045,0.773796756224,2500.0,0.45
9,Zprime_2000GeV_075,0.727484586442,2000.0,0.75
10,Zprime_2500GeV_060,0.747169397384,2500.0,0.6
11,Zprime_4000GeV_075,0.698235410455,4000.0,0.75
12,Zprime_4000GeV_030,0.792694044114,4000.0,0.3
13,Zprime_4000GeV_015,0.810724595569,4000.0,0.15
14,Zprime_3000GeV_030,0.789328840314,3000.0,0.3
15,Zprime_1500GeV_045,0.765930261161,1500.0,0.45
16,Zprime_3000GeV_075,0.712314972617,3000.0,0.75
17,Zprime_1500GeV_060,0.744428403138,1500.0,0.6
18,Zprime_3000GeV_015,0.808423614589,3000.0,0.15
19,Zprime_3500GeV_015,0.807296831986,3500.0,0.15
20,Zprime_3500GeV_030,0.789830886062,3500.0,0.3
21,Zprime_2000GeV_030,0.803902552432,2000.0,0.3
22,Zprime_2000GeV_015,0.820107337015,2000.0,0.15
23,Zprime_3500GeV_075,0.704629397099,3500.0,0.75
24,Zprime_3500GeV_045,0.76480306317,3500.0,0.45
25,Zprime_2500GeV_030,0.79551038453,2500.0,0.3
26,Zprime_2000GeV_060,0.755030125966,2000.0,0.6
27,Zprime_4000GeV_060,0.734860456918,4000.0,0.6
28,Zprime_2500GeV_075,0.713441310305,2500.0,0.75
29,Zprime_4000GeV_045,0.764316844342,4000.0,0.45
