,name,auc,mass,nu
0,Zprime_1500GeV_075,0.793695050025,1500.0,0.75
1,Zprime_1500GeV_015,0.870529746207,1500.0,0.15
2,Zprime_3000GeV_060,0.800933814447,3000.0,0.6
3,Zprime_1500GeV_030,0.857448836734,1500.0,0.3
4,Zprime_3000GeV_045,0.830179727037,3000.0,0.45
5,Zprime_2000GeV_045,0.838330075077,2000.0,0.45
6,Zprime_2500GeV_015,0.870344497672,2500.0,0.15
7,Zprime_3500GeV_060,0.798368300308,3500.0,0.6
8,Zprime_2500GeV_045,0.832629321841,2500.0,0.45
9,Zprime_2000GeV_075,0.792627346811,2000.0,0.75
10,Zprime_2500GeV_060,0.806348895955,2500.0,0.6
11,Zprime_4000GeV_075,0.757576574905,4000.0,0.75
12,Zprime_4000GeV_030,0.853592225101,4000.0,0.3
13,Zprime_4000GeV_015,0.866779440724,4000.0,0.15
14,Zprime_3000GeV_030,0.850616848769,3000.0,0.3
15,Zprime_1500GeV_045,0.837064342621,1500.0,0.45
16,Zprime_3000GeV_075,0.770100642073,3000.0,0.75
17,Zprime_1500GeV_060,0.823269006404,1500.0,0.6
18,Zprime_3000GeV_015,0.868372942817,3000.0,0.15
19,Zprime_3500GeV_015,0.867138018316,3500.0,0.15
20,Zprime_3500GeV_030,0.853296633797,3500.0,0.3
21,Zprime_2000GeV_030,0.860146730189,2000.0,0.3
22,Zprime_2000GeV_015,0.872380174785,2000.0,0.15
23,Zprime_3500GeV_075,0.763037520341,3500.0,0.75
24,Zprime_3500GeV_045,0.826889234275,3500.0,0.45
25,Zprime_2500GeV_030,0.853414975648,2500.0,0.3
26,Zprime_2000GeV_060,0.815132495545,2000.0,0.6
27,Zprime_4000GeV_060,0.798742082874,4000.0,0.6
28,Zprime_2500GeV_075,0.777477717491,2500.0,0.75
29,Zprime_4000GeV_045,0.82731303069,4000.0,0.45
