,name,auc,mass,nu
0,Zprime_1500GeV_075,0.80883747267,1500.0,0.75
1,Zprime_1500GeV_015,0.880757642174,1500.0,0.15
2,Zprime_3000GeV_060,0.818565154655,3000.0,0.6
3,Zprime_1500GeV_030,0.870679473509,1500.0,0.3
4,Zprime_3000GeV_045,0.84886030616,3000.0,0.45
5,Zprime_2000GeV_045,0.854819068028,2000.0,0.45
6,Zprime_2500GeV_015,0.885754513626,2500.0,0.15
7,Zprime_3500GeV_060,0.816342013332,3500.0,0.6
8,Zprime_2500GeV_045,0.849763031454,2500.0,0.45
9,Zprime_2000GeV_075,0.806779721972,2000.0,0.75
10,Zprime_2500GeV_060,0.823942271022,2500.0,0.6
11,Zprime_4000GeV_075,0.77594683144,4000.0,0.75
12,Zprime_4000GeV_030,0.875747613563,4000.0,0.3
13,Zprime_4000GeV_015,0.889566945166,4000.0,0.15
14,Zprime_3000GeV_030,0.869888398214,3000.0,0.3
15,Zprime_1500GeV_045,0.853553780144,1500.0,0.45
16,Zprime_3000GeV_075,0.78900528731,3000.0,0.75
17,Zprime_1500GeV_060,0.836995913421,1500.0,0.6
18,Zprime_3000GeV_015,0.887774888,3000.0,0.15
19,Zprime_3500GeV_015,0.887582946976,3500.0,0.15
20,Zprime_3500GeV_030,0.872433157347,3500.0,0.3
21,Zprime_2000GeV_030,0.873612362363,2000.0,0.3
22,Zprime_2000GeV_015,0.886109083505,2000.0,0.15
23,Zprime_3500GeV_075,0.782173437119,3500.0,0.75
24,Zprime_3500GeV_045,0.847468867582,3500.0,0.45
25,Zprime_2500GeV_030,0.870361321493,2500.0,0.3
26,Zprime_2000GeV_060,0.831583738166,2000.0,0.6
27,Zprime_4000GeV_060,0.817021630245,4000.0,0.6
28,Zprime_2500GeV_075,0.795810710098,2500.0,0.75
29,Zprime_4000GeV_045,0.848412744035,4000.0,0.45
