,name,auc,mass,nu
0,Zprime_1500GeV_075,0.794306525654,1500.0,0.75
1,Zprime_1500GeV_015,0.866784590694,1500.0,0.15
2,Zprime_3000GeV_060,0.818517780821,3000.0,0.6
3,Zprime_1500GeV_030,0.852664477731,1500.0,0.3
4,Zprime_3000GeV_045,0.846324011335,3000.0,0.45
5,Zprime_2000GeV_045,0.851436781906,2000.0,0.45
6,Zprime_2500GeV_015,0.882492323073,2500.0,0.15
7,Zprime_3500GeV_060,0.8146845964,3500.0,0.6
8,Zprime_2500GeV_045,0.846981611384,2500.0,0.45
9,Zprime_2000GeV_075,0.799974142632,2000.0,0.75
10,Zprime_2500GeV_060,0.820231986162,2500.0,0.6
11,Zprime_4000GeV_075,0.774956904841,4000.0,0.75
12,Zprime_4000GeV_030,0.87699000932,4000.0,0.3
13,Zprime_4000GeV_015,0.891654865048,4000.0,0.15
14,Zprime_3000GeV_030,0.86806933304,3000.0,0.3
15,Zprime_1500GeV_045,0.832208845861,1500.0,0.45
16,Zprime_3000GeV_075,0.785417659147,3000.0,0.75
17,Zprime_1500GeV_060,0.81764678233,1500.0,0.6
18,Zprime_3000GeV_015,0.886902835812,3000.0,0.15
19,Zprime_3500GeV_015,0.888876023489,3500.0,0.15
20,Zprime_3500GeV_030,0.873286720362,3500.0,0.3
21,Zprime_2000GeV_030,0.8687996754,2000.0,0.3
22,Zprime_2000GeV_015,0.882601444583,2000.0,0.15
23,Zprime_3500GeV_075,0.781859866,3500.0,0.75
24,Zprime_3500GeV_045,0.846459106524,3500.0,0.45
25,Zprime_2500GeV_030,0.866182939538,2500.0,0.3
26,Zprime_2000GeV_060,0.825165163374,2000.0,0.6
27,Zprime_4000GeV_060,0.81698721838,4000.0,0.6
28,Zprime_2500GeV_075,0.790194362374,2500.0,0.75
29,Zprime_4000GeV_045,0.849385732498,4000.0,0.45
