,name,auc,mass,nu
0,Zprime_1500GeV_075,0.743336712768,1500.0,0.75
1,Zprime_1500GeV_015,0.833561784769,1500.0,0.15
2,Zprime_3000GeV_060,0.765601440381,3000.0,0.6
3,Zprime_1500GeV_030,0.821475451633,1500.0,0.3
4,Zprime_3000GeV_045,0.796425474689,3000.0,0.45
5,Zprime_2000GeV_045,0.802739870205,2000.0,0.45
6,Zprime_2500GeV_015,0.842625864085,2500.0,0.15
7,Zprime_3500GeV_060,0.763890746084,3500.0,0.6
8,Zprime_2500GeV_045,0.79966363143,2500.0,0.45
9,Zprime_2000GeV_075,0.748390285114,2000.0,0.75
10,Zprime_2500GeV_060,0.770121644197,2500.0,0.6
11,Zprime_4000GeV_075,0.724697027576,4000.0,0.75
12,Zprime_4000GeV_030,0.824336587738,4000.0,0.3
13,Zprime_4000GeV_015,0.842409631035,4000.0,0.15
14,Zprime_3000GeV_030,0.819429906366,3000.0,0.3
15,Zprime_1500GeV_045,0.795533853481,1500.0,0.45
16,Zprime_3000GeV_075,0.732847991122,3000.0,0.75
17,Zprime_1500GeV_060,0.776620124248,1500.0,0.6
18,Zprime_3000GeV_015,0.840532446793,3000.0,0.15
19,Zprime_3500GeV_015,0.839110675069,3500.0,0.15
20,Zprime_3500GeV_030,0.822067518645,3500.0,0.3
21,Zprime_2000GeV_030,0.827191581256,2000.0,0.3
22,Zprime_2000GeV_015,0.843032661059,2000.0,0.15
23,Zprime_3500GeV_075,0.727988271721,3500.0,0.75
24,Zprime_3500GeV_045,0.794125474319,3500.0,0.45
25,Zprime_2500GeV_030,0.82161316381,2500.0,0.3
26,Zprime_2000GeV_060,0.774970539461,2000.0,0.6
27,Zprime_4000GeV_060,0.765184410534,4000.0,0.6
28,Zprime_2500GeV_075,0.735667756735,2500.0,0.75
29,Zprime_4000GeV_045,0.796585145237,4000.0,0.45
