,name,auc,mass,nu
0,Zprime_1500GeV_075,0.747148127011,1500.0,0.75
1,Zprime_1500GeV_015,0.833726097856,1500.0,0.15
2,Zprime_3000GeV_060,0.796265298682,3000.0,0.6
3,Zprime_1500GeV_030,0.821665455047,1500.0,0.3
4,Zprime_3000GeV_045,0.830920753282,3000.0,0.45
5,Zprime_2000GeV_045,0.823297261808,2000.0,0.45
6,Zprime_2500GeV_015,0.871609739746,2500.0,0.15
7,Zprime_3500GeV_060,0.798036064204,3500.0,0.6
8,Zprime_2500GeV_045,0.826589247415,2500.0,0.45
9,Zprime_2000GeV_075,0.754840982665,2000.0,0.75
10,Zprime_2500GeV_060,0.790981888574,2500.0,0.6
11,Zprime_4000GeV_075,0.75176056051,4000.0,0.75
12,Zprime_4000GeV_030,0.871037823353,4000.0,0.3
13,Zprime_4000GeV_015,0.887129640374,4000.0,0.15
14,Zprime_3000GeV_030,0.856227949679,3000.0,0.3
15,Zprime_1500GeV_045,0.795841462522,1500.0,0.45
16,Zprime_3000GeV_075,0.753498849612,3000.0,0.75
17,Zprime_1500GeV_060,0.776728453001,1500.0,0.6
18,Zprime_3000GeV_015,0.878529204044,3000.0,0.15
19,Zprime_3500GeV_015,0.882966291361,3500.0,0.15
20,Zprime_3500GeV_030,0.864970577977,3500.0,0.3
21,Zprime_2000GeV_030,0.845645504258,2000.0,0.3
22,Zprime_2000GeV_015,0.864503495734,2000.0,0.15
23,Zprime_3500GeV_075,0.754727897672,3500.0,0.75
24,Zprime_3500GeV_045,0.83614336763,3500.0,0.45
25,Zprime_2500GeV_030,0.851255714153,2500.0,0.3
26,Zprime_2000GeV_060,0.790383969106,2000.0,0.6
27,Zprime_4000GeV_060,0.802719267682,4000.0,0.6
28,Zprime_2500GeV_075,0.748947427684,2500.0,0.75
29,Zprime_4000GeV_045,0.838101001359,4000.0,0.45
