,name,auc,mass,nu
0,Zprime_1500GeV_075,0.735026959435,1500.0,0.75
1,Zprime_1500GeV_015,0.832072196957,1500.0,0.15
2,Zprime_3000GeV_060,0.762488813753,3000.0,0.6
3,Zprime_1500GeV_030,0.815617115132,1500.0,0.3
4,Zprime_3000GeV_045,0.79502458756,3000.0,0.45
5,Zprime_2000GeV_045,0.797714928607,2000.0,0.45
6,Zprime_2500GeV_015,0.838669692961,2500.0,0.15
7,Zprime_3500GeV_060,0.762867414945,3500.0,0.6
8,Zprime_2500GeV_045,0.79518524035,2500.0,0.45
9,Zprime_2000GeV_075,0.739709238305,2000.0,0.75
10,Zprime_2500GeV_060,0.765561638746,2500.0,0.6
11,Zprime_4000GeV_075,0.721784987678,4000.0,0.75
12,Zprime_4000GeV_030,0.82480259058,4000.0,0.3
13,Zprime_4000GeV_015,0.843668282548,4000.0,0.15
14,Zprime_3000GeV_030,0.817180106199,3000.0,0.3
15,Zprime_1500GeV_045,0.789899605721,1500.0,0.45
16,Zprime_3000GeV_075,0.727316997142,3000.0,0.75
17,Zprime_1500GeV_060,0.770737282472,1500.0,0.6
18,Zprime_3000GeV_015,0.83866717124,3000.0,0.15
19,Zprime_3500GeV_015,0.83765256647,3500.0,0.15
20,Zprime_3500GeV_030,0.82217847388,3500.0,0.3
21,Zprime_2000GeV_030,0.823209979372,2000.0,0.3
22,Zprime_2000GeV_015,0.840476954536,2000.0,0.15
23,Zprime_3500GeV_075,0.724822073593,3500.0,0.75
24,Zprime_3500GeV_045,0.792320422889,3500.0,0.45
25,Zprime_2500GeV_030,0.819636187519,2500.0,0.3
26,Zprime_2000GeV_060,0.768438024886,2000.0,0.6
27,Zprime_4000GeV_060,0.765742920076,4000.0,0.6
28,Zprime_2500GeV_075,0.728208743523,2500.0,0.75
29,Zprime_4000GeV_045,0.795629752258,4000.0,0.45
