,name,auc,mass,nu
0,Zprime_1500GeV_075,0.79812681283,1500.0,0.75
1,Zprime_1500GeV_015,0.870267303782,1500.0,0.15
2,Zprime_3000GeV_060,0.817666222637,3000.0,0.6
3,Zprime_1500GeV_030,0.857030405003,1500.0,0.3
4,Zprime_3000GeV_045,0.844379611747,3000.0,0.45
5,Zprime_2000GeV_045,0.848489945791,2000.0,0.45
6,Zprime_2500GeV_015,0.876650128006,2500.0,0.15
7,Zprime_3500GeV_060,0.815293314778,3500.0,0.6
8,Zprime_2500GeV_045,0.844152614591,2500.0,0.45
9,Zprime_2000GeV_075,0.799427753507,2000.0,0.75
10,Zprime_2500GeV_060,0.820219515536,2500.0,0.6
11,Zprime_4000GeV_075,0.779990521683,4000.0,0.75
12,Zprime_4000GeV_030,0.874324444386,4000.0,0.3
13,Zprime_4000GeV_015,0.887556966809,4000.0,0.15
14,Zprime_3000GeV_030,0.864069412637,3000.0,0.3
15,Zprime_1500GeV_045,0.835319828986,1500.0,0.45
16,Zprime_3000GeV_075,0.786399266085,3000.0,0.75
17,Zprime_1500GeV_060,0.817170636221,1500.0,0.6
18,Zprime_3000GeV_015,0.882378109145,3000.0,0.15
19,Zprime_3500GeV_015,0.885970178825,3500.0,0.15
20,Zprime_3500GeV_030,0.870611817453,3500.0,0.3
21,Zprime_2000GeV_030,0.86736687198,2000.0,0.3
22,Zprime_2000GeV_015,0.879141445779,2000.0,0.15
23,Zprime_3500GeV_075,0.78339867635,3500.0,0.75
24,Zprime_3500GeV_045,0.845439679332,3500.0,0.45
25,Zprime_2500GeV_030,0.861639317813,2500.0,0.3
26,Zprime_2000GeV_060,0.823052763121,2000.0,0.6
27,Zprime_4000GeV_060,0.817750238501,4000.0,0.6
28,Zprime_2500GeV_075,0.791331305203,2500.0,0.75
29,Zprime_4000GeV_045,0.847584542349,4000.0,0.45
