,name,auc,mass,nu
0,Zprime_1500GeV_075,0.707213672913,1500.0,0.75
1,Zprime_1500GeV_015,0.804400868393,1500.0,0.15
2,Zprime_3000GeV_060,0.735575468808,3000.0,0.6
3,Zprime_1500GeV_030,0.786512137376,1500.0,0.3
4,Zprime_3000GeV_045,0.769520057796,3000.0,0.45
5,Zprime_2000GeV_045,0.764606332045,2000.0,0.45
6,Zprime_2500GeV_015,0.812881262367,2500.0,0.15
7,Zprime_3500GeV_060,0.740299482106,3500.0,0.6
8,Zprime_2500GeV_045,0.764983741381,2500.0,0.45
9,Zprime_2000GeV_075,0.709045964197,2000.0,0.75
10,Zprime_2500GeV_060,0.73600116161,2500.0,0.6
11,Zprime_4000GeV_075,0.700400713522,4000.0,0.75
12,Zprime_4000GeV_030,0.810961155729,4000.0,0.3
13,Zprime_4000GeV_015,0.833316963071,4000.0,0.15
14,Zprime_3000GeV_030,0.796063315312,3000.0,0.3
15,Zprime_1500GeV_045,0.759566534624,1500.0,0.45
16,Zprime_3000GeV_075,0.699632096303,3000.0,0.75
17,Zprime_1500GeV_060,0.738845881576,1500.0,0.6
18,Zprime_3000GeV_015,0.821965830408,3000.0,0.15
19,Zprime_3500GeV_015,0.824498139542,3500.0,0.15
20,Zprime_3500GeV_030,0.80511700776,3500.0,0.3
21,Zprime_2000GeV_030,0.787840760297,2000.0,0.3
22,Zprime_2000GeV_015,0.805052899755,2000.0,0.15
23,Zprime_3500GeV_075,0.700535776482,3500.0,0.75
24,Zprime_3500GeV_045,0.772742478927,3500.0,0.45
25,Zprime_2500GeV_030,0.791511714867,2500.0,0.3
26,Zprime_2000GeV_060,0.735892373418,2000.0,0.6
27,Zprime_4000GeV_060,0.745584837447,4000.0,0.6
28,Zprime_2500GeV_075,0.697626595582,2500.0,0.75
29,Zprime_4000GeV_045,0.778231372095,4000.0,0.45
