,name,auc,mass,nu
0,Zprime_1500GeV_075,0.779731073013,1500.0,0.75
1,Zprime_1500GeV_015,0.854565236061,1500.0,0.15
2,Zprime_3000GeV_060,0.8047783122,3000.0,0.6
3,Zprime_1500GeV_030,0.83996719289,1500.0,0.3
4,Zprime_3000GeV_045,0.833471584533,3000.0,0.45
5,Zprime_2000GeV_045,0.836200755009,2000.0,0.45
6,Zprime_2500GeV_015,0.868785752869,2500.0,0.15
7,Zprime_3500GeV_060,0.804441555952,3500.0,0.6
8,Zprime_2500GeV_045,0.83112740629,2500.0,0.45
9,Zprime_2000GeV_075,0.783778580633,2000.0,0.75
10,Zprime_2500GeV_060,0.803346276993,2500.0,0.6
11,Zprime_4000GeV_075,0.766305401033,4000.0,0.75
12,Zprime_4000GeV_030,0.867445764562,4000.0,0.3
13,Zprime_4000GeV_015,0.882569663994,4000.0,0.15
14,Zprime_3000GeV_030,0.855008520218,3000.0,0.3
15,Zprime_1500GeV_045,0.816340541811,1500.0,0.45
16,Zprime_3000GeV_075,0.771366700146,3000.0,0.75
17,Zprime_1500GeV_060,0.801508945258,1500.0,0.6
18,Zprime_3000GeV_015,0.873987818627,3000.0,0.15
19,Zprime_3500GeV_015,0.879366929345,3500.0,0.15
20,Zprime_3500GeV_030,0.86270568928,3500.0,0.3
21,Zprime_2000GeV_030,0.854202922239,2000.0,0.3
22,Zprime_2000GeV_015,0.869304807495,2000.0,0.15
23,Zprime_3500GeV_075,0.770110324207,3500.0,0.75
24,Zprime_3500GeV_045,0.836981644583,3500.0,0.45
25,Zprime_2500GeV_030,0.851211811926,2500.0,0.3
26,Zprime_2000GeV_060,0.809287250629,2000.0,0.6
27,Zprime_4000GeV_060,0.808465578517,4000.0,0.6
28,Zprime_2500GeV_075,0.772536673205,2500.0,0.75
29,Zprime_4000GeV_045,0.840475263094,4000.0,0.45
