,name,auc,mass,nu
0,Zprime_1500GeV_075,0.806706303568,1500.0,0.75
1,Zprime_1500GeV_015,0.875595461073,1500.0,0.15
2,Zprime_3000GeV_060,0.821912420161,3000.0,0.6
3,Zprime_1500GeV_030,0.864365584096,1500.0,0.3
4,Zprime_3000GeV_045,0.845753109438,3000.0,0.45
5,Zprime_2000GeV_045,0.855804554705,2000.0,0.45
6,Zprime_2500GeV_015,0.878441430026,2500.0,0.15
7,Zprime_3500GeV_060,0.818953613503,3500.0,0.6
8,Zprime_2500GeV_045,0.847962392333,2500.0,0.45
9,Zprime_2000GeV_075,0.808162652714,2000.0,0.75
10,Zprime_2500GeV_060,0.825723789935,2500.0,0.6
11,Zprime_4000GeV_075,0.787535409963,4000.0,0.75
12,Zprime_4000GeV_030,0.87152264537,4000.0,0.3
13,Zprime_4000GeV_015,0.88348029871,4000.0,0.15
14,Zprime_3000GeV_030,0.863600104631,3000.0,0.3
15,Zprime_1500GeV_045,0.842850814612,1500.0,0.45
16,Zprime_3000GeV_075,0.791989720905,3000.0,0.75
17,Zprime_1500GeV_060,0.82797270739,1500.0,0.6
18,Zprime_3000GeV_015,0.880072853965,3000.0,0.15
19,Zprime_3500GeV_015,0.882068041099,3500.0,0.15
20,Zprime_3500GeV_030,0.868231644854,3500.0,0.3
21,Zprime_2000GeV_030,0.873625237901,2000.0,0.3
22,Zprime_2000GeV_015,0.884986860402,2000.0,0.15
23,Zprime_3500GeV_075,0.790843543085,3500.0,0.75
24,Zprime_3500GeV_045,0.846702465328,3500.0,0.45
25,Zprime_2500GeV_030,0.864672012242,2500.0,0.3
26,Zprime_2000GeV_060,0.830295231625,2000.0,0.6
27,Zprime_4000GeV_060,0.821764305492,4000.0,0.6
28,Zprime_2500GeV_075,0.797302515861,2500.0,0.75
29,Zprime_4000GeV_045,0.848152090557,4000.0,0.45
