,name,auc,mass,nu
0,Zprime_1500GeV_075,0.789894207311,1500.0,0.75
1,Zprime_1500GeV_015,0.864246706872,1500.0,0.15
2,Zprime_3000GeV_060,0.799031876933,3000.0,0.6
3,Zprime_1500GeV_030,0.853747355924,1500.0,0.3
4,Zprime_3000GeV_045,0.828944764426,3000.0,0.45
5,Zprime_2000GeV_045,0.83526463812,2000.0,0.45
6,Zprime_2500GeV_015,0.868024029408,2500.0,0.15
7,Zprime_3500GeV_060,0.796867494582,3500.0,0.6
8,Zprime_2500GeV_045,0.830552008472,2500.0,0.45
9,Zprime_2000GeV_075,0.787396225176,2000.0,0.75
10,Zprime_2500GeV_060,0.803965001027,2500.0,0.6
11,Zprime_4000GeV_075,0.756705450848,4000.0,0.75
12,Zprime_4000GeV_030,0.856777826801,4000.0,0.3
13,Zprime_4000GeV_015,0.870153791796,4000.0,0.15
14,Zprime_3000GeV_030,0.850608930396,3000.0,0.3
15,Zprime_1500GeV_045,0.834359156908,1500.0,0.45
16,Zprime_3000GeV_075,0.767020426573,3000.0,0.75
17,Zprime_1500GeV_060,0.818875107437,1500.0,0.6
18,Zprime_3000GeV_015,0.868898995654,3000.0,0.15
19,Zprime_3500GeV_015,0.868903243016,3500.0,0.15
20,Zprime_3500GeV_030,0.854136041163,3500.0,0.3
21,Zprime_2000GeV_030,0.855322024138,2000.0,0.3
22,Zprime_2000GeV_015,0.867938769473,2000.0,0.15
23,Zprime_3500GeV_075,0.760163494286,3500.0,0.75
24,Zprime_3500GeV_045,0.826822744558,3500.0,0.45
25,Zprime_2500GeV_030,0.851523255295,2500.0,0.3
26,Zprime_2000GeV_060,0.811926913746,2000.0,0.6
27,Zprime_4000GeV_060,0.798363563272,4000.0,0.6
28,Zprime_2500GeV_075,0.774216366925,2500.0,0.75
29,Zprime_4000GeV_045,0.827938399478,4000.0,0.45
