,name,auc,mass,nu
0,Zprime_1500GeV_075,0.786821901357,1500.0,0.75
1,Zprime_1500GeV_015,0.857489338364,1500.0,0.15
2,Zprime_3000GeV_060,0.813190400977,3000.0,0.6
3,Zprime_1500GeV_030,0.843532092546,1500.0,0.3
4,Zprime_3000GeV_045,0.837607153048,3000.0,0.45
5,Zprime_2000GeV_045,0.8402598911,2000.0,0.45
6,Zprime_2500GeV_015,0.868158803268,2500.0,0.15
7,Zprime_3500GeV_060,0.810202169616,3500.0,0.6
8,Zprime_2500GeV_045,0.837223106248,2500.0,0.45
9,Zprime_2000GeV_075,0.792830561581,2000.0,0.75
10,Zprime_2500GeV_060,0.814046285501,2500.0,0.6
11,Zprime_4000GeV_075,0.776854462705,4000.0,0.75
12,Zprime_4000GeV_030,0.867109799883,4000.0,0.3
13,Zprime_4000GeV_015,0.877288883296,4000.0,0.15
14,Zprime_3000GeV_030,0.856877963785,3000.0,0.3
15,Zprime_1500GeV_045,0.822668986847,1500.0,0.45
16,Zprime_3000GeV_075,0.782127959389,3000.0,0.75
17,Zprime_1500GeV_060,0.805447735626,1500.0,0.6
18,Zprime_3000GeV_015,0.874020744738,3000.0,0.15
19,Zprime_3500GeV_015,0.877025824418,3500.0,0.15
20,Zprime_3500GeV_030,0.862901067665,3500.0,0.3
21,Zprime_2000GeV_030,0.858267964661,2000.0,0.3
22,Zprime_2000GeV_015,0.870300869271,2000.0,0.15
23,Zprime_3500GeV_075,0.780600328786,3500.0,0.75
24,Zprime_3500GeV_045,0.839846733843,3500.0,0.45
25,Zprime_2500GeV_030,0.85444450849,2500.0,0.3
26,Zprime_2000GeV_060,0.814966243232,2000.0,0.6
27,Zprime_4000GeV_060,0.812973191828,4000.0,0.6
28,Zprime_2500GeV_075,0.785164150189,2500.0,0.75
29,Zprime_4000GeV_045,0.842135424115,4000.0,0.45
