,name,auc,mass,nu
0,Zprime_1500GeV_075,0.786845762046,1500.0,0.75
1,Zprime_1500GeV_015,0.864105216172,1500.0,0.15
2,Zprime_3000GeV_060,0.797022484778,3000.0,0.6
3,Zprime_1500GeV_030,0.854204499598,1500.0,0.3
4,Zprime_3000GeV_045,0.824633703317,3000.0,0.45
5,Zprime_2000GeV_045,0.837435608922,2000.0,0.45
6,Zprime_2500GeV_015,0.864411992414,2500.0,0.15
7,Zprime_3500GeV_060,0.793932525392,3500.0,0.6
8,Zprime_2500GeV_045,0.829409032641,2500.0,0.45
9,Zprime_2000GeV_075,0.787703581725,2000.0,0.75
10,Zprime_2500GeV_060,0.804558698524,2500.0,0.6
11,Zprime_4000GeV_075,0.754649050594,4000.0,0.75
12,Zprime_4000GeV_030,0.848872387674,4000.0,0.3
13,Zprime_4000GeV_015,0.861639451105,4000.0,0.15
14,Zprime_3000GeV_030,0.843902300461,3000.0,0.3
15,Zprime_1500GeV_045,0.832251184354,1500.0,0.45
16,Zprime_3000GeV_075,0.766822413202,3000.0,0.75
17,Zprime_1500GeV_060,0.81703677049,1500.0,0.6
18,Zprime_3000GeV_015,0.861158219188,3000.0,0.15
19,Zprime_3500GeV_015,0.858624895527,3500.0,0.15
20,Zprime_3500GeV_030,0.8464052765,3500.0,0.3
21,Zprime_2000GeV_030,0.8572299978,2000.0,0.3
22,Zprime_2000GeV_015,0.869887541896,2000.0,0.15
23,Zprime_3500GeV_075,0.761011674045,3500.0,0.75
24,Zprime_3500GeV_045,0.821837153676,3500.0,0.45
25,Zprime_2500GeV_030,0.849071219339,2500.0,0.3
26,Zprime_2000GeV_060,0.813080014662,2000.0,0.6
27,Zprime_4000GeV_060,0.794872480683,4000.0,0.6
28,Zprime_2500GeV_075,0.772953020118,2500.0,0.75
29,Zprime_4000GeV_045,0.822273145298,4000.0,0.45
