,name,auc,mass,nu
0,Zprime_1500GeV_075,0.797401785764,1500.0,0.75
1,Zprime_1500GeV_015,0.86667344934,1500.0,0.15
2,Zprime_3000GeV_060,0.815967190242,3000.0,0.6
3,Zprime_1500GeV_030,0.854368527175,1500.0,0.3
4,Zprime_3000GeV_045,0.842145578249,3000.0,0.45
5,Zprime_2000GeV_045,0.847305037706,2000.0,0.45
6,Zprime_2500GeV_015,0.877603389226,2500.0,0.15
7,Zprime_3500GeV_060,0.811451689823,3500.0,0.6
8,Zprime_2500GeV_045,0.84375873508,2500.0,0.45
9,Zprime_2000GeV_075,0.800185560198,2000.0,0.75
10,Zprime_2500GeV_060,0.818970694692,2500.0,0.6
11,Zprime_4000GeV_075,0.774128975517,4000.0,0.75
12,Zprime_4000GeV_030,0.870994491304,4000.0,0.3
13,Zprime_4000GeV_015,0.88498220416,4000.0,0.15
14,Zprime_3000GeV_030,0.863180005599,3000.0,0.3
15,Zprime_1500GeV_045,0.836193703539,1500.0,0.45
16,Zprime_3000GeV_075,0.784914702154,3000.0,0.75
17,Zprime_1500GeV_060,0.818804936412,1500.0,0.6
18,Zprime_3000GeV_015,0.88193147887,3000.0,0.15
19,Zprime_3500GeV_015,0.883524494276,3500.0,0.15
20,Zprime_3500GeV_030,0.867376389441,3500.0,0.3
21,Zprime_2000GeV_030,0.86554272139,2000.0,0.3
22,Zprime_2000GeV_015,0.877868357533,2000.0,0.15
23,Zprime_3500GeV_075,0.780283116117,3500.0,0.75
24,Zprime_3500GeV_045,0.842124046646,3500.0,0.45
25,Zprime_2500GeV_030,0.862147373284,2500.0,0.3
26,Zprime_2000GeV_060,0.823917132586,2000.0,0.6
27,Zprime_4000GeV_060,0.812463911513,4000.0,0.6
28,Zprime_2500GeV_075,0.79037866204,2500.0,0.75
29,Zprime_4000GeV_045,0.843060229464,4000.0,0.45
