,name,auc,mass,nu
0,Zprime_1500GeV_075,0.740523024203,1500.0,0.75
1,Zprime_1500GeV_015,0.815755403846,1500.0,0.15
2,Zprime_3000GeV_060,0.754353267013,3000.0,0.6
3,Zprime_1500GeV_030,0.798902642625,1500.0,0.3
4,Zprime_3000GeV_045,0.773583769905,3000.0,0.45
5,Zprime_2000GeV_045,0.790284053378,2000.0,0.45
6,Zprime_2500GeV_015,0.810583401804,2500.0,0.15
7,Zprime_3500GeV_060,0.747662096023,3500.0,0.6
8,Zprime_2500GeV_045,0.779685338112,2500.0,0.45
9,Zprime_2000GeV_075,0.745785804738,2000.0,0.75
10,Zprime_2500GeV_060,0.759589325324,2500.0,0.6
11,Zprime_4000GeV_075,0.71900713758,4000.0,0.75
12,Zprime_4000GeV_030,0.792411898808,4000.0,0.3
13,Zprime_4000GeV_015,0.806848666472,4000.0,0.15
14,Zprime_3000GeV_030,0.7908687115,3000.0,0.3
15,Zprime_1500GeV_045,0.777043579812,1500.0,0.45
16,Zprime_3000GeV_075,0.731971765604,3000.0,0.75
17,Zprime_1500GeV_060,0.765189693782,1500.0,0.6
18,Zprime_3000GeV_015,0.805173207287,3000.0,0.15
19,Zprime_3500GeV_015,0.803104023585,3500.0,0.15
20,Zprime_3500GeV_030,0.790660055054,3500.0,0.3
21,Zprime_2000GeV_030,0.80610623893,2000.0,0.3
22,Zprime_2000GeV_015,0.81778656904,2000.0,0.15
23,Zprime_3500GeV_075,0.725831990316,3500.0,0.75
24,Zprime_3500GeV_045,0.770755894651,3500.0,0.45
25,Zprime_2500GeV_030,0.797001391244,2500.0,0.3
26,Zprime_2000GeV_060,0.767133093893,2000.0,0.6
27,Zprime_4000GeV_060,0.747300602958,4000.0,0.6
28,Zprime_2500GeV_075,0.734287630762,2500.0,0.75
29,Zprime_4000GeV_045,0.770502422549,4000.0,0.45
