,name,auc,mass,nu
0,Zprime_1500GeV_075,0.793102461569,1500.0,0.75
1,Zprime_1500GeV_015,0.870244436127,1500.0,0.15
2,Zprime_3000GeV_060,0.804444048974,3000.0,0.6
3,Zprime_1500GeV_030,0.860154461449,1500.0,0.3
4,Zprime_3000GeV_045,0.834879045244,3000.0,0.45
5,Zprime_2000GeV_045,0.842854999873,2000.0,0.45
6,Zprime_2500GeV_015,0.875806733121,2500.0,0.15
7,Zprime_3500GeV_060,0.802335212997,3500.0,0.6
8,Zprime_2500GeV_045,0.837377142205,2500.0,0.45
9,Zprime_2000GeV_075,0.792911689959,2000.0,0.75
10,Zprime_2500GeV_060,0.811709586937,2500.0,0.6
11,Zprime_4000GeV_075,0.761157938011,4000.0,0.75
12,Zprime_4000GeV_030,0.857593949919,4000.0,0.3
13,Zprime_4000GeV_015,0.871160191205,4000.0,0.15
14,Zprime_3000GeV_030,0.855430033709,3000.0,0.3
15,Zprime_1500GeV_045,0.838690710099,1500.0,0.45
16,Zprime_3000GeV_075,0.773891994185,3000.0,0.75
17,Zprime_1500GeV_060,0.82378441891,1500.0,0.6
18,Zprime_3000GeV_015,0.873660595733,3000.0,0.15
19,Zprime_3500GeV_015,0.869861833768,3500.0,0.15
20,Zprime_3500GeV_030,0.857332128784,3500.0,0.3
21,Zprime_2000GeV_030,0.863563551724,2000.0,0.3
22,Zprime_2000GeV_015,0.876828158833,2000.0,0.15
23,Zprime_3500GeV_075,0.767248698681,3500.0,0.75
24,Zprime_3500GeV_045,0.830677852266,3500.0,0.45
25,Zprime_2500GeV_030,0.858760191809,2500.0,0.3
26,Zprime_2000GeV_060,0.81872801634,2000.0,0.6
27,Zprime_4000GeV_060,0.802265139588,4000.0,0.6
28,Zprime_2500GeV_075,0.780305023261,2500.0,0.75
29,Zprime_4000GeV_045,0.831215868584,4000.0,0.45
