,name,auc,mass,nu
0,Zprime_1500GeV_075,0.817051246316,1500.0,0.75
1,Zprime_1500GeV_015,0.882625850341,1500.0,0.15
2,Zprime_3000GeV_060,0.818425085756,3000.0,0.6
3,Zprime_1500GeV_030,0.873681376107,1500.0,0.3
4,Zprime_3000GeV_045,0.846746603629,3000.0,0.45
5,Zprime_2000GeV_045,0.855435587859,2000.0,0.45
6,Zprime_2500GeV_015,0.883310730221,2500.0,0.15
7,Zprime_3500GeV_060,0.815599160525,3500.0,0.6
8,Zprime_2500GeV_045,0.849096968507,2500.0,0.45
9,Zprime_2000GeV_075,0.811692802761,2000.0,0.75
10,Zprime_2500GeV_060,0.825430301548,2500.0,0.6
11,Zprime_4000GeV_075,0.778862356385,4000.0,0.75
12,Zprime_4000GeV_030,0.870678856067,4000.0,0.3
13,Zprime_4000GeV_015,0.886216330974,4000.0,0.15
14,Zprime_3000GeV_030,0.865884291193,3000.0,0.3
15,Zprime_1500GeV_045,0.857969009717,1500.0,0.45
16,Zprime_3000GeV_075,0.790344537509,3000.0,0.75
17,Zprime_1500GeV_060,0.842526024772,1500.0,0.6
18,Zprime_3000GeV_015,0.883059614926,3000.0,0.15
19,Zprime_3500GeV_015,0.88364224607,3500.0,0.15
20,Zprime_3500GeV_030,0.868607258104,3500.0,0.3
21,Zprime_2000GeV_030,0.872979734472,2000.0,0.3
22,Zprime_2000GeV_015,0.885145166164,2000.0,0.15
23,Zprime_3500GeV_075,0.784279761538,3500.0,0.75
24,Zprime_3500GeV_045,0.844429142824,3500.0,0.45
25,Zprime_2500GeV_030,0.867551441658,2500.0,0.3
26,Zprime_2000GeV_060,0.834973609452,2000.0,0.6
27,Zprime_4000GeV_060,0.815799176314,4000.0,0.6
28,Zprime_2500GeV_075,0.79959801356,2500.0,0.75
29,Zprime_4000GeV_045,0.845980706739,4000.0,0.45
