,name,auc,mass,nu
0,Zprime_1500GeV_075,0.784928741937,1500.0,0.75
1,Zprime_1500GeV_015,0.85164885293,1500.0,0.15
2,Zprime_3000GeV_060,0.795100980171,3000.0,0.6
3,Zprime_1500GeV_030,0.837414394203,1500.0,0.3
4,Zprime_3000GeV_045,0.816652748131,3000.0,0.45
5,Zprime_2000GeV_045,0.831868829298,2000.0,0.45
6,Zprime_2500GeV_015,0.852111167086,2500.0,0.15
7,Zprime_3500GeV_060,0.789953141949,3500.0,0.6
8,Zprime_2500GeV_045,0.82077045405,2500.0,0.45
9,Zprime_2000GeV_075,0.788942616984,2000.0,0.75
10,Zprime_2500GeV_060,0.798761587232,2500.0,0.6
11,Zprime_4000GeV_075,0.761536596713,4000.0,0.75
12,Zprime_4000GeV_030,0.845268203429,4000.0,0.3
13,Zprime_4000GeV_015,0.859127520308,4000.0,0.15
14,Zprime_3000GeV_030,0.835615580142,3000.0,0.3
15,Zprime_1500GeV_045,0.819284529922,1500.0,0.45
16,Zprime_3000GeV_075,0.770292587579,3000.0,0.75
17,Zprime_1500GeV_060,0.806179316118,1500.0,0.6
18,Zprime_3000GeV_015,0.853294712111,3000.0,0.15
19,Zprime_3500GeV_015,0.855996708453,3500.0,0.15
20,Zprime_3500GeV_030,0.840407726561,3500.0,0.3
21,Zprime_2000GeV_030,0.847547729122,2000.0,0.3
22,Zprime_2000GeV_015,0.859869839753,2000.0,0.15
23,Zprime_3500GeV_075,0.766677621272,3500.0,0.75
24,Zprime_3500GeV_045,0.81717357901,3500.0,0.45
25,Zprime_2500GeV_030,0.83774309227,2500.0,0.3
26,Zprime_2000GeV_060,0.808297517475,2000.0,0.6
27,Zprime_4000GeV_060,0.791994361587,4000.0,0.6
28,Zprime_2500GeV_075,0.776242993343,2500.0,0.75
29,Zprime_4000GeV_045,0.819731629585,4000.0,0.45
