,name,auc,mass,nu
0,Zprime_1500GeV_075,0.781758917258,1500.0,0.75
1,Zprime_1500GeV_015,0.857958521149,1500.0,0.15
2,Zprime_3000GeV_060,0.79214206488,3000.0,0.6
3,Zprime_1500GeV_030,0.846178201302,1500.0,0.3
4,Zprime_3000GeV_045,0.822822669722,3000.0,0.45
5,Zprime_2000GeV_045,0.827934170702,2000.0,0.45
6,Zprime_2500GeV_015,0.861846925852,2500.0,0.15
7,Zprime_3500GeV_060,0.791955727716,3500.0,0.6
8,Zprime_2500GeV_045,0.823460521822,2500.0,0.45
9,Zprime_2000GeV_075,0.779165823105,2000.0,0.75
10,Zprime_2500GeV_060,0.795998032993,2500.0,0.6
11,Zprime_4000GeV_075,0.750750309075,4000.0,0.75
12,Zprime_4000GeV_030,0.85254454195,4000.0,0.3
13,Zprime_4000GeV_015,0.867872097774,4000.0,0.15
14,Zprime_3000GeV_030,0.844580487023,3000.0,0.3
15,Zprime_1500GeV_045,0.826230909403,1500.0,0.45
16,Zprime_3000GeV_075,0.760851028066,3000.0,0.75
17,Zprime_1500GeV_060,0.80966191129,1500.0,0.6
18,Zprime_3000GeV_015,0.862851600529,3000.0,0.15
19,Zprime_3500GeV_015,0.864024413386,3500.0,0.15
20,Zprime_3500GeV_030,0.848774242527,3500.0,0.3
21,Zprime_2000GeV_030,0.848609495241,2000.0,0.3
22,Zprime_2000GeV_015,0.86143414914,2000.0,0.15
23,Zprime_3500GeV_075,0.754538904068,3500.0,0.75
24,Zprime_3500GeV_045,0.82285631337,3500.0,0.45
25,Zprime_2500GeV_030,0.844822345064,2500.0,0.3
26,Zprime_2000GeV_060,0.803975521258,2000.0,0.6
27,Zprime_4000GeV_060,0.794598722201,4000.0,0.6
28,Zprime_2500GeV_075,0.764205684926,2500.0,0.75
29,Zprime_4000GeV_045,0.82447547282,4000.0,0.45
