,name,auc,mass,nu
0,Zprime_1500GeV_075,0.724545516739,1500.0,0.75
1,Zprime_1500GeV_015,0.816555166283,1500.0,0.15
2,Zprime_3000GeV_060,0.752178307627,3000.0,0.6
3,Zprime_1500GeV_030,0.803074698055,1500.0,0.3
4,Zprime_3000GeV_045,0.783482576424,3000.0,0.45
5,Zprime_2000GeV_045,0.784804239397,2000.0,0.45
6,Zprime_2500GeV_015,0.822411655541,2500.0,0.15
7,Zprime_3500GeV_060,0.755671831885,3500.0,0.6
8,Zprime_2500GeV_045,0.781583815487,2500.0,0.45
9,Zprime_2000GeV_075,0.728737688595,2000.0,0.75
10,Zprime_2500GeV_060,0.753760918508,2500.0,0.6
11,Zprime_4000GeV_075,0.718181020986,4000.0,0.75
12,Zprime_4000GeV_030,0.819749758605,4000.0,0.3
13,Zprime_4000GeV_015,0.840440540819,4000.0,0.15
14,Zprime_3000GeV_030,0.805910257294,3000.0,0.3
15,Zprime_1500GeV_045,0.777568606515,1500.0,0.45
16,Zprime_3000GeV_075,0.720267158628,3000.0,0.75
17,Zprime_1500GeV_060,0.758421275349,1500.0,0.6
18,Zprime_3000GeV_015,0.82764503341,3000.0,0.15
19,Zprime_3500GeV_015,0.83207620314,3500.0,0.15
20,Zprime_3500GeV_030,0.814123078605,3500.0,0.3
21,Zprime_2000GeV_030,0.807166699845,2000.0,0.3
22,Zprime_2000GeV_015,0.823057886492,2000.0,0.15
23,Zprime_3500GeV_075,0.718015236783,3500.0,0.75
24,Zprime_3500GeV_045,0.786039502411,3500.0,0.45
25,Zprime_2500GeV_030,0.804264171015,2500.0,0.3
26,Zprime_2000GeV_060,0.757469978677,2000.0,0.6
27,Zprime_4000GeV_060,0.759807006423,4000.0,0.6
28,Zprime_2500GeV_075,0.717304731458,2500.0,0.75
29,Zprime_4000GeV_045,0.790242446149,4000.0,0.45
