,name,auc,mass,nu
0,Zprime_1500GeV_075,0.775222921955,1500.0,0.75
1,Zprime_1500GeV_015,0.851525701008,1500.0,0.15
2,Zprime_3000GeV_060,0.790052122286,3000.0,0.6
3,Zprime_1500GeV_030,0.840064118881,1500.0,0.3
4,Zprime_3000GeV_045,0.822722922562,3000.0,0.45
5,Zprime_2000GeV_045,0.822053484302,2000.0,0.45
6,Zprime_2500GeV_015,0.862134138971,2500.0,0.15
7,Zprime_3500GeV_060,0.79082295375,3500.0,0.6
8,Zprime_2500GeV_045,0.821804109704,2500.0,0.45
9,Zprime_2000GeV_075,0.772315808096,2000.0,0.75
10,Zprime_2500GeV_060,0.792189684324,2500.0,0.6
11,Zprime_4000GeV_075,0.747079651119,4000.0,0.75
12,Zprime_4000GeV_030,0.854824168388,4000.0,0.3
13,Zprime_4000GeV_015,0.869702098736,4000.0,0.15
14,Zprime_3000GeV_030,0.846153569359,3000.0,0.3
15,Zprime_1500GeV_045,0.820498442789,1500.0,0.45
16,Zprime_3000GeV_075,0.756026940947,3000.0,0.75
17,Zprime_1500GeV_060,0.805391531208,1500.0,0.6
18,Zprime_3000GeV_015,0.86700158636,3000.0,0.15
19,Zprime_3500GeV_015,0.868188908264,3500.0,0.15
20,Zprime_3500GeV_030,0.851516532792,3500.0,0.3
21,Zprime_2000GeV_030,0.845253494965,2000.0,0.3
22,Zprime_2000GeV_015,0.85875589995,2000.0,0.15
23,Zprime_3500GeV_075,0.749542194034,3500.0,0.75
24,Zprime_3500GeV_045,0.823031148849,3500.0,0.45
25,Zprime_2500GeV_030,0.844416475926,2500.0,0.3
26,Zprime_2000GeV_060,0.797597653143,2000.0,0.6
27,Zprime_4000GeV_060,0.792589742148,4000.0,0.6
28,Zprime_2500GeV_075,0.761061482932,2500.0,0.75
29,Zprime_4000GeV_045,0.824334638113,4000.0,0.45
