,name,auc,mass,nu
0,Zprime_1500GeV_075,0.739845731611,1500.0,0.75
1,Zprime_1500GeV_015,0.825388368216,1500.0,0.15
2,Zprime_3000GeV_060,0.757226918723,3000.0,0.6
3,Zprime_1500GeV_030,0.811146882092,1500.0,0.3
4,Zprime_3000GeV_045,0.78728581621,3000.0,0.45
5,Zprime_2000GeV_045,0.790922794894,2000.0,0.45
6,Zprime_2500GeV_015,0.827788427925,2500.0,0.15
7,Zprime_3500GeV_060,0.760521379388,3500.0,0.6
8,Zprime_2500GeV_045,0.786606653727,2500.0,0.45
9,Zprime_2000GeV_075,0.740813436757,2000.0,0.75
10,Zprime_2500GeV_060,0.758438431931,2500.0,0.6
11,Zprime_4000GeV_075,0.722008641095,4000.0,0.75
12,Zprime_4000GeV_030,0.823544637761,4000.0,0.3
13,Zprime_4000GeV_015,0.84018008312,4000.0,0.15
14,Zprime_3000GeV_030,0.811156455206,3000.0,0.3
15,Zprime_1500GeV_045,0.788621583051,1500.0,0.45
16,Zprime_3000GeV_075,0.723412728134,3000.0,0.75
17,Zprime_1500GeV_060,0.77074593937,1500.0,0.6
18,Zprime_3000GeV_015,0.832344042732,3000.0,0.15
19,Zprime_3500GeV_015,0.835070547872,3500.0,0.15
20,Zprime_3500GeV_030,0.817917887716,3500.0,0.3
21,Zprime_2000GeV_030,0.814264488943,2000.0,0.3
22,Zprime_2000GeV_015,0.82841403766,2000.0,0.15
23,Zprime_3500GeV_075,0.724105934735,3500.0,0.75
24,Zprime_3500GeV_045,0.789306089732,3500.0,0.45
25,Zprime_2500GeV_030,0.809119523659,2500.0,0.3
26,Zprime_2000GeV_060,0.764882989253,2000.0,0.6
27,Zprime_4000GeV_060,0.764038878469,4000.0,0.6
28,Zprime_2500GeV_075,0.725226404963,2500.0,0.75
29,Zprime_4000GeV_045,0.794643370773,4000.0,0.45
