,name,auc,mass,nu
0,Zprime_1500GeV_075,0.806000434155,1500.0,0.75
1,Zprime_1500GeV_015,0.875139977056,1500.0,0.15
2,Zprime_3000GeV_060,0.811032854639,3000.0,0.6
3,Zprime_1500GeV_030,0.866236647037,1500.0,0.3
4,Zprime_3000GeV_045,0.841353586144,3000.0,0.45
5,Zprime_2000GeV_045,0.848467475658,2000.0,0.45
6,Zprime_2500GeV_015,0.879238126968,2500.0,0.15
7,Zprime_3500GeV_060,0.809883292778,3500.0,0.6
8,Zprime_2500GeV_045,0.842503566948,2500.0,0.45
9,Zprime_2000GeV_075,0.800661150407,2000.0,0.75
10,Zprime_2500GeV_060,0.817209640091,2500.0,0.6
11,Zprime_4000GeV_075,0.769079141643,4000.0,0.75
12,Zprime_4000GeV_030,0.868785532702,4000.0,0.3
13,Zprime_4000GeV_015,0.882443647076,4000.0,0.15
14,Zprime_3000GeV_030,0.862235810555,3000.0,0.3
15,Zprime_1500GeV_045,0.850585240771,1500.0,0.45
16,Zprime_3000GeV_075,0.781799170418,3000.0,0.75
17,Zprime_1500GeV_060,0.834033313662,1500.0,0.6
18,Zprime_3000GeV_015,0.879900002548,3000.0,0.15
19,Zprime_3500GeV_015,0.880885999932,3500.0,0.15
20,Zprime_3500GeV_030,0.86520177741,3500.0,0.3
21,Zprime_2000GeV_030,0.868106839375,2000.0,0.3
22,Zprime_2000GeV_015,0.881118269202,2000.0,0.15
23,Zprime_3500GeV_075,0.775234747933,3500.0,0.75
24,Zprime_3500GeV_045,0.840656705304,3500.0,0.45
25,Zprime_2500GeV_030,0.863712643069,2500.0,0.3
26,Zprime_2000GeV_060,0.825748156309,2000.0,0.6
27,Zprime_4000GeV_060,0.810481746159,4000.0,0.6
28,Zprime_2500GeV_075,0.788019880036,2500.0,0.75
29,Zprime_4000GeV_045,0.841811558294,4000.0,0.45
