,name,auc,mass,nu
0,Zprime_1500GeV_075,0.779318075995,1500.0,0.75
1,Zprime_1500GeV_015,0.849154200321,1500.0,0.15
2,Zprime_3000GeV_060,0.799667346129,3000.0,0.6
3,Zprime_1500GeV_030,0.835922793691,1500.0,0.3
4,Zprime_3000GeV_045,0.823654823689,3000.0,0.45
5,Zprime_2000GeV_045,0.833552466023,2000.0,0.45
6,Zprime_2500GeV_015,0.857540390052,2500.0,0.15
7,Zprime_3500GeV_060,0.797155536828,3500.0,0.6
8,Zprime_2500GeV_045,0.825012472805,2500.0,0.45
9,Zprime_2000GeV_075,0.785025784164,2000.0,0.75
10,Zprime_2500GeV_060,0.801624390973,2500.0,0.6
11,Zprime_4000GeV_075,0.764652804162,4000.0,0.75
12,Zprime_4000GeV_030,0.855582585315,4000.0,0.3
13,Zprime_4000GeV_015,0.870289172144,4000.0,0.15
14,Zprime_3000GeV_030,0.843749323493,3000.0,0.3
15,Zprime_1500GeV_045,0.813966392598,1500.0,0.45
16,Zprime_3000GeV_075,0.770506959925,3000.0,0.75
17,Zprime_1500GeV_060,0.801842777055,1500.0,0.6
18,Zprime_3000GeV_015,0.863168503948,3000.0,0.15
19,Zprime_3500GeV_015,0.865750477522,3500.0,0.15
20,Zprime_3500GeV_030,0.850451126522,3500.0,0.3
21,Zprime_2000GeV_030,0.849605805065,2000.0,0.3
22,Zprime_2000GeV_015,0.862411558479,2000.0,0.15
23,Zprime_3500GeV_075,0.769643610558,3500.0,0.75
24,Zprime_3500GeV_045,0.824975158765,3500.0,0.45
25,Zprime_2500GeV_030,0.842671931279,2500.0,0.3
26,Zprime_2000GeV_060,0.807442339404,2000.0,0.6
27,Zprime_4000GeV_060,0.800267643646,4000.0,0.6
28,Zprime_2500GeV_075,0.775864278175,2500.0,0.75
29,Zprime_4000GeV_045,0.829577785259,4000.0,0.45
