,name,auc,mass,nu
0,Zprime_1500GeV_075,0.7943930472,1500.0,0.75
1,Zprime_1500GeV_015,0.866587218257,1500.0,0.15
2,Zprime_3000GeV_060,0.800799838469,3000.0,0.6
3,Zprime_1500GeV_030,0.855261611962,1500.0,0.3
4,Zprime_3000GeV_045,0.828245101909,3000.0,0.45
5,Zprime_2000GeV_045,0.839838453319,2000.0,0.45
6,Zprime_2500GeV_015,0.867200486027,2500.0,0.15
7,Zprime_3500GeV_060,0.798167053457,3500.0,0.6
8,Zprime_2500GeV_045,0.833041110201,2500.0,0.45
9,Zprime_2000GeV_075,0.792302986199,2000.0,0.75
10,Zprime_2500GeV_060,0.808161067409,2500.0,0.6
11,Zprime_4000GeV_075,0.758793438741,4000.0,0.75
12,Zprime_4000GeV_030,0.852496013359,4000.0,0.3
13,Zprime_4000GeV_015,0.866567701608,4000.0,0.15
14,Zprime_3000GeV_030,0.847420761452,3000.0,0.3
15,Zprime_1500GeV_045,0.837201329969,1500.0,0.45
16,Zprime_3000GeV_075,0.771402905938,3000.0,0.75
17,Zprime_1500GeV_060,0.819677385985,1500.0,0.6
18,Zprime_3000GeV_015,0.864918367162,3000.0,0.15
19,Zprime_3500GeV_015,0.86383825845,3500.0,0.15
20,Zprime_3500GeV_030,0.849649917118,3500.0,0.3
21,Zprime_2000GeV_030,0.859625965314,2000.0,0.3
22,Zprime_2000GeV_015,0.871510525252,2000.0,0.15
23,Zprime_3500GeV_075,0.764645712122,3500.0,0.75
24,Zprime_3500GeV_045,0.824823631466,3500.0,0.45
25,Zprime_2500GeV_030,0.851745048006,2500.0,0.3
26,Zprime_2000GeV_060,0.816460351515,2000.0,0.6
27,Zprime_4000GeV_060,0.798391362382,4000.0,0.6
28,Zprime_2500GeV_075,0.777290781495,2500.0,0.75
29,Zprime_4000GeV_045,0.824759078543,4000.0,0.45
