,name,auc,mass,nu
0,Zprime_1500GeV_075,0.736015527939,1500.0,0.75
1,Zprime_1500GeV_015,0.83119868517,1500.0,0.15
2,Zprime_3000GeV_060,0.762774956682,3000.0,0.6
3,Zprime_1500GeV_030,0.816791186983,1500.0,0.3
4,Zprime_3000GeV_045,0.794129897669,3000.0,0.45
5,Zprime_2000GeV_045,0.799842800357,2000.0,0.45
6,Zprime_2500GeV_015,0.838233669128,2500.0,0.15
7,Zprime_3500GeV_060,0.76387212349,3500.0,0.6
8,Zprime_2500GeV_045,0.795015754948,2500.0,0.45
9,Zprime_2000GeV_075,0.742874523803,2000.0,0.75
10,Zprime_2500GeV_060,0.765241644798,2500.0,0.6
11,Zprime_4000GeV_075,0.722999328441,4000.0,0.75
12,Zprime_4000GeV_030,0.825270241806,4000.0,0.3
13,Zprime_4000GeV_015,0.841814878932,4000.0,0.15
14,Zprime_3000GeV_030,0.81671375639,3000.0,0.3
15,Zprime_1500GeV_045,0.789799443298,1500.0,0.45
16,Zprime_3000GeV_075,0.729013506457,3000.0,0.75
17,Zprime_1500GeV_060,0.770192039649,1500.0,0.6
18,Zprime_3000GeV_015,0.837411875168,3000.0,0.15
19,Zprime_3500GeV_015,0.836966538363,3500.0,0.15
20,Zprime_3500GeV_030,0.820861203603,3500.0,0.3
21,Zprime_2000GeV_030,0.823797627732,2000.0,0.3
22,Zprime_2000GeV_015,0.841485401698,2000.0,0.15
23,Zprime_3500GeV_075,0.727158809197,3500.0,0.75
24,Zprime_3500GeV_045,0.792573027019,3500.0,0.45
25,Zprime_2500GeV_030,0.819206927426,2500.0,0.3
26,Zprime_2000GeV_060,0.771282595232,2000.0,0.6
27,Zprime_4000GeV_060,0.765512248731,4000.0,0.6
28,Zprime_2500GeV_075,0.731086405985,2500.0,0.75
29,Zprime_4000GeV_045,0.79463913661,4000.0,0.45
