,name,auc,mass,nu
0,Zprime_1500GeV_075,0.80161702133,1500.0,0.75
1,Zprime_1500GeV_015,0.873116073232,1500.0,0.15
2,Zprime_3000GeV_060,0.810754631166,3000.0,0.6
3,Zprime_1500GeV_030,0.864269378901,1500.0,0.3
4,Zprime_3000GeV_045,0.837853682854,3000.0,0.45
5,Zprime_2000GeV_045,0.849259453969,2000.0,0.45
6,Zprime_2500GeV_015,0.875769705511,2500.0,0.15
7,Zprime_3500GeV_060,0.808994915001,3500.0,0.6
8,Zprime_2500GeV_045,0.841221399262,2500.0,0.45
9,Zprime_2000GeV_075,0.80211030431,2000.0,0.75
10,Zprime_2500GeV_060,0.817824281439,2500.0,0.6
11,Zprime_4000GeV_075,0.769950878888,4000.0,0.75
12,Zprime_4000GeV_030,0.866611674434,4000.0,0.3
13,Zprime_4000GeV_015,0.880151240764,4000.0,0.15
14,Zprime_3000GeV_030,0.859003954735,3000.0,0.3
15,Zprime_1500GeV_045,0.847368153165,1500.0,0.45
16,Zprime_3000GeV_075,0.78135591873,3000.0,0.75
17,Zprime_1500GeV_060,0.829349255978,1500.0,0.6
18,Zprime_3000GeV_015,0.875890141905,3000.0,0.15
19,Zprime_3500GeV_015,0.877077974392,3500.0,0.15
20,Zprime_3500GeV_030,0.862046655691,3500.0,0.3
21,Zprime_2000GeV_030,0.867992152809,2000.0,0.3
22,Zprime_2000GeV_015,0.880632541465,2000.0,0.15
23,Zprime_3500GeV_075,0.775476721264,3500.0,0.75
24,Zprime_3500GeV_045,0.838850401992,3500.0,0.45
25,Zprime_2500GeV_030,0.861225603131,2500.0,0.3
26,Zprime_2000GeV_060,0.824796227096,2000.0,0.6
27,Zprime_4000GeV_060,0.809875403717,4000.0,0.6
28,Zprime_2500GeV_075,0.788487094092,2500.0,0.75
29,Zprime_4000GeV_045,0.84098874348,4000.0,0.45
