,name,auc,mass,nu
0,Zprime_1500GeV_075,0.792209257245,1500.0,0.75
1,Zprime_1500GeV_015,0.865890639706,1500.0,0.15
2,Zprime_3000GeV_060,0.80160085943,3000.0,0.6
3,Zprime_1500GeV_030,0.85494018593,1500.0,0.3
4,Zprime_3000GeV_045,0.830436303656,3000.0,0.45
5,Zprime_2000GeV_045,0.837194172953,2000.0,0.45
6,Zprime_2500GeV_015,0.86862329434,2500.0,0.15
7,Zprime_3500GeV_060,0.799410258211,3500.0,0.6
8,Zprime_2500GeV_045,0.832779700387,2500.0,0.45
9,Zprime_2000GeV_075,0.789913577104,2000.0,0.75
10,Zprime_2500GeV_060,0.806424840617,2500.0,0.6
11,Zprime_4000GeV_075,0.758965685598,4000.0,0.75
12,Zprime_4000GeV_030,0.854807766203,4000.0,0.3
13,Zprime_4000GeV_015,0.866732754781,4000.0,0.15
14,Zprime_3000GeV_030,0.85055183033,3000.0,0.3
15,Zprime_1500GeV_045,0.835605099249,1500.0,0.45
16,Zprime_3000GeV_075,0.771910704926,3000.0,0.75
17,Zprime_1500GeV_060,0.821208741051,1500.0,0.6
18,Zprime_3000GeV_015,0.868379678767,3000.0,0.15
19,Zprime_3500GeV_015,0.866609267691,3500.0,0.15
20,Zprime_3500GeV_030,0.852263745164,3500.0,0.3
21,Zprime_2000GeV_030,0.857116369636,2000.0,0.3
22,Zprime_2000GeV_015,0.869379350515,2000.0,0.15
23,Zprime_3500GeV_075,0.764062124294,3500.0,0.75
24,Zprime_3500GeV_045,0.826580127484,3500.0,0.45
25,Zprime_2500GeV_030,0.852902275574,2500.0,0.3
26,Zprime_2000GeV_060,0.81462536985,2000.0,0.6
27,Zprime_4000GeV_060,0.798980331035,4000.0,0.6
28,Zprime_2500GeV_075,0.777759580637,2500.0,0.75
29,Zprime_4000GeV_045,0.827091867905,4000.0,0.45
