,name,auc,mass,nu
0,Zprime_1500GeV_075,0.726277830025,1500.0,0.75
1,Zprime_1500GeV_015,0.814277436665,1500.0,0.15
2,Zprime_3000GeV_060,0.749691168078,3000.0,0.6
3,Zprime_1500GeV_030,0.803314525998,1500.0,0.3
4,Zprime_3000GeV_045,0.780073020747,3000.0,0.45
5,Zprime_2000GeV_045,0.787129285514,2000.0,0.45
6,Zprime_2500GeV_015,0.821166592094,2500.0,0.15
7,Zprime_3500GeV_060,0.749848427897,3500.0,0.6
8,Zprime_2500GeV_045,0.781417535977,2500.0,0.45
9,Zprime_2000GeV_075,0.729384430555,2000.0,0.75
10,Zprime_2500GeV_060,0.753823162117,2500.0,0.6
11,Zprime_4000GeV_075,0.708482492296,4000.0,0.75
12,Zprime_4000GeV_030,0.813078127541,4000.0,0.3
13,Zprime_4000GeV_015,0.83509222934,4000.0,0.15
14,Zprime_3000GeV_030,0.801783369384,3000.0,0.3
15,Zprime_1500GeV_045,0.7754552037,1500.0,0.45
16,Zprime_3000GeV_075,0.718370119526,3000.0,0.75
17,Zprime_1500GeV_060,0.754654338317,1500.0,0.6
18,Zprime_3000GeV_015,0.823772819441,3000.0,0.15
19,Zprime_3500GeV_015,0.828075757021,3500.0,0.15
20,Zprime_3500GeV_030,0.808933518839,3500.0,0.3
21,Zprime_2000GeV_030,0.809296174116,2000.0,0.3
22,Zprime_2000GeV_015,0.82459401221,2000.0,0.15
23,Zprime_3500GeV_075,0.713863515957,3500.0,0.75
24,Zprime_3500GeV_045,0.780538134945,3500.0,0.45
25,Zprime_2500GeV_030,0.802660672588,2500.0,0.3
26,Zprime_2000GeV_060,0.758939335066,2000.0,0.6
27,Zprime_4000GeV_060,0.752554654738,4000.0,0.6
28,Zprime_2500GeV_075,0.718313428193,2500.0,0.75
29,Zprime_4000GeV_045,0.783314949134,4000.0,0.45
