,name,auc,mass,nu
0,Zprime_1500GeV_075,0.78403241806,1500.0,0.75
1,Zprime_1500GeV_015,0.850746358442,1500.0,0.15
2,Zprime_3000GeV_060,0.801581466255,3000.0,0.6
3,Zprime_1500GeV_030,0.83838542415,1500.0,0.3
4,Zprime_3000GeV_045,0.825283418584,3000.0,0.45
5,Zprime_2000GeV_045,0.833217466728,2000.0,0.45
6,Zprime_2500GeV_015,0.857570111343,2500.0,0.15
7,Zprime_3500GeV_060,0.799567019968,3500.0,0.6
8,Zprime_2500GeV_045,0.825699633829,2500.0,0.45
9,Zprime_2000GeV_075,0.788938844194,2000.0,0.75
10,Zprime_2500GeV_060,0.803230266273,2500.0,0.6
11,Zprime_4000GeV_075,0.769592440676,4000.0,0.75
12,Zprime_4000GeV_030,0.858604256604,4000.0,0.3
13,Zprime_4000GeV_015,0.872959468063,4000.0,0.15
14,Zprime_3000GeV_030,0.845644985803,3000.0,0.3
15,Zprime_1500GeV_045,0.818208040989,1500.0,0.45
16,Zprime_3000GeV_075,0.773721378757,3000.0,0.75
17,Zprime_1500GeV_060,0.805312866997,1500.0,0.6
18,Zprime_3000GeV_015,0.86469913749,3000.0,0.15
19,Zprime_3500GeV_015,0.870026282102,3500.0,0.15
20,Zprime_3500GeV_030,0.853075782733,3500.0,0.3
21,Zprime_2000GeV_030,0.849046969097,2000.0,0.3
22,Zprime_2000GeV_015,0.860421225207,2000.0,0.15
23,Zprime_3500GeV_075,0.772532033424,3500.0,0.75
24,Zprime_3500GeV_045,0.8286223362,3500.0,0.45
25,Zprime_2500GeV_030,0.842324792612,2500.0,0.3
26,Zprime_2000GeV_060,0.809227284448,2000.0,0.6
27,Zprime_4000GeV_060,0.802614919935,4000.0,0.6
28,Zprime_2500GeV_075,0.77916126849,2500.0,0.75
29,Zprime_4000GeV_045,0.832639280389,4000.0,0.45
