,name,auc,mass,nu
0,Zprime_1500GeV_075,0.774721742724,1500.0,0.75
1,Zprime_1500GeV_015,0.853309541037,1500.0,0.15
2,Zprime_3000GeV_060,0.793889951601,3000.0,0.6
3,Zprime_1500GeV_030,0.842550225358,1500.0,0.3
4,Zprime_3000GeV_045,0.824063170239,3000.0,0.45
5,Zprime_2000GeV_045,0.827543003178,2000.0,0.45
6,Zprime_2500GeV_015,0.861003981355,2500.0,0.15
7,Zprime_3500GeV_060,0.795206408376,3500.0,0.6
8,Zprime_2500GeV_045,0.824806940354,2500.0,0.45
9,Zprime_2000GeV_075,0.776493729569,2000.0,0.75
10,Zprime_2500GeV_060,0.7985135704,2500.0,0.6
11,Zprime_4000GeV_075,0.752197968004,4000.0,0.75
12,Zprime_4000GeV_030,0.856395507956,4000.0,0.3
13,Zprime_4000GeV_015,0.868962418652,4000.0,0.15
14,Zprime_3000GeV_030,0.844930405731,3000.0,0.3
15,Zprime_1500GeV_045,0.822407188042,1500.0,0.45
16,Zprime_3000GeV_075,0.760811811302,3000.0,0.75
17,Zprime_1500GeV_060,0.80273938045,1500.0,0.6
18,Zprime_3000GeV_015,0.862409992362,3000.0,0.15
19,Zprime_3500GeV_015,0.864597801767,3500.0,0.15
20,Zprime_3500GeV_030,0.851009494791,3500.0,0.3
21,Zprime_2000GeV_030,0.848570917588,2000.0,0.3
22,Zprime_2000GeV_015,0.861617282424,2000.0,0.15
23,Zprime_3500GeV_075,0.756061274697,3500.0,0.75
24,Zprime_3500GeV_045,0.825115385896,3500.0,0.45
25,Zprime_2500GeV_030,0.844726761938,2500.0,0.3
26,Zprime_2000GeV_060,0.803764201468,2000.0,0.6
27,Zprime_4000GeV_060,0.797668555861,4000.0,0.6
28,Zprime_2500GeV_075,0.763799180992,2500.0,0.75
29,Zprime_4000GeV_045,0.82815695581,4000.0,0.45
