,name,auc,mass,nu
0,Zprime_1500GeV_075,0.794626874092,1500.0,0.75
1,Zprime_1500GeV_015,0.868554581691,1500.0,0.15
2,Zprime_3000GeV_060,0.812908576864,3000.0,0.6
3,Zprime_1500GeV_030,0.854786294665,1500.0,0.3
4,Zprime_3000GeV_045,0.842049872703,3000.0,0.45
5,Zprime_2000GeV_045,0.850738833085,2000.0,0.45
6,Zprime_2500GeV_015,0.88232848404,2500.0,0.15
7,Zprime_3500GeV_060,0.808762064487,3500.0,0.6
8,Zprime_2500GeV_045,0.844435792445,2500.0,0.45
9,Zprime_2000GeV_075,0.798662718932,2000.0,0.75
10,Zprime_2500GeV_060,0.816526126448,2500.0,0.6
11,Zprime_4000GeV_075,0.768812905389,4000.0,0.75
12,Zprime_4000GeV_030,0.871440688845,4000.0,0.3
13,Zprime_4000GeV_015,0.887479982238,4000.0,0.15
14,Zprime_3000GeV_030,0.864222413,3000.0,0.3
15,Zprime_1500GeV_045,0.835634527177,1500.0,0.45
16,Zprime_3000GeV_075,0.781095701864,3000.0,0.75
17,Zprime_1500GeV_060,0.819368954018,1500.0,0.6
18,Zprime_3000GeV_015,0.884393250709,3000.0,0.15
19,Zprime_3500GeV_015,0.885051434697,3500.0,0.15
20,Zprime_3500GeV_030,0.868535239295,3500.0,0.3
21,Zprime_2000GeV_030,0.868915093454,2000.0,0.3
22,Zprime_2000GeV_015,0.883391217988,2000.0,0.15
23,Zprime_3500GeV_075,0.77669591216,3500.0,0.75
24,Zprime_3500GeV_045,0.841248609371,3500.0,0.45
25,Zprime_2500GeV_030,0.864563388525,2500.0,0.3
26,Zprime_2000GeV_060,0.823921797973,2000.0,0.6
27,Zprime_4000GeV_060,0.810515165482,4000.0,0.6
28,Zprime_2500GeV_075,0.786263668996,2500.0,0.75
29,Zprime_4000GeV_045,0.842245761957,4000.0,0.45
