,name,auc,mass,nu
0,Zprime_1500GeV_075,0.735927287917,1500.0,0.75
1,Zprime_1500GeV_015,0.829032266027,1500.0,0.15
2,Zprime_3000GeV_060,0.763596943778,3000.0,0.6
3,Zprime_1500GeV_030,0.816732202417,1500.0,0.3
4,Zprime_3000GeV_045,0.793146054832,3000.0,0.45
5,Zprime_2000GeV_045,0.800668837281,2000.0,0.45
6,Zprime_2500GeV_015,0.838052599533,2500.0,0.15
7,Zprime_3500GeV_060,0.761934733124,3500.0,0.6
8,Zprime_2500GeV_045,0.797231024131,2500.0,0.45
9,Zprime_2000GeV_075,0.741254263618,2000.0,0.75
10,Zprime_2500GeV_060,0.768782017952,2500.0,0.6
11,Zprime_4000GeV_075,0.722895601162,4000.0,0.75
12,Zprime_4000GeV_030,0.820074340316,4000.0,0.3
13,Zprime_4000GeV_015,0.839092330327,4000.0,0.15
14,Zprime_3000GeV_030,0.814930641538,3000.0,0.3
15,Zprime_1500GeV_045,0.789940855124,1500.0,0.45
16,Zprime_3000GeV_075,0.73106168028,3000.0,0.75
17,Zprime_1500GeV_060,0.76993404447,1500.0,0.6
18,Zprime_3000GeV_015,0.834405961546,3000.0,0.15
19,Zprime_3500GeV_015,0.832831888336,3500.0,0.15
20,Zprime_3500GeV_030,0.816280365642,3500.0,0.3
21,Zprime_2000GeV_030,0.824428365251,2000.0,0.3
22,Zprime_2000GeV_015,0.841233082037,2000.0,0.15
23,Zprime_3500GeV_075,0.727530124192,3500.0,0.75
24,Zprime_3500GeV_045,0.791303424992,3500.0,0.45
25,Zprime_2500GeV_030,0.819143061348,2500.0,0.3
26,Zprime_2000GeV_060,0.770009183068,2000.0,0.6
27,Zprime_4000GeV_060,0.763966349795,4000.0,0.6
28,Zprime_2500GeV_075,0.731118047249,2500.0,0.75
29,Zprime_4000GeV_045,0.79248723632,4000.0,0.45
