,name,auc,mass,nu
0,Zprime_1500GeV_075,0.793506554812,1500.0,0.75
1,Zprime_1500GeV_015,0.871887298105,1500.0,0.15
2,Zprime_3000GeV_060,0.805373763101,3000.0,0.6
3,Zprime_1500GeV_030,0.861271281355,1500.0,0.3
4,Zprime_3000GeV_045,0.836018490306,3000.0,0.45
5,Zprime_2000GeV_045,0.84491930363,2000.0,0.45
6,Zprime_2500GeV_015,0.877823787571,2500.0,0.15
7,Zprime_3500GeV_060,0.802776743743,3500.0,0.6
8,Zprime_2500GeV_045,0.838506016741,2500.0,0.45
9,Zprime_2000GeV_075,0.794861230699,2000.0,0.75
10,Zprime_2500GeV_060,0.812228579399,2500.0,0.6
11,Zprime_4000GeV_075,0.760808958507,4000.0,0.75
12,Zprime_4000GeV_030,0.861073841435,4000.0,0.3
13,Zprime_4000GeV_015,0.875900292055,4000.0,0.15
14,Zprime_3000GeV_030,0.856682748388,3000.0,0.3
15,Zprime_1500GeV_045,0.840245790185,1500.0,0.45
16,Zprime_3000GeV_075,0.77461420579,3000.0,0.75
17,Zprime_1500GeV_060,0.823286021757,1500.0,0.6
18,Zprime_3000GeV_015,0.875307049616,3000.0,0.15
19,Zprime_3500GeV_015,0.873815572773,3500.0,0.15
20,Zprime_3500GeV_030,0.859336622409,3500.0,0.3
21,Zprime_2000GeV_030,0.86559428877,2000.0,0.3
22,Zprime_2000GeV_015,0.878940023237,2000.0,0.15
23,Zprime_3500GeV_075,0.768283199667,3500.0,0.75
24,Zprime_3500GeV_045,0.832629456747,3500.0,0.45
25,Zprime_2500GeV_030,0.860064862697,2500.0,0.3
26,Zprime_2000GeV_060,0.820473046888,2000.0,0.6
27,Zprime_4000GeV_060,0.803549023416,4000.0,0.6
28,Zprime_2500GeV_075,0.780399133587,2500.0,0.75
29,Zprime_4000GeV_045,0.833805864515,4000.0,0.45
