,name,auc,mass,nu
0,Zprime_1500GeV_075,0.706507490816,1500.0,0.75
1,Zprime_1500GeV_015,0.797013707924,1500.0,0.15
2,Zprime_3000GeV_060,0.726227944138,3000.0,0.6
3,Zprime_1500GeV_030,0.786445872733,1500.0,0.3
4,Zprime_3000GeV_045,0.759181116005,3000.0,0.45
5,Zprime_2000GeV_045,0.761618393648,2000.0,0.45
6,Zprime_2500GeV_015,0.805803437416,2500.0,0.15
7,Zprime_3500GeV_060,0.726208774493,3500.0,0.6
8,Zprime_2500GeV_045,0.758627083768,2500.0,0.45
9,Zprime_2000GeV_075,0.706544221721,2000.0,0.75
10,Zprime_2500GeV_060,0.727718941329,2500.0,0.6
11,Zprime_4000GeV_075,0.689035877886,4000.0,0.75
12,Zprime_4000GeV_030,0.789172189077,4000.0,0.3
13,Zprime_4000GeV_015,0.807352836455,4000.0,0.15
14,Zprime_3000GeV_030,0.782593204725,3000.0,0.3
15,Zprime_1500GeV_045,0.755512465986,1500.0,0.45
16,Zprime_3000GeV_075,0.694215072295,3000.0,0.75
17,Zprime_1500GeV_060,0.735663959202,1500.0,0.6
18,Zprime_3000GeV_015,0.805255536281,3000.0,0.15
19,Zprime_3500GeV_015,0.805139626266,3500.0,0.15
20,Zprime_3500GeV_030,0.787105518204,3500.0,0.3
21,Zprime_2000GeV_030,0.78649450671,2000.0,0.3
22,Zprime_2000GeV_015,0.806871107107,2000.0,0.15
23,Zprime_3500GeV_075,0.691677094629,3500.0,0.75
24,Zprime_3500GeV_045,0.758533547614,3500.0,0.45
25,Zprime_2500GeV_030,0.783642394004,2500.0,0.3
26,Zprime_2000GeV_060,0.734009261359,2000.0,0.6
27,Zprime_4000GeV_060,0.729415063937,4000.0,0.6
28,Zprime_2500GeV_075,0.694196305786,2500.0,0.75
29,Zprime_4000GeV_045,0.75999108481,4000.0,0.45
