,name,auc,mass,nu
0,Zprime_1500GeV_075,0.78679574889,1500.0,0.75
1,Zprime_1500GeV_015,0.864534857943,1500.0,0.15
2,Zprime_3000GeV_060,0.79666564714,3000.0,0.6
3,Zprime_1500GeV_030,0.852374011889,1500.0,0.3
4,Zprime_3000GeV_045,0.828066712095,3000.0,0.45
5,Zprime_2000GeV_045,0.842715335292,2000.0,0.45
6,Zprime_2500GeV_015,0.874912974042,2500.0,0.15
7,Zprime_3500GeV_060,0.789282682353,3500.0,0.6
8,Zprime_2500GeV_045,0.835527961702,2500.0,0.45
9,Zprime_2000GeV_075,0.784350931837,2000.0,0.75
10,Zprime_2500GeV_060,0.806447521875,2500.0,0.6
11,Zprime_4000GeV_075,0.742878154885,4000.0,0.75
12,Zprime_4000GeV_030,0.838957716029,4000.0,0.3
13,Zprime_4000GeV_015,0.850336009871,4000.0,0.15
14,Zprime_3000GeV_030,0.848772006692,3000.0,0.3
15,Zprime_1500GeV_045,0.830021315698,1500.0,0.45
16,Zprime_3000GeV_075,0.762415165813,3000.0,0.75
17,Zprime_1500GeV_060,0.809985029454,1500.0,0.6
18,Zprime_3000GeV_015,0.866888046711,3000.0,0.15
19,Zprime_3500GeV_015,0.858322570557,3500.0,0.15
20,Zprime_3500GeV_030,0.844793517184,3500.0,0.3
21,Zprime_2000GeV_030,0.8643834894,2000.0,0.3
22,Zprime_2000GeV_015,0.881070086813,2000.0,0.15
23,Zprime_3500GeV_075,0.753882108538,3500.0,0.75
24,Zprime_3500GeV_045,0.820247321909,3500.0,0.45
25,Zprime_2500GeV_030,0.857243824406,2500.0,0.3
26,Zprime_2000GeV_060,0.814385355652,2000.0,0.6
27,Zprime_4000GeV_060,0.783922048902,4000.0,0.6
28,Zprime_2500GeV_075,0.770093807784,2500.0,0.75
29,Zprime_4000GeV_045,0.81304799774,4000.0,0.45
