,name,auc,mass,nu
0,Zprime_1500GeV_075,0.80254673696,1500.0,0.75
1,Zprime_1500GeV_015,0.876501394228,1500.0,0.15
2,Zprime_3000GeV_060,0.809467012982,3000.0,0.6
3,Zprime_1500GeV_030,0.865244909233,1500.0,0.3
4,Zprime_3000GeV_045,0.838883220331,3000.0,0.45
5,Zprime_2000GeV_045,0.847531372251,2000.0,0.45
6,Zprime_2500GeV_015,0.878753357945,2500.0,0.15
7,Zprime_3500GeV_060,0.806322800628,3500.0,0.6
8,Zprime_2500GeV_045,0.841735701833,2500.0,0.45
9,Zprime_2000GeV_075,0.80048307107,2000.0,0.75
10,Zprime_2500GeV_060,0.815167667833,2500.0,0.6
11,Zprime_4000GeV_075,0.766181331653,4000.0,0.75
12,Zprime_4000GeV_030,0.862256097687,4000.0,0.3
13,Zprime_4000GeV_015,0.875176948897,4000.0,0.15
14,Zprime_3000GeV_030,0.858821054708,3000.0,0.3
15,Zprime_1500GeV_045,0.847419211878,1500.0,0.45
16,Zprime_3000GeV_075,0.777966652368,3000.0,0.75
17,Zprime_1500GeV_060,0.830031079353,1500.0,0.6
18,Zprime_3000GeV_015,0.876928101116,3000.0,0.15
19,Zprime_3500GeV_015,0.875119210912,3500.0,0.15
20,Zprime_3500GeV_030,0.860762423677,3500.0,0.3
21,Zprime_2000GeV_030,0.86875729886,2000.0,0.3
22,Zprime_2000GeV_015,0.881417339007,2000.0,0.15
23,Zprime_3500GeV_075,0.771043599851,3500.0,0.75
24,Zprime_3500GeV_045,0.834450099803,3500.0,0.45
25,Zprime_2500GeV_030,0.862424461156,2500.0,0.3
26,Zprime_2000GeV_060,0.825261289275,2000.0,0.6
27,Zprime_4000GeV_060,0.806455392387,4000.0,0.6
28,Zprime_2500GeV_075,0.786675237144,2500.0,0.75
29,Zprime_4000GeV_045,0.834845340501,4000.0,0.45
