,name,auc,mass,nu
0,Zprime_1500GeV_075,0.760000522787,1500.0,0.75
1,Zprime_1500GeV_015,0.843020004866,1500.0,0.15
2,Zprime_3000GeV_060,0.788026716857,3000.0,0.6
3,Zprime_1500GeV_030,0.831116824407,1500.0,0.3
4,Zprime_3000GeV_045,0.821226168717,3000.0,0.45
5,Zprime_2000GeV_045,0.825387355286,2000.0,0.45
6,Zprime_2500GeV_015,0.864052160529,2500.0,0.15
7,Zprime_3500GeV_060,0.785040158884,3500.0,0.6
8,Zprime_2500GeV_045,0.82440138713,2500.0,0.45
9,Zprime_2000GeV_075,0.764337626784,2000.0,0.75
10,Zprime_2500GeV_060,0.792455675485,2500.0,0.6
11,Zprime_4000GeV_075,0.738273130089,4000.0,0.75
12,Zprime_4000GeV_030,0.847053368847,4000.0,0.3
13,Zprime_4000GeV_015,0.860133506312,4000.0,0.15
14,Zprime_3000GeV_030,0.84454263351,3000.0,0.3
15,Zprime_1500GeV_045,0.810711233004,1500.0,0.45
16,Zprime_3000GeV_075,0.750384403649,3000.0,0.75
17,Zprime_1500GeV_060,0.787607493812,1500.0,0.6
18,Zprime_3000GeV_015,0.864809070161,3000.0,0.15
19,Zprime_3500GeV_015,0.8613692051,3500.0,0.15
20,Zprime_3500GeV_030,0.845829134304,3500.0,0.3
21,Zprime_2000GeV_030,0.84689454365,2000.0,0.3
22,Zprime_2000GeV_015,0.863408306804,2000.0,0.15
23,Zprime_3500GeV_075,0.745972445302,3500.0,0.75
24,Zprime_3500GeV_045,0.818710665117,3500.0,0.45
25,Zprime_2500GeV_030,0.846283836138,2500.0,0.3
26,Zprime_2000GeV_060,0.796312477022,2000.0,0.6
27,Zprime_4000GeV_060,0.784267899706,4000.0,0.6
28,Zprime_2500GeV_075,0.753748331177,2500.0,0.75
29,Zprime_4000GeV_045,0.817557184724,4000.0,0.45
