,name,auc,mass,nu
0,Zprime_1500GeV_075,0.79375571013,1500.0,0.75
1,Zprime_1500GeV_015,0.870113750511,1500.0,0.15
2,Zprime_3000GeV_060,0.800780900056,3000.0,0.6
3,Zprime_1500GeV_030,0.857322205904,1500.0,0.3
4,Zprime_3000GeV_045,0.829114186018,3000.0,0.45
5,Zprime_2000GeV_045,0.837624083016,2000.0,0.45
6,Zprime_2500GeV_015,0.86749174067,2500.0,0.15
7,Zprime_3500GeV_060,0.799234983222,3500.0,0.6
8,Zprime_2500GeV_045,0.831860131945,2500.0,0.45
9,Zprime_2000GeV_075,0.790222054902,2000.0,0.75
10,Zprime_2500GeV_060,0.805929637529,2500.0,0.6
11,Zprime_4000GeV_075,0.760534089188,4000.0,0.75
12,Zprime_4000GeV_030,0.857789087873,4000.0,0.3
13,Zprime_4000GeV_015,0.871606652602,4000.0,0.15
14,Zprime_3000GeV_030,0.849361408546,3000.0,0.3
15,Zprime_1500GeV_045,0.837242110629,1500.0,0.45
16,Zprime_3000GeV_075,0.770316163122,3000.0,0.75
17,Zprime_1500GeV_060,0.822228118023,1500.0,0.6
18,Zprime_3000GeV_015,0.867177198739,3000.0,0.15
19,Zprime_3500GeV_015,0.866852210142,3500.0,0.15
20,Zprime_3500GeV_030,0.852720727363,3500.0,0.3
21,Zprime_2000GeV_030,0.8578821521,2000.0,0.3
22,Zprime_2000GeV_015,0.869921634825,2000.0,0.15
23,Zprime_3500GeV_075,0.764002645671,3500.0,0.75
24,Zprime_3500GeV_045,0.827952639787,3500.0,0.45
25,Zprime_2500GeV_030,0.851903415729,2500.0,0.3
26,Zprime_2000GeV_060,0.814215164155,2000.0,0.6
27,Zprime_4000GeV_060,0.801675984177,4000.0,0.6
28,Zprime_2500GeV_075,0.77588465273,2500.0,0.75
29,Zprime_4000GeV_045,0.830353577272,4000.0,0.45
