,name,auc,mass,nu
0,Zprime_1500GeV_075,0.721411516106,1500.0,0.75
1,Zprime_1500GeV_015,0.808945430419,1500.0,0.15
2,Zprime_3000GeV_060,0.743919147873,3000.0,0.6
3,Zprime_1500GeV_030,0.797353646803,1500.0,0.3
4,Zprime_3000GeV_045,0.77493964903,3000.0,0.45
5,Zprime_2000GeV_045,0.783184290501,2000.0,0.45
6,Zprime_2500GeV_015,0.818058113185,2500.0,0.15
7,Zprime_3500GeV_060,0.742752092481,3500.0,0.6
8,Zprime_2500GeV_045,0.77723259498,2500.0,0.45
9,Zprime_2000GeV_075,0.723747371366,2000.0,0.75
10,Zprime_2500GeV_060,0.747899819527,2500.0,0.6
11,Zprime_4000GeV_075,0.70361089797,4000.0,0.75
12,Zprime_4000GeV_030,0.80919196255,4000.0,0.3
13,Zprime_4000GeV_015,0.831969721153,4000.0,0.15
14,Zprime_3000GeV_030,0.797487349375,3000.0,0.3
15,Zprime_1500GeV_045,0.769892982036,1500.0,0.45
16,Zprime_3000GeV_075,0.711739283953,3000.0,0.75
17,Zprime_1500GeV_060,0.751984152251,1500.0,0.6
18,Zprime_3000GeV_015,0.819471999063,3000.0,0.15
19,Zprime_3500GeV_015,0.823335068349,3500.0,0.15
20,Zprime_3500GeV_030,0.805180977602,3500.0,0.3
21,Zprime_2000GeV_030,0.805527162428,2000.0,0.3
22,Zprime_2000GeV_015,0.821961151777,2000.0,0.15
23,Zprime_3500GeV_075,0.706949699951,3500.0,0.75
24,Zprime_3500GeV_045,0.775788149123,3500.0,0.45
25,Zprime_2500GeV_030,0.799542550777,2500.0,0.3
26,Zprime_2000GeV_060,0.754788683479,2000.0,0.6
27,Zprime_4000GeV_060,0.745975107134,4000.0,0.6
28,Zprime_2500GeV_075,0.711392328581,2500.0,0.75
29,Zprime_4000GeV_045,0.77838655818,4000.0,0.45
