,name,auc,mass,nu
0,Zprime_1500GeV_075,0.789871355005,1500.0,0.75
1,Zprime_1500GeV_015,0.863238364416,1500.0,0.15
2,Zprime_3000GeV_060,0.79847177204,3000.0,0.6
3,Zprime_1500GeV_030,0.851262245807,1500.0,0.3
4,Zprime_3000GeV_045,0.827837803073,3000.0,0.45
5,Zprime_2000GeV_045,0.834408138343,2000.0,0.45
6,Zprime_2500GeV_015,0.865565460994,2500.0,0.15
7,Zprime_3500GeV_060,0.797534926021,3500.0,0.6
8,Zprime_2500GeV_045,0.829346831297,2500.0,0.45
9,Zprime_2000GeV_075,0.788236930149,2000.0,0.75
10,Zprime_2500GeV_060,0.803213706632,2500.0,0.6
11,Zprime_4000GeV_075,0.756572659005,4000.0,0.75
12,Zprime_4000GeV_030,0.856930137145,4000.0,0.3
13,Zprime_4000GeV_015,0.870532395044,4000.0,0.15
14,Zprime_3000GeV_030,0.848973981969,3000.0,0.3
15,Zprime_1500GeV_045,0.83177128276,1500.0,0.45
16,Zprime_3000GeV_075,0.767799313322,3000.0,0.75
17,Zprime_1500GeV_060,0.815751439226,1500.0,0.6
18,Zprime_3000GeV_015,0.867366539611,3000.0,0.15
19,Zprime_3500GeV_015,0.867876728236,3500.0,0.15
20,Zprime_3500GeV_030,0.853062080467,3500.0,0.3
21,Zprime_2000GeV_030,0.85402448794,2000.0,0.3
22,Zprime_2000GeV_015,0.866767430062,2000.0,0.15
23,Zprime_3500GeV_075,0.760850331876,3500.0,0.75
24,Zprime_3500GeV_045,0.826393259143,3500.0,0.45
25,Zprime_2500GeV_030,0.849532805506,2500.0,0.3
26,Zprime_2000GeV_060,0.810409708983,2000.0,0.6
27,Zprime_4000GeV_060,0.798533216908,4000.0,0.6
28,Zprime_2500GeV_075,0.774568601826,2500.0,0.75
29,Zprime_4000GeV_045,0.827741898915,4000.0,0.45
