,name,auc,mass,nu
0,Zprime_1500GeV_075,0.805319867593,1500.0,0.75
1,Zprime_1500GeV_015,0.874531562393,1500.0,0.15
2,Zprime_3000GeV_060,0.814937698768,3000.0,0.6
3,Zprime_1500GeV_030,0.867093769838,1500.0,0.3
4,Zprime_3000GeV_045,0.844958410201,3000.0,0.45
5,Zprime_2000GeV_045,0.851653670082,2000.0,0.45
6,Zprime_2500GeV_015,0.882325383692,2500.0,0.15
7,Zprime_3500GeV_060,0.813555685847,3500.0,0.6
8,Zprime_2500GeV_045,0.84558820127,2500.0,0.45
9,Zprime_2000GeV_075,0.803947382516,2000.0,0.75
10,Zprime_2500GeV_060,0.821182884517,2500.0,0.6
11,Zprime_4000GeV_075,0.772324719436,4000.0,0.75
12,Zprime_4000GeV_030,0.872390097518,4000.0,0.3
13,Zprime_4000GeV_015,0.88740764614,4000.0,0.15
14,Zprime_3000GeV_030,0.865843329931,3000.0,0.3
15,Zprime_1500GeV_045,0.85069014779,1500.0,0.45
16,Zprime_3000GeV_075,0.783878735966,3000.0,0.75
17,Zprime_1500GeV_060,0.833968136162,1500.0,0.6
18,Zprime_3000GeV_015,0.883585128758,3000.0,0.15
19,Zprime_3500GeV_015,0.88469790881,3500.0,0.15
20,Zprime_3500GeV_030,0.86845248026,3500.0,0.3
21,Zprime_2000GeV_030,0.871126804598,2000.0,0.3
22,Zprime_2000GeV_015,0.884363093772,2000.0,0.15
23,Zprime_3500GeV_075,0.778485341076,3500.0,0.75
24,Zprime_3500GeV_045,0.84446801715,3500.0,0.45
25,Zprime_2500GeV_030,0.866686758345,2500.0,0.3
26,Zprime_2000GeV_060,0.828323324001,2000.0,0.6
27,Zprime_4000GeV_060,0.813726878103,4000.0,0.6
28,Zprime_2500GeV_075,0.791621244897,2500.0,0.75
29,Zprime_4000GeV_045,0.845674694291,4000.0,0.45
