,name,auc,mass,nu
0,Zprime_1500GeV_075,0.735560472388,1500.0,0.75
1,Zprime_1500GeV_015,0.828637065459,1500.0,0.15
2,Zprime_3000GeV_060,0.760092700969,3000.0,0.6
3,Zprime_1500GeV_030,0.813225370675,1500.0,0.3
4,Zprime_3000GeV_045,0.790970532217,3000.0,0.45
5,Zprime_2000GeV_045,0.797120443644,2000.0,0.45
6,Zprime_2500GeV_015,0.832233268944,2500.0,0.15
7,Zprime_3500GeV_060,0.760223492917,3500.0,0.6
8,Zprime_2500GeV_045,0.792750044763,2500.0,0.45
9,Zprime_2000GeV_075,0.741235165322,2000.0,0.75
10,Zprime_2500GeV_060,0.763369323151,2500.0,0.6
11,Zprime_4000GeV_075,0.718429938888,4000.0,0.75
12,Zprime_4000GeV_030,0.818957504778,4000.0,0.3
13,Zprime_4000GeV_015,0.836331379815,4000.0,0.15
14,Zprime_3000GeV_030,0.813133351258,3000.0,0.3
15,Zprime_1500GeV_045,0.788477198706,1500.0,0.45
16,Zprime_3000GeV_075,0.726125092699,3000.0,0.75
17,Zprime_1500GeV_060,0.769381147815,1500.0,0.6
18,Zprime_3000GeV_015,0.832745788729,3000.0,0.15
19,Zprime_3500GeV_015,0.831632879074,3500.0,0.15
20,Zprime_3500GeV_030,0.816492523048,3500.0,0.3
21,Zprime_2000GeV_030,0.820737731404,2000.0,0.3
22,Zprime_2000GeV_015,0.835662411531,2000.0,0.15
23,Zprime_3500GeV_075,0.722316525781,3500.0,0.75
24,Zprime_3500GeV_045,0.788089402704,3500.0,0.45
25,Zprime_2500GeV_030,0.815952389794,2500.0,0.3
26,Zprime_2000GeV_060,0.769363754508,2000.0,0.6
27,Zprime_4000GeV_060,0.760971315585,4000.0,0.6
28,Zprime_2500GeV_075,0.727540529195,2500.0,0.75
29,Zprime_4000GeV_045,0.789437704056,4000.0,0.45
