,name,auc,mass,nu
0,Zprime_1500GeV_075,0.801081727338,1500.0,0.75
1,Zprime_1500GeV_015,0.8745833057,1500.0,0.15
2,Zprime_3000GeV_060,0.805733881436,3000.0,0.6
3,Zprime_1500GeV_030,0.864724941682,1500.0,0.3
4,Zprime_3000GeV_045,0.835141536465,3000.0,0.45
5,Zprime_2000GeV_045,0.844995777456,2000.0,0.45
6,Zprime_2500GeV_015,0.875994618395,2500.0,0.15
7,Zprime_3500GeV_060,0.803655199477,3500.0,0.6
8,Zprime_2500GeV_045,0.838390890568,2500.0,0.45
9,Zprime_2000GeV_075,0.796874623548,2000.0,0.75
10,Zprime_2500GeV_060,0.811665624282,2500.0,0.6
11,Zprime_4000GeV_075,0.762195101095,4000.0,0.75
12,Zprime_4000GeV_030,0.858261594996,4000.0,0.3
13,Zprime_4000GeV_015,0.872962495728,4000.0,0.15
14,Zprime_3000GeV_030,0.856387064181,3000.0,0.3
15,Zprime_1500GeV_045,0.843755537744,1500.0,0.45
16,Zprime_3000GeV_075,0.774752334155,3000.0,0.75
17,Zprime_1500GeV_060,0.830492893232,1500.0,0.6
18,Zprime_3000GeV_015,0.875132281372,3000.0,0.15
19,Zprime_3500GeV_015,0.872784008933,3500.0,0.15
20,Zprime_3500GeV_030,0.857841449945,3500.0,0.3
21,Zprime_2000GeV_030,0.865429105234,2000.0,0.3
22,Zprime_2000GeV_015,0.877914902092,2000.0,0.15
23,Zprime_3500GeV_075,0.766979806155,3500.0,0.75
24,Zprime_3500GeV_045,0.831499040667,3500.0,0.45
25,Zprime_2500GeV_030,0.859386608284,2500.0,0.3
26,Zprime_2000GeV_060,0.820974677544,2000.0,0.6
27,Zprime_4000GeV_060,0.803291392232,4000.0,0.6
28,Zprime_2500GeV_075,0.782765589925,2500.0,0.75
29,Zprime_4000GeV_045,0.831751380535,4000.0,0.45
