,name,auc,mass,nu
0,Zprime_1500GeV_075,0.749026216742,1500.0,0.75
1,Zprime_1500GeV_015,0.840391714998,1500.0,0.15
2,Zprime_3000GeV_060,0.768916650227,3000.0,0.6
3,Zprime_1500GeV_030,0.823719429123,1500.0,0.3
4,Zprime_3000GeV_045,0.800961400346,3000.0,0.45
5,Zprime_2000GeV_045,0.806370758333,2000.0,0.45
6,Zprime_2500GeV_015,0.844372007861,2500.0,0.15
7,Zprime_3500GeV_060,0.76936677255,3500.0,0.6
8,Zprime_2500GeV_045,0.801863664569,2500.0,0.45
9,Zprime_2000GeV_075,0.748956659414,2000.0,0.75
10,Zprime_2500GeV_060,0.771558417593,2500.0,0.6
11,Zprime_4000GeV_075,0.726284884426,4000.0,0.75
12,Zprime_4000GeV_030,0.831445257073,4000.0,0.3
13,Zprime_4000GeV_015,0.848465499331,4000.0,0.15
14,Zprime_3000GeV_030,0.824485928512,3000.0,0.3
15,Zprime_1500GeV_045,0.799721513937,1500.0,0.45
16,Zprime_3000GeV_075,0.734192591738,3000.0,0.75
17,Zprime_1500GeV_060,0.78297177956,1500.0,0.6
18,Zprime_3000GeV_015,0.845577426381,3000.0,0.15
19,Zprime_3500GeV_015,0.843978870222,3500.0,0.15
20,Zprime_3500GeV_030,0.827836211968,3500.0,0.3
21,Zprime_2000GeV_030,0.828747379656,2000.0,0.3
22,Zprime_2000GeV_015,0.845420819962,2000.0,0.15
23,Zprime_3500GeV_075,0.730523360338,3500.0,0.75
24,Zprime_3500GeV_045,0.798861978738,3500.0,0.45
25,Zprime_2500GeV_030,0.825879504667,2500.0,0.3
26,Zprime_2000GeV_060,0.777481391269,2000.0,0.6
27,Zprime_4000GeV_060,0.770545557918,4000.0,0.6
28,Zprime_2500GeV_075,0.736802862729,2500.0,0.75
29,Zprime_4000GeV_045,0.801984545713,4000.0,0.45
