,name,auc,mass,nu
0,Zprime_1500GeV_075,0.666340745198,1500.0,0.75
1,Zprime_1500GeV_015,0.753674985711,1500.0,0.15
2,Zprime_3000GeV_060,0.699955688602,3000.0,0.6
3,Zprime_1500GeV_030,0.735823869853,1500.0,0.3
4,Zprime_3000GeV_045,0.727471168318,3000.0,0.45
5,Zprime_2000GeV_045,0.730262074595,2000.0,0.45
6,Zprime_2500GeV_015,0.764779107124,2500.0,0.15
7,Zprime_3500GeV_060,0.698714529099,3500.0,0.6
8,Zprime_2500GeV_045,0.726115391958,2500.0,0.45
9,Zprime_2000GeV_075,0.675752675819,2000.0,0.75
10,Zprime_2500GeV_060,0.700106257063,2500.0,0.6
11,Zprime_4000GeV_075,0.664667418567,4000.0,0.75
12,Zprime_4000GeV_030,0.763429841989,4000.0,0.3
13,Zprime_4000GeV_015,0.787216233434,4000.0,0.15
14,Zprime_3000GeV_030,0.750957248399,3000.0,0.3
15,Zprime_1500GeV_045,0.71101702736,1500.0,0.45
16,Zprime_3000GeV_075,0.66998630494,3000.0,0.75
17,Zprime_1500GeV_060,0.694965756627,1500.0,0.6
18,Zprime_3000GeV_015,0.771847404855,3000.0,0.15
19,Zprime_3500GeV_015,0.777765761233,3500.0,0.15
20,Zprime_3500GeV_030,0.757226786042,3500.0,0.3
21,Zprime_2000GeV_030,0.74799818361,2000.0,0.3
22,Zprime_2000GeV_015,0.763401184865,2000.0,0.15
23,Zprime_3500GeV_075,0.667112731573,3500.0,0.75
24,Zprime_3500GeV_045,0.729384650068,3500.0,0.45
25,Zprime_2500GeV_030,0.747456522719,2500.0,0.3
26,Zprime_2000GeV_060,0.701292333108,2000.0,0.6
27,Zprime_4000GeV_060,0.702298757888,4000.0,0.6
28,Zprime_2500GeV_075,0.667513894921,2500.0,0.75
29,Zprime_4000GeV_045,0.733797561382,4000.0,0.45
