,name,auc,mass,nu
0,Zprime_1500GeV_075,0.778750859679,1500.0,0.75
1,Zprime_1500GeV_015,0.857770526677,1500.0,0.15
2,Zprime_3000GeV_060,0.806425441981,3000.0,0.6
3,Zprime_1500GeV_030,0.848016115221,1500.0,0.3
4,Zprime_3000GeV_045,0.839600936594,3000.0,0.45
5,Zprime_2000GeV_045,0.839142422304,2000.0,0.45
6,Zprime_2500GeV_015,0.877116272497,2500.0,0.15
7,Zprime_3500GeV_060,0.806772017562,3500.0,0.6
8,Zprime_2500GeV_045,0.837716263025,2500.0,0.45
9,Zprime_2000GeV_075,0.780938749196,2000.0,0.75
10,Zprime_2500GeV_060,0.808678584985,2500.0,0.6
11,Zprime_4000GeV_075,0.761276294613,4000.0,0.75
12,Zprime_4000GeV_030,0.870703323562,4000.0,0.3
13,Zprime_4000GeV_015,0.886430235739,4000.0,0.15
14,Zprime_3000GeV_030,0.861228856423,3000.0,0.3
15,Zprime_1500GeV_045,0.826400617314,1500.0,0.45
16,Zprime_3000GeV_075,0.768881082911,3000.0,0.75
17,Zprime_1500GeV_060,0.806357843795,1500.0,0.6
18,Zprime_3000GeV_015,0.88084986186,3000.0,0.15
19,Zprime_3500GeV_015,0.883725930399,3500.0,0.15
20,Zprime_3500GeV_030,0.867345870099,3500.0,0.3
21,Zprime_2000GeV_030,0.860444709071,2000.0,0.3
22,Zprime_2000GeV_015,0.874893007592,2000.0,0.15
23,Zprime_3500GeV_075,0.76623763528,3500.0,0.75
24,Zprime_3500GeV_045,0.839298835617,3500.0,0.45
25,Zprime_2500GeV_030,0.86029258719,2500.0,0.3
26,Zprime_2000GeV_060,0.811176292901,2000.0,0.6
27,Zprime_4000GeV_060,0.809027898284,4000.0,0.6
28,Zprime_2500GeV_075,0.771642742016,2500.0,0.75
29,Zprime_4000GeV_045,0.841472757177,4000.0,0.45
