,name,auc,mass,nu
0,Zprime_1500GeV_075,0.7870682741,1500.0,0.75
1,Zprime_1500GeV_015,0.870194136603,1500.0,0.15
2,Zprime_3000GeV_060,0.800498852809,3000.0,0.6
3,Zprime_1500GeV_030,0.859893016344,1500.0,0.3
4,Zprime_3000GeV_045,0.833023802811,3000.0,0.45
5,Zprime_2000GeV_045,0.842543543833,2000.0,0.45
6,Zprime_2500GeV_015,0.878775796563,2500.0,0.15
7,Zprime_3500GeV_060,0.797625112623,3500.0,0.6
8,Zprime_2500GeV_045,0.836369664897,2500.0,0.45
9,Zprime_2000GeV_075,0.786659462751,2000.0,0.75
10,Zprime_2500GeV_060,0.806872201476,2500.0,0.6
11,Zprime_4000GeV_075,0.75353708697,4000.0,0.75
12,Zprime_4000GeV_030,0.85413010738,4000.0,0.3
13,Zprime_4000GeV_015,0.869522885286,4000.0,0.15
14,Zprime_3000GeV_030,0.855414545647,3000.0,0.3
15,Zprime_1500GeV_045,0.838995816204,1500.0,0.45
16,Zprime_3000GeV_075,0.767018880752,3000.0,0.75
17,Zprime_1500GeV_060,0.819910391731,1500.0,0.6
18,Zprime_3000GeV_015,0.873995593856,3000.0,0.15
19,Zprime_3500GeV_015,0.86937686583,3500.0,0.15
20,Zprime_3500GeV_030,0.855135549611,3500.0,0.3
21,Zprime_2000GeV_030,0.864816346833,2000.0,0.3
22,Zprime_2000GeV_015,0.880114769799,2000.0,0.15
23,Zprime_3500GeV_075,0.760240858415,3500.0,0.75
24,Zprime_3500GeV_045,0.828521844,3500.0,0.45
25,Zprime_2500GeV_030,0.85936090565,2500.0,0.3
26,Zprime_2000GeV_060,0.815227164581,2000.0,0.6
27,Zprime_4000GeV_060,0.797320490134,4000.0,0.6
28,Zprime_2500GeV_075,0.773746133818,2500.0,0.75
29,Zprime_4000GeV_045,0.827483844906,4000.0,0.45
