,name,auc,mass,nu
0,Zprime_1500GeV_075,0.736248935764,1500.0,0.75
1,Zprime_1500GeV_015,0.827706268103,1500.0,0.15
2,Zprime_3000GeV_060,0.754817145944,3000.0,0.6
3,Zprime_1500GeV_030,0.812233141334,1500.0,0.3
4,Zprime_3000GeV_045,0.7868046373,3000.0,0.45
5,Zprime_2000GeV_045,0.786801350262,2000.0,0.45
6,Zprime_2500GeV_015,0.82663855497,2500.0,0.15
7,Zprime_3500GeV_060,0.756565520478,3500.0,0.6
8,Zprime_2500GeV_045,0.785712959725,2500.0,0.45
9,Zprime_2000GeV_075,0.729709482385,2000.0,0.75
10,Zprime_2500GeV_060,0.755883543519,2500.0,0.6
11,Zprime_4000GeV_075,0.71655242649,4000.0,0.75
12,Zprime_4000GeV_030,0.819430179019,4000.0,0.3
13,Zprime_4000GeV_015,0.837193376455,4000.0,0.15
14,Zprime_3000GeV_030,0.80991190224,3000.0,0.3
15,Zprime_1500GeV_045,0.787420445701,1500.0,0.45
16,Zprime_3000GeV_075,0.719618430458,3000.0,0.75
17,Zprime_1500GeV_060,0.768330741207,1500.0,0.6
18,Zprime_3000GeV_015,0.831774148124,3000.0,0.15
19,Zprime_3500GeV_015,0.832084792791,3500.0,0.15
20,Zprime_3500GeV_030,0.815892684795,3500.0,0.3
21,Zprime_2000GeV_030,0.812482676165,2000.0,0.3
22,Zprime_2000GeV_015,0.828462439341,2000.0,0.15
23,Zprime_3500GeV_075,0.718847655828,3500.0,0.75
24,Zprime_3500GeV_045,0.788347006361,3500.0,0.45
25,Zprime_2500GeV_030,0.807431499162,2500.0,0.3
26,Zprime_2000GeV_060,0.75879089686,2000.0,0.6
27,Zprime_4000GeV_060,0.759244398664,4000.0,0.6
28,Zprime_2500GeV_075,0.720418860482,2500.0,0.75
29,Zprime_4000GeV_045,0.790211950796,4000.0,0.45
