,name,auc,mass,nu
0,Zprime_1500GeV_075,0.761483303516,1500.0,0.75
1,Zprime_1500GeV_015,0.84088257781,1500.0,0.15
2,Zprime_3000GeV_060,0.783322403956,3000.0,0.6
3,Zprime_1500GeV_030,0.829328223711,1500.0,0.3
4,Zprime_3000GeV_045,0.813243213566,3000.0,0.45
5,Zprime_2000GeV_045,0.82347737854,2000.0,0.45
6,Zprime_2500GeV_015,0.853910401789,2500.0,0.15
7,Zprime_3500GeV_060,0.782044421009,3500.0,0.6
8,Zprime_2500GeV_045,0.814929542817,2500.0,0.45
9,Zprime_2000GeV_075,0.770677177037,2000.0,0.75
10,Zprime_2500GeV_060,0.788595879725,2500.0,0.6
11,Zprime_4000GeV_075,0.741429303333,4000.0,0.75
12,Zprime_4000GeV_030,0.851276037951,4000.0,0.3
13,Zprime_4000GeV_015,0.870335153843,4000.0,0.15
14,Zprime_3000GeV_030,0.836655393601,3000.0,0.3
15,Zprime_1500GeV_045,0.809895288253,1500.0,0.45
16,Zprime_3000GeV_075,0.751875606544,3000.0,0.75
17,Zprime_1500GeV_060,0.792116734494,1500.0,0.6
18,Zprime_3000GeV_015,0.857340110415,3000.0,0.15
19,Zprime_3500GeV_015,0.865512988078,3500.0,0.15
20,Zprime_3500GeV_030,0.844934652596,3500.0,0.3
21,Zprime_2000GeV_030,0.841695343254,2000.0,0.3
22,Zprime_2000GeV_015,0.856693932147,2000.0,0.15
23,Zprime_3500GeV_075,0.746459769894,3500.0,0.75
24,Zprime_3500GeV_045,0.81571970975,3500.0,0.45
25,Zprime_2500GeV_030,0.83679227904,2500.0,0.3
26,Zprime_2000GeV_060,0.79656782992,2000.0,0.6
27,Zprime_4000GeV_060,0.78452726032,4000.0,0.6
28,Zprime_2500GeV_075,0.756703716565,2500.0,0.75
29,Zprime_4000GeV_045,0.819635131627,4000.0,0.45
