,name,auc,mass,nu
0,Zprime_1500GeV_075,0.737768424236,1500.0,0.75
1,Zprime_1500GeV_015,0.830488879707,1500.0,0.15
2,Zprime_3000GeV_060,0.761146948211,3000.0,0.6
3,Zprime_1500GeV_030,0.816994524319,1500.0,0.3
4,Zprime_3000GeV_045,0.791986595425,3000.0,0.45
5,Zprime_2000GeV_045,0.797828698704,2000.0,0.45
6,Zprime_2500GeV_015,0.835656932869,2500.0,0.15
7,Zprime_3500GeV_060,0.762372179277,3500.0,0.6
8,Zprime_2500GeV_045,0.793249749383,2500.0,0.45
9,Zprime_2000GeV_075,0.740034595068,2000.0,0.75
10,Zprime_2500GeV_060,0.762930913805,2500.0,0.6
11,Zprime_4000GeV_075,0.723190828849,4000.0,0.75
12,Zprime_4000GeV_030,0.823123741402,4000.0,0.3
13,Zprime_4000GeV_015,0.840058455479,4000.0,0.15
14,Zprime_3000GeV_030,0.813706311238,3000.0,0.3
15,Zprime_1500GeV_045,0.791850423536,1500.0,0.45
16,Zprime_3000GeV_075,0.727277634299,3000.0,0.75
17,Zprime_1500GeV_060,0.772448426259,1500.0,0.6
18,Zprime_3000GeV_015,0.834515894379,3000.0,0.15
19,Zprime_3500GeV_015,0.834267171435,3500.0,0.15
20,Zprime_3500GeV_030,0.818565673708,3500.0,0.3
21,Zprime_2000GeV_030,0.820981983925,2000.0,0.3
22,Zprime_2000GeV_015,0.837993577564,2000.0,0.15
23,Zprime_3500GeV_075,0.724751618361,3500.0,0.75
24,Zprime_3500GeV_045,0.790160858959,3500.0,0.45
25,Zprime_2500GeV_030,0.817068997569,2500.0,0.3
26,Zprime_2000GeV_060,0.76812048112,2000.0,0.6
27,Zprime_4000GeV_060,0.763782621191,4000.0,0.6
28,Zprime_2500GeV_075,0.728875204854,2500.0,0.75
29,Zprime_4000GeV_045,0.793924281607,4000.0,0.45
