,name,auc,mass,nu
0,Zprime_1500GeV_075,0.727090098118,1500.0,0.75
1,Zprime_1500GeV_015,0.824791666822,1500.0,0.15
2,Zprime_3000GeV_060,0.749424252505,3000.0,0.6
3,Zprime_1500GeV_030,0.810860886654,1500.0,0.3
4,Zprime_3000GeV_045,0.779912269152,3000.0,0.45
5,Zprime_2000GeV_045,0.788099660586,2000.0,0.45
6,Zprime_2500GeV_015,0.825759179889,2500.0,0.15
7,Zprime_3500GeV_060,0.75011157021,3500.0,0.6
8,Zprime_2500GeV_045,0.783866664373,2500.0,0.45
9,Zprime_2000GeV_075,0.727848510459,2000.0,0.75
10,Zprime_2500GeV_060,0.754023253664,2500.0,0.6
11,Zprime_4000GeV_075,0.709138923119,4000.0,0.75
12,Zprime_4000GeV_030,0.813496162117,4000.0,0.3
13,Zprime_4000GeV_015,0.83365736904,4000.0,0.15
14,Zprime_3000GeV_030,0.802639267763,3000.0,0.3
15,Zprime_1500GeV_045,0.781523930393,1500.0,0.45
16,Zprime_3000GeV_075,0.716377124693,3000.0,0.75
17,Zprime_1500GeV_060,0.762114238168,1500.0,0.6
18,Zprime_3000GeV_015,0.824107228267,3000.0,0.15
19,Zprime_3500GeV_015,0.826546267937,3500.0,0.15
20,Zprime_3500GeV_030,0.808190419649,3500.0,0.3
21,Zprime_2000GeV_030,0.81418694767,2000.0,0.3
22,Zprime_2000GeV_015,0.830346445476,2000.0,0.15
23,Zprime_3500GeV_075,0.713965183254,3500.0,0.75
24,Zprime_3500GeV_045,0.78111835144,3500.0,0.45
25,Zprime_2500GeV_030,0.805610509108,2500.0,0.3
26,Zprime_2000GeV_060,0.759013902896,2000.0,0.6
27,Zprime_4000GeV_060,0.751904917096,4000.0,0.6
28,Zprime_2500GeV_075,0.717500267886,2500.0,0.75
29,Zprime_4000GeV_045,0.782931586545,4000.0,0.45
