,name,auc,mass,nu
0,Zprime_1500GeV_075,0.782326584259,1500.0,0.75
1,Zprime_1500GeV_015,0.864662679281,1500.0,0.15
2,Zprime_3000GeV_060,0.798055986581,3000.0,0.6
3,Zprime_1500GeV_030,0.851301861117,1500.0,0.3
4,Zprime_3000GeV_045,0.82868159706,3000.0,0.45
5,Zprime_2000GeV_045,0.837638704877,2000.0,0.45
6,Zprime_2500GeV_015,0.870747134409,2500.0,0.15
7,Zprime_3500GeV_060,0.7953647171,3500.0,0.6
8,Zprime_2500GeV_045,0.831586913194,2500.0,0.45
9,Zprime_2000GeV_075,0.785834371863,2000.0,0.75
10,Zprime_2500GeV_060,0.804080840271,2500.0,0.6
11,Zprime_4000GeV_075,0.752944856726,4000.0,0.75
12,Zprime_4000GeV_030,0.853506182471,4000.0,0.3
13,Zprime_4000GeV_015,0.868361984703,4000.0,0.15
14,Zprime_3000GeV_030,0.850609405782,3000.0,0.3
15,Zprime_1500GeV_045,0.830687365514,1500.0,0.45
16,Zprime_3000GeV_075,0.765405780372,3000.0,0.75
17,Zprime_1500GeV_060,0.813462038653,1500.0,0.6
18,Zprime_3000GeV_015,0.868601153379,3000.0,0.15
19,Zprime_3500GeV_015,0.865214117767,3500.0,0.15
20,Zprime_3500GeV_030,0.85239028269,3500.0,0.3
21,Zprime_2000GeV_030,0.857393441209,2000.0,0.3
22,Zprime_2000GeV_015,0.871655529277,2000.0,0.15
23,Zprime_3500GeV_075,0.758968827204,3500.0,0.75
24,Zprime_3500GeV_045,0.826328773236,3500.0,0.45
25,Zprime_2500GeV_030,0.853312602155,2500.0,0.3
26,Zprime_2000GeV_060,0.811158341478,2000.0,0.6
27,Zprime_4000GeV_060,0.795774531855,4000.0,0.6
28,Zprime_2500GeV_075,0.771281433171,2500.0,0.75
29,Zprime_4000GeV_045,0.825886612411,4000.0,0.45
