,name,auc,mass,nu
0,Zprime_1500GeV_075,0.810357812375,1500.0,0.75
1,Zprime_1500GeV_015,0.879346414501,1500.0,0.15
2,Zprime_3000GeV_060,0.817139986678,3000.0,0.6
3,Zprime_1500GeV_030,0.869843486844,1500.0,0.3
4,Zprime_3000GeV_045,0.846396591175,3000.0,0.45
5,Zprime_2000GeV_045,0.852816235147,2000.0,0.45
6,Zprime_2500GeV_015,0.882820192935,2500.0,0.15
7,Zprime_3500GeV_060,0.815037982922,3500.0,0.6
8,Zprime_2500GeV_045,0.847874338868,2500.0,0.45
9,Zprime_2000GeV_075,0.806644565153,2000.0,0.75
10,Zprime_2500GeV_060,0.823735421805,2500.0,0.6
11,Zprime_4000GeV_075,0.774722809052,4000.0,0.75
12,Zprime_4000GeV_030,0.871348747733,4000.0,0.3
13,Zprime_4000GeV_015,0.882944065541,4000.0,0.15
14,Zprime_3000GeV_030,0.866724864209,3000.0,0.3
15,Zprime_1500GeV_045,0.853959631743,1500.0,0.45
16,Zprime_3000GeV_075,0.786877365248,3000.0,0.75
17,Zprime_1500GeV_060,0.836985065041,1500.0,0.6
18,Zprime_3000GeV_015,0.884513658638,3000.0,0.15
19,Zprime_3500GeV_015,0.883701862415,3500.0,0.15
20,Zprime_3500GeV_030,0.869837873083,3500.0,0.3
21,Zprime_2000GeV_030,0.87147048691,2000.0,0.3
22,Zprime_2000GeV_015,0.884169544156,2000.0,0.15
23,Zprime_3500GeV_075,0.780768240508,3500.0,0.75
24,Zprime_3500GeV_045,0.845349871819,3500.0,0.45
25,Zprime_2500GeV_030,0.867838427766,2500.0,0.3
26,Zprime_2000GeV_060,0.831173090318,2000.0,0.6
27,Zprime_4000GeV_060,0.815100742668,4000.0,0.6
28,Zprime_2500GeV_075,0.794007614778,2500.0,0.75
29,Zprime_4000GeV_045,0.845718777087,4000.0,0.45
