,name,auc,mass,nu
0,Zprime_1500GeV_075,0.738829399847,1500.0,0.75
1,Zprime_1500GeV_015,0.830493304202,1500.0,0.15
2,Zprime_3000GeV_060,0.765785435131,3000.0,0.6
3,Zprime_1500GeV_030,0.815478102857,1500.0,0.3
4,Zprime_3000GeV_045,0.799879986602,3000.0,0.45
5,Zprime_2000GeV_045,0.799861576506,2000.0,0.45
6,Zprime_2500GeV_015,0.844525098014,2500.0,0.15
7,Zprime_3500GeV_060,0.767094517316,3500.0,0.6
8,Zprime_2500GeV_045,0.800261295929,2500.0,0.45
9,Zprime_2000GeV_075,0.739766204233,2000.0,0.75
10,Zprime_2500GeV_060,0.768183331807,2500.0,0.6
11,Zprime_4000GeV_075,0.72418986737,4000.0,0.75
12,Zprime_4000GeV_030,0.828401503792,4000.0,0.3
13,Zprime_4000GeV_015,0.845254342724,4000.0,0.15
14,Zprime_3000GeV_030,0.824106826768,3000.0,0.3
15,Zprime_1500GeV_045,0.791446412612,1500.0,0.45
16,Zprime_3000GeV_075,0.729426456561,3000.0,0.75
17,Zprime_1500GeV_060,0.771003989064,1500.0,0.6
18,Zprime_3000GeV_015,0.845374615224,3000.0,0.15
19,Zprime_3500GeV_015,0.842526481179,3500.0,0.15
20,Zprime_3500GeV_030,0.825171485723,3500.0,0.3
21,Zprime_2000GeV_030,0.825383562297,2000.0,0.3
22,Zprime_2000GeV_015,0.841938475604,2000.0,0.15
23,Zprime_3500GeV_075,0.72647898253,3500.0,0.75
24,Zprime_3500GeV_045,0.798119036943,3500.0,0.45
25,Zprime_2500GeV_030,0.823943367702,2500.0,0.3
26,Zprime_2000GeV_060,0.769865922726,2000.0,0.6
27,Zprime_4000GeV_060,0.767718100308,4000.0,0.6
28,Zprime_2500GeV_075,0.729016361428,2500.0,0.75
29,Zprime_4000GeV_045,0.799631419057,4000.0,0.45
