,name,auc,mass,nu
0,Zprime_1500GeV_075,0.816106156126,1500.0,0.75
1,Zprime_1500GeV_015,0.882374306146,1500.0,0.15
2,Zprime_3000GeV_060,0.818763588543,3000.0,0.6
3,Zprime_1500GeV_030,0.874038790695,1500.0,0.3
4,Zprime_3000GeV_045,0.8475359293,3000.0,0.45
5,Zprime_2000GeV_045,0.854859166441,2000.0,0.45
6,Zprime_2500GeV_015,0.883237251078,2500.0,0.15
7,Zprime_3500GeV_060,0.816344634001,3500.0,0.6
8,Zprime_2500GeV_045,0.849190221926,2500.0,0.45
9,Zprime_2000GeV_075,0.810927972049,2000.0,0.75
10,Zprime_2500GeV_060,0.824611796281,2500.0,0.6
11,Zprime_4000GeV_075,0.778174710659,4000.0,0.75
12,Zprime_4000GeV_030,0.8736936012,4000.0,0.3
13,Zprime_4000GeV_015,0.886486917773,4000.0,0.15
14,Zprime_3000GeV_030,0.867596010943,3000.0,0.3
15,Zprime_1500GeV_045,0.857924090397,1500.0,0.45
16,Zprime_3000GeV_075,0.790867807791,3000.0,0.75
17,Zprime_1500GeV_060,0.843623739037,1500.0,0.6
18,Zprime_3000GeV_015,0.884534865422,3000.0,0.15
19,Zprime_3500GeV_015,0.885303762263,3500.0,0.15
20,Zprime_3500GeV_030,0.870588438501,3500.0,0.3
21,Zprime_2000GeV_030,0.873507731477,2000.0,0.3
22,Zprime_2000GeV_015,0.886260186568,2000.0,0.15
23,Zprime_3500GeV_075,0.784008065529,3500.0,0.75
24,Zprime_3500GeV_045,0.846792055538,3500.0,0.45
25,Zprime_2500GeV_030,0.868771173589,2500.0,0.3
26,Zprime_2000GeV_060,0.834120425124,2000.0,0.6
27,Zprime_4000GeV_060,0.816679898603,4000.0,0.6
28,Zprime_2500GeV_075,0.798228919379,2500.0,0.75
29,Zprime_4000GeV_045,0.847310318648,4000.0,0.45
