,name,auc,mass,nu
0,Zprime_1500GeV_075,0.795875317189,1500.0,0.75
1,Zprime_1500GeV_015,0.864704735272,1500.0,0.15
2,Zprime_3000GeV_060,0.800230759412,3000.0,0.6
3,Zprime_1500GeV_030,0.855420405323,1500.0,0.3
4,Zprime_3000GeV_045,0.829411780525,3000.0,0.45
5,Zprime_2000GeV_045,0.839176226691,2000.0,0.45
6,Zprime_2500GeV_015,0.870033612979,2500.0,0.15
7,Zprime_3500GeV_060,0.796762309301,3500.0,0.6
8,Zprime_2500GeV_045,0.833672534443,2500.0,0.45
9,Zprime_2000GeV_075,0.790629874421,2000.0,0.75
10,Zprime_2500GeV_060,0.80695741766,2500.0,0.6
11,Zprime_4000GeV_075,0.755703287317,4000.0,0.75
12,Zprime_4000GeV_030,0.848101538158,4000.0,0.3
13,Zprime_4000GeV_015,0.860828846858,4000.0,0.15
14,Zprime_3000GeV_030,0.849980311713,3000.0,0.3
15,Zprime_1500GeV_045,0.83503893747,1500.0,0.45
16,Zprime_3000GeV_075,0.76996915788,3000.0,0.75
17,Zprime_1500GeV_060,0.82051529519,1500.0,0.6
18,Zprime_3000GeV_015,0.86675279839,3000.0,0.15
19,Zprime_3500GeV_015,0.863074737806,3500.0,0.15
20,Zprime_3500GeV_030,0.850400057891,3500.0,0.3
21,Zprime_2000GeV_030,0.858956567803,2000.0,0.3
22,Zprime_2000GeV_015,0.873293239408,2000.0,0.15
23,Zprime_3500GeV_075,0.762243491701,3500.0,0.75
24,Zprime_3500GeV_045,0.824951275404,3500.0,0.45
25,Zprime_2500GeV_030,0.853772407773,2500.0,0.3
26,Zprime_2000GeV_060,0.815424370303,2000.0,0.6
27,Zprime_4000GeV_060,0.7940922677,4000.0,0.6
28,Zprime_2500GeV_075,0.7774027013,2500.0,0.75
29,Zprime_4000GeV_045,0.82320693028,4000.0,0.45
