,name,auc,mass,nu
0,Zprime_1500GeV_075,0.73022937639,1500.0,0.75
1,Zprime_1500GeV_015,0.827244956262,1500.0,0.15
2,Zprime_3000GeV_060,0.756025704913,3000.0,0.6
3,Zprime_1500GeV_030,0.813198973754,1500.0,0.3
4,Zprime_3000GeV_045,0.786787492392,3000.0,0.45
5,Zprime_2000GeV_045,0.795237632513,2000.0,0.45
6,Zprime_2500GeV_015,0.833349662032,2500.0,0.15
7,Zprime_3500GeV_060,0.754575235942,3500.0,0.6
8,Zprime_2500GeV_045,0.790525675366,2500.0,0.45
9,Zprime_2000GeV_075,0.736463899345,2000.0,0.75
10,Zprime_2500GeV_060,0.761261304624,2500.0,0.6
11,Zprime_4000GeV_075,0.713595483203,4000.0,0.75
12,Zprime_4000GeV_030,0.816225977921,4000.0,0.3
13,Zprime_4000GeV_015,0.837040522539,4000.0,0.15
14,Zprime_3000GeV_030,0.809591078385,3000.0,0.3
15,Zprime_1500GeV_045,0.78499282457,1500.0,0.45
16,Zprime_3000GeV_075,0.722542879946,3000.0,0.75
17,Zprime_1500GeV_060,0.763982579879,1500.0,0.6
18,Zprime_3000GeV_015,0.831304522988,3000.0,0.15
19,Zprime_3500GeV_015,0.831508426573,3500.0,0.15
20,Zprime_3500GeV_030,0.813381388006,3500.0,0.3
21,Zprime_2000GeV_030,0.818712921778,2000.0,0.3
22,Zprime_2000GeV_015,0.836325966163,2000.0,0.15
23,Zprime_3500GeV_075,0.71936845586,3500.0,0.75
24,Zprime_3500GeV_045,0.785441846887,3500.0,0.45
25,Zprime_2500GeV_030,0.813192645575,2500.0,0.3
26,Zprime_2000GeV_060,0.765176916675,2000.0,0.6
27,Zprime_4000GeV_060,0.756402825941,4000.0,0.6
28,Zprime_2500GeV_075,0.724209565833,2500.0,0.75
29,Zprime_4000GeV_045,0.78702878296,4000.0,0.45
