,name,auc,mass,nu
0,Zprime_1500GeV_075,0.748561967885,1500.0,0.75
1,Zprime_1500GeV_015,0.833696289423,1500.0,0.15
2,Zprime_3000GeV_060,0.791264718409,3000.0,0.6
3,Zprime_1500GeV_030,0.821547588164,1500.0,0.3
4,Zprime_3000GeV_045,0.82406870433,3000.0,0.45
5,Zprime_2000GeV_045,0.821422833729,2000.0,0.45
6,Zprime_2500GeV_015,0.865964876182,2500.0,0.15
7,Zprime_3500GeV_060,0.791568780168,3500.0,0.6
8,Zprime_2500GeV_045,0.82198324784,2500.0,0.45
9,Zprime_2000GeV_075,0.755402677342,2000.0,0.75
10,Zprime_2500GeV_060,0.787600902813,2500.0,0.6
11,Zprime_4000GeV_075,0.744810772664,4000.0,0.75
12,Zprime_4000GeV_030,0.863363109385,4000.0,0.3
13,Zprime_4000GeV_015,0.880966513946,4000.0,0.15
14,Zprime_3000GeV_030,0.849653941348,3000.0,0.3
15,Zprime_1500GeV_045,0.793833424574,1500.0,0.45
16,Zprime_3000GeV_075,0.749899358102,3000.0,0.75
17,Zprime_1500GeV_060,0.774653285792,1500.0,0.6
18,Zprime_3000GeV_015,0.872180503873,3000.0,0.15
19,Zprime_3500GeV_015,0.876438585312,3500.0,0.15
20,Zprime_3500GeV_030,0.857425903792,3500.0,0.3
21,Zprime_2000GeV_030,0.843959561109,2000.0,0.3
22,Zprime_2000GeV_015,0.862339216487,2000.0,0.15
23,Zprime_3500GeV_075,0.750012353952,3500.0,0.75
24,Zprime_3500GeV_045,0.829308985618,3500.0,0.45
25,Zprime_2500GeV_030,0.84605580847,2500.0,0.3
26,Zprime_2000GeV_060,0.791141995527,2000.0,0.6
27,Zprime_4000GeV_060,0.79494465504,4000.0,0.6
28,Zprime_2500GeV_075,0.747387352433,2500.0,0.75
29,Zprime_4000GeV_045,0.830844979198,4000.0,0.45
