,name,auc,mass,nu
0,Zprime_1500GeV_075,0.743292291552,1500.0,0.75
1,Zprime_1500GeV_015,0.831484554134,1500.0,0.15
2,Zprime_3000GeV_060,0.763353564692,3000.0,0.6
3,Zprime_1500GeV_030,0.819768725235,1500.0,0.3
4,Zprime_3000GeV_045,0.793070760479,3000.0,0.45
5,Zprime_2000GeV_045,0.800571815301,2000.0,0.45
6,Zprime_2500GeV_015,0.835379071669,2500.0,0.15
7,Zprime_3500GeV_060,0.764063483776,3500.0,0.6
8,Zprime_2500GeV_045,0.795603264902,2500.0,0.45
9,Zprime_2000GeV_075,0.747818128507,2000.0,0.75
10,Zprime_2500GeV_060,0.767031414089,2500.0,0.6
11,Zprime_4000GeV_075,0.725243302447,4000.0,0.75
12,Zprime_4000GeV_030,0.821743042813,4000.0,0.3
13,Zprime_4000GeV_015,0.841097083842,4000.0,0.15
14,Zprime_3000GeV_030,0.81351389031,3000.0,0.3
15,Zprime_1500GeV_045,0.796544566756,1500.0,0.45
16,Zprime_3000GeV_075,0.73132100105,3000.0,0.75
17,Zprime_1500GeV_060,0.77655943874,1500.0,0.6
18,Zprime_3000GeV_015,0.834590185097,3000.0,0.15
19,Zprime_3500GeV_015,0.834522900934,3500.0,0.15
20,Zprime_3500GeV_030,0.818199099683,3500.0,0.3
21,Zprime_2000GeV_030,0.823506601371,2000.0,0.3
22,Zprime_2000GeV_015,0.839403729666,2000.0,0.15
23,Zprime_3500GeV_075,0.728753382798,3500.0,0.75
24,Zprime_3500GeV_045,0.791532433351,3500.0,0.45
25,Zprime_2500GeV_030,0.81765202226,2500.0,0.3
26,Zprime_2000GeV_060,0.773277001291,2000.0,0.6
27,Zprime_4000GeV_060,0.765201023326,4000.0,0.6
28,Zprime_2500GeV_075,0.735053744275,2500.0,0.75
29,Zprime_4000GeV_045,0.793703788966,4000.0,0.45
