,name,auc,mass,nu
0,Zprime_1500GeV_075,0.72311092884,1500.0,0.75
1,Zprime_1500GeV_015,0.811883155509,1500.0,0.15
2,Zprime_3000GeV_060,0.743607428577,3000.0,0.6
3,Zprime_1500GeV_030,0.800069261697,1500.0,0.3
4,Zprime_3000GeV_045,0.775400409117,3000.0,0.45
5,Zprime_2000GeV_045,0.77733085831,2000.0,0.45
6,Zprime_2500GeV_015,0.817608936814,2500.0,0.15
7,Zprime_3500GeV_060,0.746120858896,3500.0,0.6
8,Zprime_2500GeV_045,0.774408783087,2500.0,0.45
9,Zprime_2000GeV_075,0.721764164783,2000.0,0.75
10,Zprime_2500GeV_060,0.745862455999,2500.0,0.6
11,Zprime_4000GeV_075,0.709081899416,4000.0,0.75
12,Zprime_4000GeV_030,0.813135289361,4000.0,0.3
13,Zprime_4000GeV_015,0.834648745322,4000.0,0.15
14,Zprime_3000GeV_030,0.797447708856,3000.0,0.3
15,Zprime_1500GeV_045,0.773210495019,1500.0,0.45
16,Zprime_3000GeV_075,0.710089155815,3000.0,0.75
17,Zprime_1500GeV_060,0.756260932332,1500.0,0.6
18,Zprime_3000GeV_015,0.819779456285,3000.0,0.15
19,Zprime_3500GeV_015,0.824746790086,3500.0,0.15
20,Zprime_3500GeV_030,0.804939624425,3500.0,0.3
21,Zprime_2000GeV_030,0.800495455505,2000.0,0.3
22,Zprime_2000GeV_015,0.817713439992,2000.0,0.15
23,Zprime_3500GeV_075,0.709996887603,3500.0,0.75
24,Zprime_3500GeV_045,0.776987325806,3500.0,0.45
25,Zprime_2500GeV_030,0.797837010125,2500.0,0.3
26,Zprime_2000GeV_060,0.749948522639,2000.0,0.6
27,Zprime_4000GeV_060,0.750468317341,4000.0,0.6
28,Zprime_2500GeV_075,0.710266739817,2500.0,0.75
29,Zprime_4000GeV_045,0.783342248927,4000.0,0.45
