,name,auc,mass,nu
0,Zprime_1500GeV_075,0.782987512678,1500.0,0.75
1,Zprime_1500GeV_015,0.846265815522,1500.0,0.15
2,Zprime_3000GeV_060,0.794234674636,3000.0,0.6
3,Zprime_1500GeV_030,0.830888541567,1500.0,0.3
4,Zprime_3000GeV_045,0.81865454832,3000.0,0.45
5,Zprime_2000GeV_045,0.822485750051,2000.0,0.45
6,Zprime_2500GeV_015,0.851374234747,2500.0,0.15
7,Zprime_3500GeV_060,0.791730520598,3500.0,0.6
8,Zprime_2500GeV_045,0.818484897844,2500.0,0.45
9,Zprime_2000GeV_075,0.783567028428,2000.0,0.75
10,Zprime_2500GeV_060,0.796007906766,2500.0,0.6
11,Zprime_4000GeV_075,0.762004759449,4000.0,0.75
12,Zprime_4000GeV_030,0.849095495083,4000.0,0.3
13,Zprime_4000GeV_015,0.860604634572,4000.0,0.15
14,Zprime_3000GeV_030,0.839080001729,3000.0,0.3
15,Zprime_1500GeV_045,0.812155333578,1500.0,0.45
16,Zprime_3000GeV_075,0.767733902098,3000.0,0.75
17,Zprime_1500GeV_060,0.800532991259,1500.0,0.6
18,Zprime_3000GeV_015,0.857447437167,3000.0,0.15
19,Zprime_3500GeV_015,0.860273006181,3500.0,0.15
20,Zprime_3500GeV_030,0.844500618911,3500.0,0.3
21,Zprime_2000GeV_030,0.839819137482,2000.0,0.3
22,Zprime_2000GeV_015,0.85142768338,2000.0,0.15
23,Zprime_3500GeV_075,0.766054924857,3500.0,0.75
24,Zprime_3500GeV_045,0.822049708371,3500.0,0.45
25,Zprime_2500GeV_030,0.836074003863,2500.0,0.3
26,Zprime_2000GeV_060,0.799767934347,2000.0,0.6
27,Zprime_4000GeV_060,0.795263030685,4000.0,0.6
28,Zprime_2500GeV_075,0.773941966837,2500.0,0.75
29,Zprime_4000GeV_045,0.823870246226,4000.0,0.45
