,name,auc,mass,nu
0,Zprime_1500GeV_075,0.792261601468,1500.0,0.75
1,Zprime_1500GeV_015,0.866776423644,1500.0,0.15
2,Zprime_3000GeV_060,0.799026931388,3000.0,0.6
3,Zprime_1500GeV_030,0.854402456585,1500.0,0.3
4,Zprime_3000GeV_045,0.82755125386,3000.0,0.45
5,Zprime_2000GeV_045,0.835828053555,2000.0,0.45
6,Zprime_2500GeV_015,0.866301654467,2500.0,0.15
7,Zprime_3500GeV_060,0.797017346575,3500.0,0.6
8,Zprime_2500GeV_045,0.830292590057,2500.0,0.45
9,Zprime_2000GeV_075,0.789499701915,2000.0,0.75
10,Zprime_2500GeV_060,0.803313292582,2500.0,0.6
11,Zprime_4000GeV_075,0.755457215959,4000.0,0.75
12,Zprime_4000GeV_030,0.852404577398,4000.0,0.3
13,Zprime_4000GeV_015,0.86609236716,4000.0,0.15
14,Zprime_3000GeV_030,0.848411986281,3000.0,0.3
15,Zprime_1500GeV_045,0.834535484388,1500.0,0.45
16,Zprime_3000GeV_075,0.768038682315,3000.0,0.75
17,Zprime_1500GeV_060,0.821173034073,1500.0,0.6
18,Zprime_3000GeV_015,0.865557022037,3000.0,0.15
19,Zprime_3500GeV_015,0.864709783572,3500.0,0.15
20,Zprime_3500GeV_030,0.850623221617,3500.0,0.3
21,Zprime_2000GeV_030,0.856115218711,2000.0,0.3
22,Zprime_2000GeV_015,0.868844058396,2000.0,0.15
23,Zprime_3500GeV_075,0.760849249519,3500.0,0.75
24,Zprime_3500GeV_045,0.823794490716,3500.0,0.45
25,Zprime_2500GeV_030,0.850491461357,2500.0,0.3
26,Zprime_2000GeV_060,0.812609826185,2000.0,0.6
27,Zprime_4000GeV_060,0.798225466609,4000.0,0.6
28,Zprime_2500GeV_075,0.774921528524,2500.0,0.75
29,Zprime_4000GeV_045,0.825337175676,4000.0,0.45
