,name,auc,mass,nu
0,Zprime_1500GeV_075,0.718165689775,1500.0,0.75
1,Zprime_1500GeV_015,0.814546282455,1500.0,0.15
2,Zprime_3000GeV_060,0.757385771182,3000.0,0.6
3,Zprime_1500GeV_030,0.796706583453,1500.0,0.3
4,Zprime_3000GeV_045,0.785048699529,3000.0,0.45
5,Zprime_2000GeV_045,0.795510168826,2000.0,0.45
6,Zprime_2500GeV_015,0.828390781234,2500.0,0.15
7,Zprime_3500GeV_060,0.752868981399,3500.0,0.6
8,Zprime_2500GeV_045,0.788503490444,2500.0,0.45
9,Zprime_2000GeV_075,0.729548708273,2000.0,0.75
10,Zprime_2500GeV_060,0.760471253947,2500.0,0.6
11,Zprime_4000GeV_075,0.71595452566,4000.0,0.75
12,Zprime_4000GeV_030,0.802948706446,4000.0,0.3
13,Zprime_4000GeV_015,0.817160731423,4000.0,0.15
14,Zprime_3000GeV_030,0.805121215535,3000.0,0.3
15,Zprime_1500GeV_045,0.769126632604,1500.0,0.45
16,Zprime_3000GeV_075,0.725345455932,3000.0,0.75
17,Zprime_1500GeV_060,0.752587616528,1500.0,0.6
18,Zprime_3000GeV_015,0.823489362205,3000.0,0.15
19,Zprime_3500GeV_015,0.817923650604,3500.0,0.15
20,Zprime_3500GeV_030,0.804337416153,3500.0,0.3
21,Zprime_2000GeV_030,0.81669363746,2000.0,0.3
22,Zprime_2000GeV_015,0.833577048098,2000.0,0.15
23,Zprime_3500GeV_075,0.720622024899,3500.0,0.75
24,Zprime_3500GeV_045,0.781433909621,3500.0,0.45
25,Zprime_2500GeV_030,0.809726598917,2500.0,0.3
26,Zprime_2000GeV_060,0.763640817228,2000.0,0.6
27,Zprime_4000GeV_060,0.752248256259,4000.0,0.6
28,Zprime_2500GeV_075,0.722146244457,2500.0,0.75
29,Zprime_4000GeV_045,0.780326688294,4000.0,0.45
