,name,auc,mass,nu
0,Zprime_1500GeV_075,0.723518629698,1500.0,0.75
1,Zprime_1500GeV_015,0.818405280593,1500.0,0.15
2,Zprime_3000GeV_060,0.748019721447,3000.0,0.6
3,Zprime_1500GeV_030,0.802124701132,1500.0,0.3
4,Zprime_3000GeV_045,0.778934725243,3000.0,0.45
5,Zprime_2000GeV_045,0.783299818996,2000.0,0.45
6,Zprime_2500GeV_015,0.818725563326,2500.0,0.15
7,Zprime_3500GeV_060,0.750393418628,3500.0,0.6
8,Zprime_2500GeV_045,0.77911890317,2500.0,0.45
9,Zprime_2000GeV_075,0.731300872728,2000.0,0.75
10,Zprime_2500GeV_060,0.750261062422,2500.0,0.6
11,Zprime_4000GeV_075,0.710107206588,4000.0,0.75
12,Zprime_4000GeV_030,0.814209253609,4000.0,0.3
13,Zprime_4000GeV_015,0.834189965302,4000.0,0.15
14,Zprime_3000GeV_030,0.800599485921,3000.0,0.3
15,Zprime_1500GeV_045,0.777307127828,1500.0,0.45
16,Zprime_3000GeV_075,0.714594398237,3000.0,0.75
17,Zprime_1500GeV_060,0.758632355376,1500.0,0.6
18,Zprime_3000GeV_015,0.822375592088,3000.0,0.15
19,Zprime_3500GeV_015,0.824568339931,3500.0,0.15
20,Zprime_3500GeV_030,0.807981664924,3500.0,0.3
21,Zprime_2000GeV_030,0.80592934163,2000.0,0.3
22,Zprime_2000GeV_015,0.8224124211,2000.0,0.15
23,Zprime_3500GeV_075,0.712634913251,3500.0,0.75
24,Zprime_3500GeV_045,0.777636240486,3500.0,0.45
25,Zprime_2500GeV_030,0.801908263476,2500.0,0.3
26,Zprime_2000GeV_060,0.755732747723,2000.0,0.6
27,Zprime_4000GeV_060,0.752253136419,4000.0,0.6
28,Zprime_2500GeV_075,0.716778603934,2500.0,0.75
29,Zprime_4000GeV_045,0.782465391428,4000.0,0.45
