,name,auc,mass,nu
0,Zprime_1500GeV_075,0.776993471496,1500.0,0.75
1,Zprime_1500GeV_015,0.856983525415,1500.0,0.15
2,Zprime_3000GeV_060,0.788588992132,3000.0,0.6
3,Zprime_1500GeV_030,0.843640842019,1500.0,0.3
4,Zprime_3000GeV_045,0.815950349424,3000.0,0.45
5,Zprime_2000GeV_045,0.826831250581,2000.0,0.45
6,Zprime_2500GeV_015,0.856192135156,2500.0,0.15
7,Zprime_3500GeV_060,0.785986494309,3500.0,0.6
8,Zprime_2500GeV_045,0.820321761618,2500.0,0.45
9,Zprime_2000GeV_075,0.774213493972,2000.0,0.75
10,Zprime_2500GeV_060,0.794351699793,2500.0,0.6
11,Zprime_4000GeV_075,0.745503062308,4000.0,0.75
12,Zprime_4000GeV_030,0.837880586047,4000.0,0.3
13,Zprime_4000GeV_015,0.851114112326,4000.0,0.15
14,Zprime_3000GeV_030,0.835341384582,3000.0,0.3
15,Zprime_1500GeV_045,0.822576392912,1500.0,0.45
16,Zprime_3000GeV_075,0.756393418302,3000.0,0.75
17,Zprime_1500GeV_060,0.804858303374,1500.0,0.6
18,Zprime_3000GeV_015,0.851398579765,3000.0,0.15
19,Zprime_3500GeV_015,0.848468371147,3500.0,0.15
20,Zprime_3500GeV_030,0.835462386946,3500.0,0.3
21,Zprime_2000GeV_030,0.847951024834,2000.0,0.3
22,Zprime_2000GeV_015,0.8620400279,2000.0,0.15
23,Zprime_3500GeV_075,0.750767584085,3500.0,0.75
24,Zprime_3500GeV_045,0.81244158152,3500.0,0.45
25,Zprime_2500GeV_030,0.840919699617,2500.0,0.3
26,Zprime_2000GeV_060,0.800792290978,2000.0,0.6
27,Zprime_4000GeV_060,0.785550050074,4000.0,0.6
28,Zprime_2500GeV_075,0.760762086456,2500.0,0.75
29,Zprime_4000GeV_045,0.812554111893,4000.0,0.45
