,name,auc,mass,nu
0,Zprime_1500GeV_075,0.7949727886,1500.0,0.75
1,Zprime_1500GeV_015,0.868699518838,1500.0,0.15
2,Zprime_3000GeV_060,0.803458674784,3000.0,0.6
3,Zprime_1500GeV_030,0.858708648763,1500.0,0.3
4,Zprime_3000GeV_045,0.831369433691,3000.0,0.45
5,Zprime_2000GeV_045,0.840725473727,2000.0,0.45
6,Zprime_2500GeV_015,0.869527488663,2500.0,0.15
7,Zprime_3500GeV_060,0.800941055735,3500.0,0.6
8,Zprime_2500GeV_045,0.834217621809,2500.0,0.45
9,Zprime_2000GeV_075,0.793278162268,2000.0,0.75
10,Zprime_2500GeV_060,0.808689002115,2500.0,0.6
11,Zprime_4000GeV_075,0.761981531532,4000.0,0.75
12,Zprime_4000GeV_030,0.856805845539,4000.0,0.3
13,Zprime_4000GeV_015,0.86897875822,4000.0,0.15
14,Zprime_3000GeV_030,0.851650179233,3000.0,0.3
15,Zprime_1500GeV_045,0.838192801906,1500.0,0.45
16,Zprime_3000GeV_075,0.773695993216,3000.0,0.75
17,Zprime_1500GeV_060,0.824468270224,1500.0,0.6
18,Zprime_3000GeV_015,0.869358142466,3000.0,0.15
19,Zprime_3500GeV_015,0.867539026836,3500.0,0.15
20,Zprime_3500GeV_030,0.854600118254,3500.0,0.3
21,Zprime_2000GeV_030,0.860674253744,2000.0,0.3
22,Zprime_2000GeV_015,0.872120648211,2000.0,0.15
23,Zprime_3500GeV_075,0.766687392325,3500.0,0.75
24,Zprime_3500GeV_045,0.828450220768,3500.0,0.45
25,Zprime_2500GeV_030,0.854235294956,2500.0,0.3
26,Zprime_2000GeV_060,0.817802337633,2000.0,0.6
27,Zprime_4000GeV_060,0.801911642153,4000.0,0.6
28,Zprime_2500GeV_075,0.779315923129,2500.0,0.75
29,Zprime_4000GeV_045,0.830173544411,4000.0,0.45
