,name,auc,mass,nu
0,Zprime_1500GeV_075,0.767944534454,1500.0,0.75
1,Zprime_1500GeV_015,0.848206048835,1500.0,0.15
2,Zprime_3000GeV_060,0.780768261751,3000.0,0.6
3,Zprime_1500GeV_030,0.834059915141,1500.0,0.3
4,Zprime_3000GeV_045,0.809827722577,3000.0,0.45
5,Zprime_2000GeV_045,0.822880946435,2000.0,0.45
6,Zprime_2500GeV_015,0.854805151423,2500.0,0.15
7,Zprime_3500GeV_060,0.77478420218,3500.0,0.6
8,Zprime_2500GeV_045,0.816169707323,2500.0,0.45
9,Zprime_2000GeV_075,0.76595943911,2000.0,0.75
10,Zprime_2500GeV_060,0.787554388845,2500.0,0.6
11,Zprime_4000GeV_075,0.731990081628,4000.0,0.75
12,Zprime_4000GeV_030,0.827622837742,4000.0,0.3
13,Zprime_4000GeV_015,0.839808065492,4000.0,0.15
14,Zprime_3000GeV_030,0.830179756761,3000.0,0.3
15,Zprime_1500GeV_045,0.811150331072,1500.0,0.45
16,Zprime_3000GeV_075,0.746908115621,3000.0,0.75
17,Zprime_1500GeV_060,0.791624479736,1500.0,0.6
18,Zprime_3000GeV_015,0.847940261736,3000.0,0.15
19,Zprime_3500GeV_015,0.842804093997,3500.0,0.15
20,Zprime_3500GeV_030,0.830730246894,3500.0,0.3
21,Zprime_2000GeV_030,0.844302490359,2000.0,0.3
22,Zprime_2000GeV_015,0.860274738257,2000.0,0.15
23,Zprime_3500GeV_075,0.74077655718,3500.0,0.75
24,Zprime_3500GeV_045,0.804670051899,3500.0,0.45
25,Zprime_2500GeV_030,0.837371159906,2500.0,0.3
26,Zprime_2000GeV_060,0.79508381345,2000.0,0.6
27,Zprime_4000GeV_060,0.770921780563,4000.0,0.6
28,Zprime_2500GeV_075,0.751128235051,2500.0,0.75
29,Zprime_4000GeV_045,0.801373672014,4000.0,0.45
