,name,auc,mass,nu
0,Zprime_1500GeV_075,0.77044668519,1500.0,0.75
1,Zprime_1500GeV_015,0.845270722286,1500.0,0.15
2,Zprime_3000GeV_060,0.785903486943,3000.0,0.6
3,Zprime_1500GeV_030,0.831191750748,1500.0,0.3
4,Zprime_3000GeV_045,0.815374188795,3000.0,0.45
5,Zprime_2000GeV_045,0.821247667994,2000.0,0.45
6,Zprime_2500GeV_015,0.853809035974,2500.0,0.15
7,Zprime_3500GeV_060,0.787471022982,3500.0,0.6
8,Zprime_2500GeV_045,0.813750177752,2500.0,0.45
9,Zprime_2000GeV_075,0.769101562943,2000.0,0.75
10,Zprime_2500GeV_060,0.786293637034,2500.0,0.6
11,Zprime_4000GeV_075,0.751645645633,4000.0,0.75
12,Zprime_4000GeV_030,0.855307164022,4000.0,0.3
13,Zprime_4000GeV_015,0.870482482796,4000.0,0.15
14,Zprime_3000GeV_030,0.839479134929,3000.0,0.3
15,Zprime_1500GeV_045,0.808731044424,1500.0,0.45
16,Zprime_3000GeV_075,0.755368724182,3000.0,0.75
17,Zprime_1500GeV_060,0.792128684066,1500.0,0.6
18,Zprime_3000GeV_015,0.861267285417,3000.0,0.15
19,Zprime_3500GeV_015,0.867936252884,3500.0,0.15
20,Zprime_3500GeV_030,0.848374518562,3500.0,0.3
21,Zprime_2000GeV_030,0.838860215923,2000.0,0.3
22,Zprime_2000GeV_015,0.85477099497,2000.0,0.15
23,Zprime_3500GeV_075,0.753175626612,3500.0,0.75
24,Zprime_3500GeV_045,0.820931617246,3500.0,0.45
25,Zprime_2500GeV_030,0.835937888515,2500.0,0.3
26,Zprime_2000GeV_060,0.793672937172,2000.0,0.6
27,Zprime_4000GeV_060,0.791989749499,4000.0,0.6
28,Zprime_2500GeV_075,0.758656380831,2500.0,0.75
29,Zprime_4000GeV_045,0.825318221027,4000.0,0.45
