,name,auc,mass,nu
0,Zprime_1500GeV_075,0.757388925079,1500.0,0.75
1,Zprime_1500GeV_015,0.842223213551,1500.0,0.15
2,Zprime_3000GeV_060,0.778960425654,3000.0,0.6
3,Zprime_1500GeV_030,0.829790113738,1500.0,0.3
4,Zprime_3000GeV_045,0.811941567689,3000.0,0.45
5,Zprime_2000GeV_045,0.81495039658,2000.0,0.45
6,Zprime_2500GeV_015,0.853980690579,2500.0,0.15
7,Zprime_3500GeV_060,0.780326688214,3500.0,0.6
8,Zprime_2500GeV_045,0.810728329933,2500.0,0.45
9,Zprime_2000GeV_075,0.75810040767,2000.0,0.75
10,Zprime_2500GeV_060,0.780191555231,2500.0,0.6
11,Zprime_4000GeV_075,0.736732877618,4000.0,0.75
12,Zprime_4000GeV_030,0.84749391321,4000.0,0.3
13,Zprime_4000GeV_015,0.866253868897,4000.0,0.15
14,Zprime_3000GeV_030,0.83629596917,3000.0,0.3
15,Zprime_1500GeV_045,0.804806516388,1500.0,0.45
16,Zprime_3000GeV_075,0.742605165718,3000.0,0.75
17,Zprime_1500GeV_060,0.787213846061,1500.0,0.6
18,Zprime_3000GeV_015,0.857590064637,3000.0,0.15
19,Zprime_3500GeV_015,0.860658392834,3500.0,0.15
20,Zprime_3500GeV_030,0.842858903246,3500.0,0.3
21,Zprime_2000GeV_030,0.836230904104,2000.0,0.3
22,Zprime_2000GeV_015,0.852972921643,2000.0,0.15
23,Zprime_3500GeV_075,0.740632171427,3500.0,0.75
24,Zprime_3500GeV_045,0.81287354463,3500.0,0.45
25,Zprime_2500GeV_030,0.835366078122,2500.0,0.3
26,Zprime_2000GeV_060,0.785336744404,2000.0,0.6
27,Zprime_4000GeV_060,0.782935245839,4000.0,0.6
28,Zprime_2500GeV_075,0.745858204582,2500.0,0.75
29,Zprime_4000GeV_045,0.816420262205,4000.0,0.45
