,name,auc,mass,nu
0,Zprime_1500GeV_075,0.795352935732,1500.0,0.75
1,Zprime_1500GeV_015,0.87563887382,1500.0,0.15
2,Zprime_3000GeV_060,0.806466387824,3000.0,0.6
3,Zprime_1500GeV_030,0.863370129961,1500.0,0.3
4,Zprime_3000GeV_045,0.839195839759,3000.0,0.45
5,Zprime_2000GeV_045,0.843779780582,2000.0,0.45
6,Zprime_2500GeV_015,0.882523544105,2500.0,0.15
7,Zprime_3500GeV_060,0.804733395152,3500.0,0.6
8,Zprime_2500GeV_045,0.840297650469,2500.0,0.45
9,Zprime_2000GeV_075,0.791824073943,2000.0,0.75
10,Zprime_2500GeV_060,0.81039433552,2500.0,0.6
11,Zprime_4000GeV_075,0.760392901165,4000.0,0.75
12,Zprime_4000GeV_030,0.863598522613,4000.0,0.3
13,Zprime_4000GeV_015,0.876517230042,4000.0,0.15
14,Zprime_3000GeV_030,0.861581864634,3000.0,0.3
15,Zprime_1500GeV_045,0.84407013304,1500.0,0.45
16,Zprime_3000GeV_075,0.772772095794,3000.0,0.75
17,Zprime_1500GeV_060,0.828558120188,1500.0,0.6
18,Zprime_3000GeV_015,0.881407624012,3000.0,0.15
19,Zprime_3500GeV_015,0.8787023192,3500.0,0.15
20,Zprime_3500GeV_030,0.863906216456,3500.0,0.3
21,Zprime_2000GeV_030,0.866489204199,2000.0,0.3
22,Zprime_2000GeV_015,0.881302649706,2000.0,0.15
23,Zprime_3500GeV_075,0.766986850347,3500.0,0.75
24,Zprime_3500GeV_045,0.835371648721,3500.0,0.45
25,Zprime_2500GeV_030,0.863883311757,2500.0,0.3
26,Zprime_2000GeV_060,0.818873918883,2000.0,0.6
27,Zprime_4000GeV_060,0.805014394203,4000.0,0.6
28,Zprime_2500GeV_075,0.779230174028,2500.0,0.75
29,Zprime_4000GeV_045,0.835101364411,4000.0,0.45
