,name,auc,mass,nu
0,Zprime_1500GeV_075,0.725349105973,1500.0,0.75
1,Zprime_1500GeV_015,0.822025029975,1500.0,0.15
2,Zprime_3000GeV_060,0.750293996542,3000.0,0.6
3,Zprime_1500GeV_030,0.805525998324,1500.0,0.3
4,Zprime_3000GeV_045,0.780707382589,3000.0,0.45
5,Zprime_2000GeV_045,0.788238225446,2000.0,0.45
6,Zprime_2500GeV_015,0.823876263188,2500.0,0.15
7,Zprime_3500GeV_060,0.750261475006,3500.0,0.6
8,Zprime_2500GeV_045,0.783918798856,2500.0,0.45
9,Zprime_2000GeV_075,0.730906383097,2000.0,0.75
10,Zprime_2500GeV_060,0.753948454609,2500.0,0.6
11,Zprime_4000GeV_075,0.710252065303,4000.0,0.75
12,Zprime_4000GeV_030,0.808735082795,4000.0,0.3
13,Zprime_4000GeV_015,0.826952689259,4000.0,0.15
14,Zprime_3000GeV_030,0.80102829137,3000.0,0.3
15,Zprime_1500GeV_045,0.780602575582,1500.0,0.45
16,Zprime_3000GeV_075,0.716617040937,3000.0,0.75
17,Zprime_1500GeV_060,0.761038286079,1500.0,0.6
18,Zprime_3000GeV_015,0.820712929197,3000.0,0.15
19,Zprime_3500GeV_015,0.820302431246,3500.0,0.15
20,Zprime_3500GeV_030,0.803051360093,3500.0,0.3
21,Zprime_2000GeV_030,0.813404227335,2000.0,0.3
22,Zprime_2000GeV_015,0.830547649727,2000.0,0.15
23,Zprime_3500GeV_075,0.713496924114,3500.0,0.75
24,Zprime_3500GeV_045,0.778025873667,3500.0,0.45
25,Zprime_2500GeV_030,0.807160965937,2500.0,0.3
26,Zprime_2000GeV_060,0.759551754224,2000.0,0.6
27,Zprime_4000GeV_060,0.752184712944,4000.0,0.6
28,Zprime_2500GeV_075,0.718971173593,2500.0,0.75
29,Zprime_4000GeV_045,0.780060603141,4000.0,0.45
