,name,auc,mass,nu
0,Zprime_1500GeV_075,0.795783344841,1500.0,0.75
1,Zprime_1500GeV_015,0.869234626602,1500.0,0.15
2,Zprime_3000GeV_060,0.80614743067,3000.0,0.6
3,Zprime_1500GeV_030,0.8583233095,1500.0,0.3
4,Zprime_3000GeV_045,0.835085691063,3000.0,0.45
5,Zprime_2000GeV_045,0.842749112716,2000.0,0.45
6,Zprime_2500GeV_015,0.872721732828,2500.0,0.15
7,Zprime_3500GeV_060,0.803997615096,3500.0,0.6
8,Zprime_2500GeV_045,0.836467725139,2500.0,0.45
9,Zprime_2000GeV_075,0.794457878221,2000.0,0.75
10,Zprime_2500GeV_060,0.810949392172,2500.0,0.6
11,Zprime_4000GeV_075,0.765735692803,4000.0,0.75
12,Zprime_4000GeV_030,0.85972052538,4000.0,0.3
13,Zprime_4000GeV_015,0.874571017269,4000.0,0.15
14,Zprime_3000GeV_030,0.853783750008,3000.0,0.3
15,Zprime_1500GeV_045,0.838614430715,1500.0,0.45
16,Zprime_3000GeV_075,0.774596190954,3000.0,0.75
17,Zprime_1500GeV_060,0.825542466946,1500.0,0.6
18,Zprime_3000GeV_015,0.871521014999,3000.0,0.15
19,Zprime_3500GeV_015,0.870799311449,3500.0,0.15
20,Zprime_3500GeV_030,0.857647822534,3500.0,0.3
21,Zprime_2000GeV_030,0.862876715446,2000.0,0.3
22,Zprime_2000GeV_015,0.873840750159,2000.0,0.15
23,Zprime_3500GeV_075,0.770725630863,3500.0,0.75
24,Zprime_3500GeV_045,0.831778856225,3500.0,0.45
25,Zprime_2500GeV_030,0.856580740755,2500.0,0.3
26,Zprime_2000GeV_060,0.819101351811,2000.0,0.6
27,Zprime_4000GeV_060,0.806254583223,4000.0,0.6
28,Zprime_2500GeV_075,0.780907134147,2500.0,0.75
29,Zprime_4000GeV_045,0.833598088282,4000.0,0.45
