,name,auc,mass,nu
0,Zprime_1500GeV_075,0.783543448761,1500.0,0.75
1,Zprime_1500GeV_015,0.854119635254,1500.0,0.15
2,Zprime_3000GeV_060,0.806880233189,3000.0,0.6
3,Zprime_1500GeV_030,0.839671856776,1500.0,0.3
4,Zprime_3000GeV_045,0.831441075824,3000.0,0.45
5,Zprime_2000GeV_045,0.83690084938,2000.0,0.45
6,Zprime_2500GeV_015,0.865012534243,2500.0,0.15
7,Zprime_3500GeV_060,0.804476544589,3500.0,0.6
8,Zprime_2500GeV_045,0.831772302744,2500.0,0.45
9,Zprime_2000GeV_075,0.788336676325,2000.0,0.75
10,Zprime_2500GeV_060,0.807530298202,2500.0,0.6
11,Zprime_4000GeV_075,0.77337151346,4000.0,0.75
12,Zprime_4000GeV_030,0.863872918271,4000.0,0.3
13,Zprime_4000GeV_015,0.877396653594,4000.0,0.15
14,Zprime_3000GeV_030,0.850890488845,3000.0,0.3
15,Zprime_1500GeV_045,0.819472618818,1500.0,0.45
16,Zprime_3000GeV_075,0.777614841995,3000.0,0.75
17,Zprime_1500GeV_060,0.805796683204,1500.0,0.6
18,Zprime_3000GeV_015,0.869210225737,3000.0,0.15
19,Zprime_3500GeV_015,0.873464146593,3500.0,0.15
20,Zprime_3500GeV_030,0.858184598079,3500.0,0.3
21,Zprime_2000GeV_030,0.854769073596,2000.0,0.3
22,Zprime_2000GeV_015,0.867420298669,2000.0,0.15
23,Zprime_3500GeV_075,0.776380134623,3500.0,0.75
24,Zprime_3500GeV_045,0.834882472628,3500.0,0.45
25,Zprime_2500GeV_030,0.849820384132,2500.0,0.3
26,Zprime_2000GeV_060,0.811082752173,2000.0,0.6
27,Zprime_4000GeV_060,0.808883688626,4000.0,0.6
28,Zprime_2500GeV_075,0.780620178604,2500.0,0.75
29,Zprime_4000GeV_045,0.838214347252,4000.0,0.45
