,name,auc,mass,nu
0,Zprime_1500GeV_075,0.778994325137,1500.0,0.75
1,Zprime_1500GeV_015,0.857406693451,1500.0,0.15
2,Zprime_3000GeV_060,0.795511679377,3000.0,0.6
3,Zprime_1500GeV_030,0.843215263059,1500.0,0.3
4,Zprime_3000GeV_045,0.821449238476,3000.0,0.45
5,Zprime_2000GeV_045,0.838703762621,2000.0,0.45
6,Zprime_2500GeV_015,0.862581675389,2500.0,0.15
7,Zprime_3500GeV_060,0.78964102903,3500.0,0.6
8,Zprime_2500GeV_045,0.82712948937,2500.0,0.45
9,Zprime_2000GeV_075,0.78654332083,2000.0,0.75
10,Zprime_2500GeV_060,0.802186797395,2500.0,0.6
11,Zprime_4000GeV_075,0.751452218463,4000.0,0.75
12,Zprime_4000GeV_030,0.847532192246,4000.0,0.3
13,Zprime_4000GeV_015,0.865424542298,4000.0,0.15
14,Zprime_3000GeV_030,0.842057363103,3000.0,0.3
15,Zprime_1500GeV_045,0.824915318679,1500.0,0.45
16,Zprime_3000GeV_075,0.766681261631,3000.0,0.75
17,Zprime_1500GeV_060,0.80585068478,1500.0,0.6
18,Zprime_3000GeV_015,0.859554959823,3000.0,0.15
19,Zprime_3500GeV_015,0.861193641086,3500.0,0.15
20,Zprime_3500GeV_030,0.844748969368,3500.0,0.3
21,Zprime_2000GeV_030,0.856538305221,2000.0,0.3
22,Zprime_2000GeV_015,0.869643509616,2000.0,0.15
23,Zprime_3500GeV_075,0.759159508346,3500.0,0.75
24,Zprime_3500GeV_045,0.819567206177,3500.0,0.45
25,Zprime_2500GeV_030,0.846671645851,2500.0,0.3
26,Zprime_2000GeV_060,0.811963984949,2000.0,0.6
27,Zprime_4000GeV_060,0.790011431025,4000.0,0.6
28,Zprime_2500GeV_075,0.771187688119,2500.0,0.75
29,Zprime_4000GeV_045,0.820431523388,4000.0,0.45
