,name,auc,mass,nu
0,Zprime_1500GeV_075,0.792739164634,1500.0,0.75
1,Zprime_1500GeV_015,0.866318091341,1500.0,0.15
2,Zprime_3000GeV_060,0.802663211258,3000.0,0.6
3,Zprime_1500GeV_030,0.855663749723,1500.0,0.3
4,Zprime_3000GeV_045,0.831742228026,3000.0,0.45
5,Zprime_2000GeV_045,0.83789481213,2000.0,0.45
6,Zprime_2500GeV_015,0.869516603416,2500.0,0.15
7,Zprime_3500GeV_060,0.801334774792,3500.0,0.6
8,Zprime_2500GeV_045,0.833354868641,2500.0,0.45
9,Zprime_2000GeV_075,0.791970785584,2000.0,0.75
10,Zprime_2500GeV_060,0.806156622449,2500.0,0.6
11,Zprime_4000GeV_075,0.761872674339,4000.0,0.75
12,Zprime_4000GeV_030,0.858384800767,4000.0,0.3
13,Zprime_4000GeV_015,0.872279783956,4000.0,0.15
14,Zprime_3000GeV_030,0.852068424546,3000.0,0.3
15,Zprime_1500GeV_045,0.836770288423,1500.0,0.45
16,Zprime_3000GeV_075,0.773378191337,3000.0,0.75
17,Zprime_1500GeV_060,0.8202671799,1500.0,0.6
18,Zprime_3000GeV_015,0.870564217241,3000.0,0.15
19,Zprime_3500GeV_015,0.869642372485,3500.0,0.15
20,Zprime_3500GeV_030,0.855497539398,3500.0,0.3
21,Zprime_2000GeV_030,0.858180360719,2000.0,0.3
22,Zprime_2000GeV_015,0.870470003385,2000.0,0.15
23,Zprime_3500GeV_075,0.766550160588,3500.0,0.75
24,Zprime_3500GeV_045,0.829668487846,3500.0,0.45
25,Zprime_2500GeV_030,0.85343418745,2500.0,0.3
26,Zprime_2000GeV_060,0.814030029044,2000.0,0.6
27,Zprime_4000GeV_060,0.80332935376,4000.0,0.6
28,Zprime_2500GeV_075,0.779139722537,2500.0,0.75
29,Zprime_4000GeV_045,0.831522892156,4000.0,0.45
