,name,auc,mass,nu
0,Zprime_1500GeV_075,0.801954711627,1500.0,0.75
1,Zprime_1500GeV_015,0.872294700628,1500.0,0.15
2,Zprime_3000GeV_060,0.808808016703,3000.0,0.6
3,Zprime_1500GeV_030,0.862649734447,1500.0,0.3
4,Zprime_3000GeV_045,0.837976409416,3000.0,0.45
5,Zprime_2000GeV_045,0.846358615024,2000.0,0.45
6,Zprime_2500GeV_015,0.875915251284,2500.0,0.15
7,Zprime_3500GeV_060,0.806516035401,3500.0,0.6
8,Zprime_2500GeV_045,0.840044502051,2500.0,0.45
9,Zprime_2000GeV_075,0.801091311504,2000.0,0.75
10,Zprime_2500GeV_060,0.813932489061,2500.0,0.6
11,Zprime_4000GeV_075,0.76513191324,4000.0,0.75
12,Zprime_4000GeV_030,0.862746123644,4000.0,0.3
13,Zprime_4000GeV_015,0.877064938103,4000.0,0.15
14,Zprime_3000GeV_030,0.858400086543,3000.0,0.3
15,Zprime_1500GeV_045,0.844389118517,1500.0,0.45
16,Zprime_3000GeV_075,0.778822869422,3000.0,0.75
17,Zprime_1500GeV_060,0.828548601961,1500.0,0.6
18,Zprime_3000GeV_015,0.875781504943,3000.0,0.15
19,Zprime_3500GeV_015,0.875977469872,3500.0,0.15
20,Zprime_3500GeV_030,0.86140346773,3500.0,0.3
21,Zprime_2000GeV_030,0.865906149682,2000.0,0.3
22,Zprime_2000GeV_015,0.878076199911,2000.0,0.15
23,Zprime_3500GeV_075,0.771091864546,3500.0,0.75
24,Zprime_3500GeV_045,0.834155481644,3500.0,0.45
25,Zprime_2500GeV_030,0.859851193058,2500.0,0.3
26,Zprime_2000GeV_060,0.82345157198,2000.0,0.6
27,Zprime_4000GeV_060,0.806554660708,4000.0,0.6
28,Zprime_2500GeV_075,0.786010918365,2500.0,0.75
29,Zprime_4000GeV_045,0.835554070413,4000.0,0.45
