,name,auc,mass,nu
0,Zprime_1500GeV_075,0.800770307371,1500.0,0.75
1,Zprime_1500GeV_015,0.878582164459,1500.0,0.15
2,Zprime_3000GeV_060,0.81036792395,3000.0,0.6
3,Zprime_1500GeV_030,0.868156514962,1500.0,0.3
4,Zprime_3000GeV_045,0.841668896802,3000.0,0.45
5,Zprime_2000GeV_045,0.850954089529,2000.0,0.45
6,Zprime_2500GeV_015,0.886776838388,2500.0,0.15
7,Zprime_3500GeV_060,0.807121165495,3500.0,0.6
8,Zprime_2500GeV_045,0.845982356514,2500.0,0.45
9,Zprime_2000GeV_075,0.79743810206,2000.0,0.75
10,Zprime_2500GeV_060,0.817166475269,2500.0,0.6
11,Zprime_4000GeV_075,0.763029208827,4000.0,0.75
12,Zprime_4000GeV_030,0.861628247421,4000.0,0.3
13,Zprime_4000GeV_015,0.873736877359,4000.0,0.15
14,Zprime_3000GeV_030,0.86332207512,3000.0,0.3
15,Zprime_1500GeV_045,0.84974391529,1500.0,0.45
16,Zprime_3000GeV_075,0.776813685613,3000.0,0.75
17,Zprime_1500GeV_060,0.831228173497,1500.0,0.6
18,Zprime_3000GeV_015,0.881845880342,3000.0,0.15
19,Zprime_3500GeV_015,0.876113817675,3500.0,0.15
20,Zprime_3500GeV_030,0.8632944702,3500.0,0.3
21,Zprime_2000GeV_030,0.873607862866,2000.0,0.3
22,Zprime_2000GeV_015,0.88767831082,2000.0,0.15
23,Zprime_3500GeV_075,0.769412561021,3500.0,0.75
24,Zprime_3500GeV_045,0.836356843624,3500.0,0.45
25,Zprime_2500GeV_030,0.86827637006,2500.0,0.3
26,Zprime_2000GeV_060,0.825030260167,2000.0,0.6
27,Zprime_4000GeV_060,0.804984922993,4000.0,0.6
28,Zprime_2500GeV_075,0.783817969226,2500.0,0.75
29,Zprime_4000GeV_045,0.834600663664,4000.0,0.45
