,name,auc,mass,nu
0,Zprime_1500GeV_075,0.750378824448,1500.0,0.75
1,Zprime_1500GeV_015,0.817090134326,1500.0,0.15
2,Zprime_3000GeV_060,0.753328038268,3000.0,0.6
3,Zprime_1500GeV_030,0.80517535899,1500.0,0.3
4,Zprime_3000GeV_045,0.773271467092,3000.0,0.45
5,Zprime_2000GeV_045,0.79479395764,2000.0,0.45
6,Zprime_2500GeV_015,0.810768237604,2500.0,0.15
7,Zprime_3500GeV_060,0.748637297719,3500.0,0.6
8,Zprime_2500GeV_045,0.779781053046,2500.0,0.45
9,Zprime_2000GeV_075,0.755058314948,2000.0,0.75
10,Zprime_2500GeV_060,0.761283896747,2500.0,0.6
11,Zprime_4000GeV_075,0.721885637763,4000.0,0.75
12,Zprime_4000GeV_030,0.803634295746,4000.0,0.3
13,Zprime_4000GeV_015,0.825134321415,4000.0,0.15
14,Zprime_3000GeV_030,0.79245322439,3000.0,0.3
15,Zprime_1500GeV_045,0.78783168213,1500.0,0.45
16,Zprime_3000GeV_075,0.732825311811,3000.0,0.75
17,Zprime_1500GeV_060,0.773407662868,1500.0,0.6
18,Zprime_3000GeV_015,0.809849082962,3000.0,0.15
19,Zprime_3500GeV_015,0.814407696096,3500.0,0.15
20,Zprime_3500GeV_030,0.796863533187,3500.0,0.3
21,Zprime_2000GeV_030,0.809705963384,2000.0,0.3
22,Zprime_2000GeV_015,0.820111629184,2000.0,0.15
23,Zprime_3500GeV_075,0.726299989956,3500.0,0.75
24,Zprime_3500GeV_045,0.773988301201,3500.0,0.45
25,Zprime_2500GeV_030,0.796058651076,2500.0,0.3
26,Zprime_2000GeV_060,0.772394533017,2000.0,0.6
27,Zprime_4000GeV_060,0.751045776775,4000.0,0.6
28,Zprime_2500GeV_075,0.738029084279,2500.0,0.75
29,Zprime_4000GeV_045,0.777856207702,4000.0,0.45
