,name,auc,mass,nu
0,Zprime_1500GeV_075,0.745616927668,1500.0,0.75
1,Zprime_1500GeV_015,0.836627168189,1500.0,0.15
2,Zprime_3000GeV_060,0.781278460049,3000.0,0.6
3,Zprime_1500GeV_030,0.823452098846,1500.0,0.3
4,Zprime_3000GeV_045,0.816113751511,3000.0,0.45
5,Zprime_2000GeV_045,0.817923122492,2000.0,0.45
6,Zprime_2500GeV_015,0.861182175049,2500.0,0.15
7,Zprime_3500GeV_060,0.779553640013,3500.0,0.6
8,Zprime_2500GeV_045,0.818839391348,2500.0,0.45
9,Zprime_2000GeV_075,0.7510739479,2000.0,0.75
10,Zprime_2500GeV_060,0.785341231683,2500.0,0.6
11,Zprime_4000GeV_075,0.732783673924,4000.0,0.75
12,Zprime_4000GeV_030,0.840496091707,4000.0,0.3
13,Zprime_4000GeV_015,0.850390543309,4000.0,0.15
14,Zprime_3000GeV_030,0.839745294439,3000.0,0.3
15,Zprime_1500GeV_045,0.803494576732,1500.0,0.45
16,Zprime_3000GeV_075,0.741359613962,3000.0,0.75
17,Zprime_1500GeV_060,0.775950850103,1500.0,0.6
18,Zprime_3000GeV_015,0.859066952031,3000.0,0.15
19,Zprime_3500GeV_015,0.854244591131,3500.0,0.15
20,Zprime_3500GeV_030,0.839593082537,3500.0,0.3
21,Zprime_2000GeV_030,0.842547151365,2000.0,0.3
22,Zprime_2000GeV_015,0.861591483727,2000.0,0.15
23,Zprime_3500GeV_075,0.737532961653,3500.0,0.75
24,Zprime_3500GeV_045,0.813043676625,3500.0,0.45
25,Zprime_2500GeV_030,0.842738399237,2500.0,0.3
26,Zprime_2000GeV_060,0.787927919025,2000.0,0.6
27,Zprime_4000GeV_060,0.777921914715,4000.0,0.6
28,Zprime_2500GeV_075,0.742347109326,2500.0,0.75
29,Zprime_4000GeV_045,0.810363530807,4000.0,0.45
