,name,auc,mass,nu
0,Zprime_1500GeV_075,0.780250795759,1500.0,0.75
1,Zprime_1500GeV_015,0.849179674068,1500.0,0.15
2,Zprime_3000GeV_060,0.799371036286,3000.0,0.6
3,Zprime_1500GeV_030,0.838942010899,1500.0,0.3
4,Zprime_3000GeV_045,0.826470162444,3000.0,0.45
5,Zprime_2000GeV_045,0.832934744052,2000.0,0.45
6,Zprime_2500GeV_015,0.861260330445,2500.0,0.15
7,Zprime_3500GeV_060,0.797664798841,3500.0,0.6
8,Zprime_2500GeV_045,0.826393678563,2500.0,0.45
9,Zprime_2000GeV_075,0.784396560364,2000.0,0.75
10,Zprime_2500GeV_060,0.801399804724,2500.0,0.6
11,Zprime_4000GeV_075,0.762369273524,4000.0,0.75
12,Zprime_4000GeV_030,0.862240116612,4000.0,0.3
13,Zprime_4000GeV_015,0.877505425255,4000.0,0.15
14,Zprime_3000GeV_030,0.84742723765,3000.0,0.3
15,Zprime_1500GeV_045,0.816272173075,1500.0,0.45
16,Zprime_3000GeV_075,0.768386573033,3000.0,0.75
17,Zprime_1500GeV_060,0.802258198897,1500.0,0.6
18,Zprime_3000GeV_015,0.867799491478,3000.0,0.15
19,Zprime_3500GeV_015,0.873266794328,3500.0,0.15
20,Zprime_3500GeV_030,0.855773238517,3500.0,0.3
21,Zprime_2000GeV_030,0.850920023817,2000.0,0.3
22,Zprime_2000GeV_015,0.863894058938,2000.0,0.15
23,Zprime_3500GeV_075,0.767496451024,3500.0,0.75
24,Zprime_3500GeV_045,0.829471493842,3500.0,0.45
25,Zprime_2500GeV_030,0.844988571142,2500.0,0.3
26,Zprime_2000GeV_060,0.807742031658,2000.0,0.6
27,Zprime_4000GeV_060,0.802209585284,4000.0,0.6
28,Zprime_2500GeV_075,0.773731527539,2500.0,0.75
29,Zprime_4000GeV_045,0.834386112477,4000.0,0.45
