,name,auc,mass,nu
0,Zprime_1500GeV_075,0.735984084737,1500.0,0.75
1,Zprime_1500GeV_015,0.831089074124,1500.0,0.15
2,Zprime_3000GeV_060,0.757844555812,3000.0,0.6
3,Zprime_1500GeV_030,0.816562236529,1500.0,0.3
4,Zprime_3000GeV_045,0.787616269088,3000.0,0.45
5,Zprime_2000GeV_045,0.797856809964,2000.0,0.45
6,Zprime_2500GeV_015,0.831201260084,2500.0,0.15
7,Zprime_3500GeV_060,0.756381670647,3500.0,0.6
8,Zprime_2500GeV_045,0.791836106114,2500.0,0.45
9,Zprime_2000GeV_075,0.741606812982,2000.0,0.75
10,Zprime_2500GeV_060,0.764321941842,2500.0,0.6
11,Zprime_4000GeV_075,0.718362575367,4000.0,0.75
12,Zprime_4000GeV_030,0.813893540511,4000.0,0.3
13,Zprime_4000GeV_015,0.831427490309,4000.0,0.15
14,Zprime_3000GeV_030,0.808703302256,3000.0,0.3
15,Zprime_1500GeV_045,0.790733888621,1500.0,0.45
16,Zprime_3000GeV_075,0.726752336353,3000.0,0.75
17,Zprime_1500GeV_060,0.770292738777,1500.0,0.6
18,Zprime_3000GeV_015,0.829939466758,3000.0,0.15
19,Zprime_3500GeV_015,0.828370313516,3500.0,0.15
20,Zprime_3500GeV_030,0.81219318107,3500.0,0.3
21,Zprime_2000GeV_030,0.821655743702,2000.0,0.3
22,Zprime_2000GeV_015,0.838098165763,2000.0,0.15
23,Zprime_3500GeV_075,0.722147380882,3500.0,0.75
24,Zprime_3500GeV_045,0.786793591153,3500.0,0.45
25,Zprime_2500GeV_030,0.812966069662,2500.0,0.3
26,Zprime_2000GeV_060,0.769799337122,2000.0,0.6
27,Zprime_4000GeV_060,0.758130603348,4000.0,0.6
28,Zprime_2500GeV_075,0.728782517645,2500.0,0.75
29,Zprime_4000GeV_045,0.786398765518,4000.0,0.45
