,name,auc,mass,nu
0,Zprime_1500GeV_075,0.797874599325,1500.0,0.75
1,Zprime_1500GeV_015,0.86708378634,1500.0,0.15
2,Zprime_3000GeV_060,0.815543067101,3000.0,0.6
3,Zprime_1500GeV_030,0.85332132528,1500.0,0.3
4,Zprime_3000GeV_045,0.842769514405,3000.0,0.45
5,Zprime_2000GeV_045,0.848653679049,2000.0,0.45
6,Zprime_2500GeV_015,0.875964910717,2500.0,0.15
7,Zprime_3500GeV_060,0.812796140516,3500.0,0.6
8,Zprime_2500GeV_045,0.843556147043,2500.0,0.45
9,Zprime_2000GeV_075,0.797297473361,2000.0,0.75
10,Zprime_2500GeV_060,0.818708135968,2500.0,0.6
11,Zprime_4000GeV_075,0.774493982912,4000.0,0.75
12,Zprime_4000GeV_030,0.872556675502,4000.0,0.3
13,Zprime_4000GeV_015,0.886668723181,4000.0,0.15
14,Zprime_3000GeV_030,0.862398213226,3000.0,0.3
15,Zprime_1500GeV_045,0.834007851014,1500.0,0.45
16,Zprime_3000GeV_075,0.781344071068,3000.0,0.75
17,Zprime_1500GeV_060,0.816882145648,1500.0,0.6
18,Zprime_3000GeV_015,0.88041539309,3000.0,0.15
19,Zprime_3500GeV_015,0.88281210807,3500.0,0.15
20,Zprime_3500GeV_030,0.868812814199,3500.0,0.3
21,Zprime_2000GeV_030,0.866721855463,2000.0,0.3
22,Zprime_2000GeV_015,0.878909935941,2000.0,0.15
23,Zprime_3500GeV_075,0.778841336726,3500.0,0.75
24,Zprime_3500GeV_045,0.843023815622,3500.0,0.45
25,Zprime_2500GeV_030,0.861909406913,2500.0,0.3
26,Zprime_2000GeV_060,0.821629294853,2000.0,0.6
27,Zprime_4000GeV_060,0.815045305026,4000.0,0.6
28,Zprime_2500GeV_075,0.78677516806,2500.0,0.75
29,Zprime_4000GeV_045,0.845036317441,4000.0,0.45
