,name,auc,mass,nu
0,Zprime_1500GeV_075,0.82629605508,1500.0,0.75
1,Zprime_1500GeV_015,0.889940583427,1500.0,0.15
2,Zprime_3000GeV_060,0.842426371513,3000.0,0.6
3,Zprime_1500GeV_030,0.878679681311,1500.0,0.3
4,Zprime_3000GeV_045,0.866785644548,3000.0,0.45
5,Zprime_2000GeV_045,0.874097513532,2000.0,0.45
6,Zprime_2500GeV_015,0.895970593772,2500.0,0.15
7,Zprime_3500GeV_060,0.839318173758,3500.0,0.6
8,Zprime_2500GeV_045,0.868445194485,2500.0,0.45
9,Zprime_2000GeV_075,0.826599281427,2000.0,0.75
10,Zprime_2500GeV_060,0.846044619734,2500.0,0.6
11,Zprime_4000GeV_075,0.803254192096,4000.0,0.75
12,Zprime_4000GeV_030,0.891801448188,4000.0,0.3
13,Zprime_4000GeV_015,0.903586967599,4000.0,0.15
14,Zprime_3000GeV_030,0.883942962149,3000.0,0.3
15,Zprime_1500GeV_045,0.861660134639,1500.0,0.45
16,Zprime_3000GeV_075,0.809946507836,3000.0,0.75
17,Zprime_1500GeV_060,0.845487891737,1500.0,0.6
18,Zprime_3000GeV_015,0.897553816062,3000.0,0.15
19,Zprime_3500GeV_015,0.901199125641,3500.0,0.15
20,Zprime_3500GeV_030,0.888432708452,3500.0,0.3
21,Zprime_2000GeV_030,0.891164034423,2000.0,0.3
22,Zprime_2000GeV_015,0.900950892589,2000.0,0.15
23,Zprime_3500GeV_075,0.80690634157,3500.0,0.75
24,Zprime_3500GeV_045,0.8667538386,3500.0,0.45
25,Zprime_2500GeV_030,0.884220111312,2500.0,0.3
26,Zprime_2000GeV_060,0.85024378529,2000.0,0.6
27,Zprime_4000GeV_060,0.840660848853,4000.0,0.6
28,Zprime_2500GeV_075,0.816207942801,2500.0,0.75
29,Zprime_4000GeV_045,0.868003925587,4000.0,0.45
