,name,auc,mass,nu
0,Zprime_1500GeV_075,0.769342799345,1500.0,0.75
1,Zprime_1500GeV_015,0.841175017053,1500.0,0.15
2,Zprime_3000GeV_060,0.783140605696,3000.0,0.6
3,Zprime_1500GeV_030,0.824772879221,1500.0,0.3
4,Zprime_3000GeV_045,0.802106588572,3000.0,0.45
5,Zprime_2000GeV_045,0.820163725252,2000.0,0.45
6,Zprime_2500GeV_015,0.833694141287,2500.0,0.15
7,Zprime_3500GeV_060,0.778653054797,3500.0,0.6
8,Zprime_2500GeV_045,0.807122137647,2500.0,0.45
9,Zprime_2000GeV_075,0.77493255632,2000.0,0.75
10,Zprime_2500GeV_060,0.787991017423,2500.0,0.6
11,Zprime_4000GeV_075,0.751983570858,4000.0,0.75
12,Zprime_4000GeV_030,0.832115836353,4000.0,0.3
13,Zprime_4000GeV_015,0.845685542708,4000.0,0.15
14,Zprime_3000GeV_030,0.819200397659,3000.0,0.3
15,Zprime_1500GeV_045,0.803693768715,1500.0,0.45
16,Zprime_3000GeV_075,0.758461373498,3000.0,0.75
17,Zprime_1500GeV_060,0.789185503053,1500.0,0.6
18,Zprime_3000GeV_015,0.835021240738,3000.0,0.15
19,Zprime_3500GeV_015,0.839834083691,3500.0,0.15
20,Zprime_3500GeV_030,0.824970619608,3500.0,0.3
21,Zprime_2000GeV_030,0.835585554371,2000.0,0.3
22,Zprime_2000GeV_015,0.845362264851,2000.0,0.15
23,Zprime_3500GeV_075,0.755091545918,3500.0,0.75
24,Zprime_3500GeV_045,0.803532201561,3500.0,0.45
25,Zprime_2500GeV_030,0.821738213626,2500.0,0.3
26,Zprime_2000GeV_060,0.797750941419,2000.0,0.6
27,Zprime_4000GeV_060,0.781441889805,4000.0,0.6
28,Zprime_2500GeV_075,0.764673893996,2500.0,0.75
29,Zprime_4000GeV_045,0.808150156257,4000.0,0.45
