,name,auc,mass,nu
0,Zprime_1500GeV_075,0.740443692548,1500.0,0.75
1,Zprime_1500GeV_015,0.83247021975,1500.0,0.15
2,Zprime_3000GeV_060,0.766318556703,3000.0,0.6
3,Zprime_1500GeV_030,0.818477488706,1500.0,0.3
4,Zprime_3000GeV_045,0.796423703498,3000.0,0.45
5,Zprime_2000GeV_045,0.804193616677,2000.0,0.45
6,Zprime_2500GeV_015,0.839511928047,2500.0,0.15
7,Zprime_3500GeV_060,0.764475596615,3500.0,0.6
8,Zprime_2500GeV_045,0.800634309437,2500.0,0.45
9,Zprime_2000GeV_075,0.744377668393,2000.0,0.75
10,Zprime_2500GeV_060,0.771125785803,2500.0,0.6
11,Zprime_4000GeV_075,0.724057831365,4000.0,0.75
12,Zprime_4000GeV_030,0.820603460095,4000.0,0.3
13,Zprime_4000GeV_015,0.838914410203,4000.0,0.15
14,Zprime_3000GeV_030,0.817878510459,3000.0,0.3
15,Zprime_1500GeV_045,0.791785229199,1500.0,0.45
16,Zprime_3000GeV_075,0.732742278142,3000.0,0.75
17,Zprime_1500GeV_060,0.771725670775,1500.0,0.6
18,Zprime_3000GeV_015,0.83662872529,3000.0,0.15
19,Zprime_3500GeV_015,0.834731556584,3500.0,0.15
20,Zprime_3500GeV_030,0.818154768181,3500.0,0.3
21,Zprime_2000GeV_030,0.828472546844,2000.0,0.3
22,Zprime_2000GeV_015,0.843660328231,2000.0,0.15
23,Zprime_3500GeV_075,0.727711665761,3500.0,0.75
24,Zprime_3500GeV_045,0.794119896178,3500.0,0.45
25,Zprime_2500GeV_030,0.821706808629,2500.0,0.3
26,Zprime_2000GeV_060,0.774444337062,2000.0,0.6
27,Zprime_4000GeV_060,0.764093252533,4000.0,0.6
28,Zprime_2500GeV_075,0.731921167278,2500.0,0.75
29,Zprime_4000GeV_045,0.794283114666,4000.0,0.45
