,name,auc,mass,nu
0,Zprime_1500GeV_075,0.799206960805,1500.0,0.75
1,Zprime_1500GeV_015,0.871878006328,1500.0,0.15
2,Zprime_3000GeV_060,0.805271232794,3000.0,0.6
3,Zprime_1500GeV_030,0.860867762873,1500.0,0.3
4,Zprime_3000GeV_045,0.832862462539,3000.0,0.45
5,Zprime_2000GeV_045,0.842644770176,2000.0,0.45
6,Zprime_2500GeV_015,0.870540223594,2500.0,0.15
7,Zprime_3500GeV_060,0.802756576633,3500.0,0.6
8,Zprime_2500GeV_045,0.836188403307,2500.0,0.45
9,Zprime_2000GeV_075,0.79829324427,2000.0,0.75
10,Zprime_2500GeV_060,0.811209127794,2500.0,0.6
11,Zprime_4000GeV_075,0.76295401731,4000.0,0.75
12,Zprime_4000GeV_030,0.853327847404,4000.0,0.3
13,Zprime_4000GeV_015,0.865425186877,4000.0,0.15
14,Zprime_3000GeV_030,0.852304571145,3000.0,0.3
15,Zprime_1500GeV_045,0.840148753031,1500.0,0.45
16,Zprime_3000GeV_075,0.776988760219,3000.0,0.75
17,Zprime_1500GeV_060,0.826686082395,1500.0,0.6
18,Zprime_3000GeV_015,0.869834529373,3000.0,0.15
19,Zprime_3500GeV_015,0.8666023813,3500.0,0.15
20,Zprime_3500GeV_030,0.852257645707,3500.0,0.3
21,Zprime_2000GeV_030,0.861651745857,2000.0,0.3
22,Zprime_2000GeV_015,0.874103109245,2000.0,0.15
23,Zprime_3500GeV_075,0.769500715451,3500.0,0.75
24,Zprime_3500GeV_045,0.828543685936,3500.0,0.45
25,Zprime_2500GeV_030,0.855673685426,2500.0,0.3
26,Zprime_2000GeV_060,0.819531733094,2000.0,0.6
27,Zprime_4000GeV_060,0.801568107504,4000.0,0.6
28,Zprime_2500GeV_075,0.784282543712,2500.0,0.75
29,Zprime_4000GeV_045,0.828334981263,4000.0,0.45
