,name,auc,mass,nu
0,Zprime_1500GeV_075,0.799909947508,1500.0,0.75
1,Zprime_1500GeV_015,0.870507763452,1500.0,0.15
2,Zprime_3000GeV_060,0.805108578509,3000.0,0.6
3,Zprime_1500GeV_030,0.860993423912,1500.0,0.3
4,Zprime_3000GeV_045,0.835990254201,3000.0,0.45
5,Zprime_2000GeV_045,0.842287705562,2000.0,0.45
6,Zprime_2500GeV_015,0.875370486339,2500.0,0.15
7,Zprime_3500GeV_060,0.803318211394,3500.0,0.6
8,Zprime_2500GeV_045,0.837455703649,2500.0,0.45
9,Zprime_2000GeV_075,0.793475715196,2000.0,0.75
10,Zprime_2500GeV_060,0.810765346956,2500.0,0.6
11,Zprime_4000GeV_075,0.76086738237,4000.0,0.75
12,Zprime_4000GeV_030,0.862272452396,4000.0,0.3
13,Zprime_4000GeV_015,0.875139617877,4000.0,0.15
14,Zprime_3000GeV_030,0.857048472348,3000.0,0.3
15,Zprime_1500GeV_045,0.842187683139,1500.0,0.45
16,Zprime_3000GeV_075,0.773435061216,3000.0,0.75
17,Zprime_1500GeV_060,0.826944339244,1500.0,0.6
18,Zprime_3000GeV_015,0.876648586628,3000.0,0.15
19,Zprime_3500GeV_015,0.875419974752,3500.0,0.15
20,Zprime_3500GeV_030,0.860729510878,3500.0,0.3
21,Zprime_2000GeV_030,0.862640899266,2000.0,0.3
22,Zprime_2000GeV_015,0.875273217427,2000.0,0.15
23,Zprime_3500GeV_075,0.766022110939,3500.0,0.75
24,Zprime_3500GeV_045,0.832646118272,3500.0,0.45
25,Zprime_2500GeV_030,0.859051971236,2500.0,0.3
26,Zprime_2000GeV_060,0.819003445676,2000.0,0.6
27,Zprime_4000GeV_060,0.804001624835,4000.0,0.6
28,Zprime_2500GeV_075,0.77968510367,2500.0,0.75
29,Zprime_4000GeV_045,0.833725990563,4000.0,0.45
