,name,auc,mass,nu
0,Zprime_1500GeV_075,0.798414730616,1500.0,0.75
1,Zprime_1500GeV_015,0.86732565281,1500.0,0.15
2,Zprime_3000GeV_060,0.800439331824,3000.0,0.6
3,Zprime_1500GeV_030,0.856562623741,1500.0,0.3
4,Zprime_3000GeV_045,0.829756926672,3000.0,0.45
5,Zprime_2000GeV_045,0.837372970787,2000.0,0.45
6,Zprime_2500GeV_015,0.867127631066,2500.0,0.15
7,Zprime_3500GeV_060,0.79840479458,3500.0,0.6
8,Zprime_2500GeV_045,0.831814871603,2500.0,0.45
9,Zprime_2000GeV_075,0.79182447949,2000.0,0.75
10,Zprime_2500GeV_060,0.805885977404,2500.0,0.6
11,Zprime_4000GeV_075,0.759578276067,4000.0,0.75
12,Zprime_4000GeV_030,0.851511622022,4000.0,0.3
13,Zprime_4000GeV_015,0.86518007202,4000.0,0.15
14,Zprime_3000GeV_030,0.849273441821,3000.0,0.3
15,Zprime_1500GeV_045,0.838227822575,1500.0,0.45
16,Zprime_3000GeV_075,0.771126965424,3000.0,0.75
17,Zprime_1500GeV_060,0.822267124643,1500.0,0.6
18,Zprime_3000GeV_015,0.866713454213,3000.0,0.15
19,Zprime_3500GeV_015,0.864558227337,3500.0,0.15
20,Zprime_3500GeV_030,0.850436614344,3500.0,0.3
21,Zprime_2000GeV_030,0.856884120023,2000.0,0.3
22,Zprime_2000GeV_015,0.868912962954,2000.0,0.15
23,Zprime_3500GeV_075,0.764165168162,3500.0,0.75
24,Zprime_3500GeV_045,0.825348245591,3500.0,0.45
25,Zprime_2500GeV_030,0.851503111082,2500.0,0.3
26,Zprime_2000GeV_060,0.814957297191,2000.0,0.6
27,Zprime_4000GeV_060,0.798542446931,4000.0,0.6
28,Zprime_2500GeV_075,0.778277279355,2500.0,0.75
29,Zprime_4000GeV_045,0.825967356646,4000.0,0.45
