,name,auc,mass,nu
0,Zprime_1500GeV_075,0.799180127352,1500.0,0.75
1,Zprime_1500GeV_015,0.870101082483,1500.0,0.15
2,Zprime_3000GeV_060,0.8108323028,3000.0,0.6
3,Zprime_1500GeV_030,0.860557575792,1500.0,0.3
4,Zprime_3000GeV_045,0.839443154428,3000.0,0.45
5,Zprime_2000GeV_045,0.84736332485,2000.0,0.45
6,Zprime_2500GeV_015,0.876515659393,2500.0,0.15
7,Zprime_3500GeV_060,0.809260547505,3500.0,0.6
8,Zprime_2500GeV_045,0.841009962446,2500.0,0.45
9,Zprime_2000GeV_075,0.798875774746,2000.0,0.75
10,Zprime_2500GeV_060,0.816960954312,2500.0,0.6
11,Zprime_4000GeV_075,0.770985541401,4000.0,0.75
12,Zprime_4000GeV_030,0.868978484838,4000.0,0.3
13,Zprime_4000GeV_015,0.883592123312,4000.0,0.15
14,Zprime_3000GeV_030,0.860142865534,3000.0,0.3
15,Zprime_1500GeV_045,0.844466678371,1500.0,0.45
16,Zprime_3000GeV_075,0.780215554015,3000.0,0.75
17,Zprime_1500GeV_060,0.827508727549,1500.0,0.6
18,Zprime_3000GeV_015,0.87767118258,3000.0,0.15
19,Zprime_3500GeV_015,0.879852720257,3500.0,0.15
20,Zprime_3500GeV_030,0.864686970323,3500.0,0.3
21,Zprime_2000GeV_030,0.865389937482,2000.0,0.3
22,Zprime_2000GeV_015,0.877716297356,2000.0,0.15
23,Zprime_3500GeV_075,0.775842032283,3500.0,0.75
24,Zprime_3500GeV_045,0.839789981206,3500.0,0.45
25,Zprime_2500GeV_030,0.860867506334,2500.0,0.3
26,Zprime_2000GeV_060,0.823388700464,2000.0,0.6
27,Zprime_4000GeV_060,0.811818585388,4000.0,0.6
28,Zprime_2500GeV_075,0.786450662082,2500.0,0.75
29,Zprime_4000GeV_045,0.842588450819,4000.0,0.45
