,name,auc,mass,nu
0,Zprime_1500GeV_075,0.683146540721,1500.0,0.75
1,Zprime_1500GeV_015,0.777955008566,1500.0,0.15
2,Zprime_3000GeV_060,0.712746073286,3000.0,0.6
3,Zprime_1500GeV_030,0.760713018723,1500.0,0.3
4,Zprime_3000GeV_045,0.73284626557,3000.0,0.45
5,Zprime_2000GeV_045,0.7565104857,2000.0,0.45
6,Zprime_2500GeV_015,0.776994724794,2500.0,0.15
7,Zprime_3500GeV_060,0.703390828951,3500.0,0.6
8,Zprime_2500GeV_045,0.74293748106,2500.0,0.45
9,Zprime_2000GeV_075,0.70061815283,2000.0,0.75
10,Zprime_2500GeV_060,0.721806683121,2500.0,0.6
11,Zprime_4000GeV_075,0.67395015348,4000.0,0.75
12,Zprime_4000GeV_030,0.743391292506,4000.0,0.3
13,Zprime_4000GeV_015,0.761095020507,4000.0,0.15
14,Zprime_3000GeV_030,0.749318116777,3000.0,0.3
15,Zprime_1500GeV_045,0.728218840249,1500.0,0.45
16,Zprime_3000GeV_075,0.688221027469,3000.0,0.75
17,Zprime_1500GeV_060,0.714496470341,1500.0,0.6
18,Zprime_3000GeV_015,0.763891736417,3000.0,0.15
19,Zprime_3500GeV_015,0.754763652209,3500.0,0.15
20,Zprime_3500GeV_030,0.743677186773,3500.0,0.3
21,Zprime_2000GeV_030,0.774788565502,2000.0,0.3
22,Zprime_2000GeV_015,0.79142542007,2000.0,0.15
23,Zprime_3500GeV_075,0.680784085061,3500.0,0.75
24,Zprime_3500GeV_045,0.724544387454,3500.0,0.45
25,Zprime_2500GeV_030,0.761952496814,2500.0,0.3
26,Zprime_2000GeV_060,0.73024048883,2000.0,0.6
27,Zprime_4000GeV_060,0.701294609088,4000.0,0.6
28,Zprime_2500GeV_075,0.689652667983,2500.0,0.75
29,Zprime_4000GeV_045,0.722707978261,4000.0,0.45
