,name,auc,mass,nu
0,Zprime_1500GeV_075,0.790818429919,1500.0,0.75
1,Zprime_1500GeV_015,0.862617778004,1500.0,0.15
2,Zprime_3000GeV_060,0.816093206797,3000.0,0.6
3,Zprime_1500GeV_030,0.850070822261,1500.0,0.3
4,Zprime_3000GeV_045,0.84345077923,3000.0,0.45
5,Zprime_2000GeV_045,0.851015204445,2000.0,0.45
6,Zprime_2500GeV_015,0.879248277333,2500.0,0.15
7,Zprime_3500GeV_060,0.812234200226,3500.0,0.6
8,Zprime_2500GeV_045,0.844935954586,2500.0,0.45
9,Zprime_2000GeV_075,0.79748319335,2000.0,0.75
10,Zprime_2500GeV_060,0.818761408832,2500.0,0.6
11,Zprime_4000GeV_075,0.774070702137,4000.0,0.75
12,Zprime_4000GeV_030,0.873569510447,4000.0,0.3
13,Zprime_4000GeV_015,0.888982928864,4000.0,0.15
14,Zprime_3000GeV_030,0.864183921663,3000.0,0.3
15,Zprime_1500GeV_045,0.829020489795,1500.0,0.45
16,Zprime_3000GeV_075,0.784269037518,3000.0,0.75
17,Zprime_1500GeV_060,0.813278157648,1500.0,0.6
18,Zprime_3000GeV_015,0.882667770526,3000.0,0.15
19,Zprime_3500GeV_015,0.885340159482,3500.0,0.15
20,Zprime_3500GeV_030,0.869454863967,3500.0,0.3
21,Zprime_2000GeV_030,0.868218593191,2000.0,0.3
22,Zprime_2000GeV_015,0.882556667896,2000.0,0.15
23,Zprime_3500GeV_075,0.780425922326,3500.0,0.75
24,Zprime_3500GeV_045,0.843813154146,3500.0,0.45
25,Zprime_2500GeV_030,0.863407738217,2500.0,0.3
26,Zprime_2000GeV_060,0.824097747124,2000.0,0.6
27,Zprime_4000GeV_060,0.814875024327,4000.0,0.6
28,Zprime_2500GeV_075,0.788734521262,2500.0,0.75
29,Zprime_4000GeV_045,0.844914753785,4000.0,0.45
