,name,auc,mass,nu
0,Zprime_1500GeV_075,0.794611748354,1500.0,0.75
1,Zprime_1500GeV_015,0.859516968079,1500.0,0.15
2,Zprime_3000GeV_060,0.797274895336,3000.0,0.6
3,Zprime_1500GeV_030,0.851216652331,1500.0,0.3
4,Zprime_3000GeV_045,0.826371580667,3000.0,0.45
5,Zprime_2000GeV_045,0.830429095075,2000.0,0.45
6,Zprime_2500GeV_015,0.863779232652,2500.0,0.15
7,Zprime_3500GeV_060,0.796433188785,3500.0,0.6
8,Zprime_2500GeV_045,0.826601889331,2500.0,0.45
9,Zprime_2000GeV_075,0.785434155523,2000.0,0.75
10,Zprime_2500GeV_060,0.799982930753,2500.0,0.6
11,Zprime_4000GeV_075,0.756320801736,4000.0,0.75
12,Zprime_4000GeV_030,0.855701082328,4000.0,0.3
13,Zprime_4000GeV_015,0.869979922555,4000.0,0.15
14,Zprime_3000GeV_030,0.847330551599,3000.0,0.3
15,Zprime_1500GeV_045,0.833410992271,1500.0,0.45
16,Zprime_3000GeV_075,0.766020330413,3000.0,0.75
17,Zprime_1500GeV_060,0.819715513405,1500.0,0.6
18,Zprime_3000GeV_015,0.866552956602,3000.0,0.15
19,Zprime_3500GeV_015,0.868366879306,3500.0,0.15
20,Zprime_3500GeV_030,0.853052408747,3500.0,0.3
21,Zprime_2000GeV_030,0.849791094346,2000.0,0.3
22,Zprime_2000GeV_015,0.862492734037,2000.0,0.15
23,Zprime_3500GeV_075,0.760280734843,3500.0,0.75
24,Zprime_3500GeV_045,0.825761592833,3500.0,0.45
25,Zprime_2500GeV_030,0.846976178464,2500.0,0.3
26,Zprime_2000GeV_060,0.808831020797,2000.0,0.6
27,Zprime_4000GeV_060,0.798546893923,4000.0,0.6
28,Zprime_2500GeV_075,0.772572085764,2500.0,0.75
29,Zprime_4000GeV_045,0.827710311362,4000.0,0.45
