,name,auc,mass,nu
0,Zprime_1500GeV_075,0.805096897183,1500.0,0.75
1,Zprime_1500GeV_015,0.873596456976,1500.0,0.15
2,Zprime_3000GeV_060,0.810726811257,3000.0,0.6
3,Zprime_1500GeV_030,0.863821733868,1500.0,0.3
4,Zprime_3000GeV_045,0.839190829227,3000.0,0.45
5,Zprime_2000GeV_045,0.84550545293,2000.0,0.45
6,Zprime_2500GeV_015,0.876671040392,2500.0,0.15
7,Zprime_3500GeV_060,0.809161862486,3500.0,0.6
8,Zprime_2500GeV_045,0.841043081983,2500.0,0.45
9,Zprime_2000GeV_075,0.801249463191,2000.0,0.75
10,Zprime_2500GeV_060,0.81598575811,2500.0,0.6
11,Zprime_4000GeV_075,0.770043262182,4000.0,0.75
12,Zprime_4000GeV_030,0.864889200041,4000.0,0.3
13,Zprime_4000GeV_015,0.877936143016,4000.0,0.15
14,Zprime_3000GeV_030,0.860329841313,3000.0,0.3
15,Zprime_1500GeV_045,0.847695015814,1500.0,0.45
16,Zprime_3000GeV_075,0.780741942103,3000.0,0.75
17,Zprime_1500GeV_060,0.830881919391,1500.0,0.6
18,Zprime_3000GeV_015,0.877640251111,3000.0,0.15
19,Zprime_3500GeV_015,0.877277237313,3500.0,0.15
20,Zprime_3500GeV_030,0.863080530109,3500.0,0.3
21,Zprime_2000GeV_030,0.864705861284,2000.0,0.3
22,Zprime_2000GeV_015,0.878284958287,2000.0,0.15
23,Zprime_3500GeV_075,0.775044805366,3500.0,0.75
24,Zprime_3500GeV_045,0.838698552342,3500.0,0.45
25,Zprime_2500GeV_030,0.861399021553,2500.0,0.3
26,Zprime_2000GeV_060,0.823497255793,2000.0,0.6
27,Zprime_4000GeV_060,0.809352343407,4000.0,0.6
28,Zprime_2500GeV_075,0.78814356037,2500.0,0.75
29,Zprime_4000GeV_045,0.839474179275,4000.0,0.45
