,name,auc,mass,nu
0,Zprime_1500GeV_075,0.810301696539,1500.0,0.75
1,Zprime_1500GeV_015,0.880507052738,1500.0,0.15
2,Zprime_3000GeV_060,0.820972266887,3000.0,0.6
3,Zprime_1500GeV_030,0.869916633021,1500.0,0.3
4,Zprime_3000GeV_045,0.849443480961,3000.0,0.45
5,Zprime_2000GeV_045,0.855865372735,2000.0,0.45
6,Zprime_2500GeV_015,0.884691294797,2500.0,0.15
7,Zprime_3500GeV_060,0.819095872861,3500.0,0.6
8,Zprime_2500GeV_045,0.851025411933,2500.0,0.45
9,Zprime_2000GeV_075,0.810037037907,2000.0,0.75
10,Zprime_2500GeV_060,0.82566853805,2500.0,0.6
11,Zprime_4000GeV_075,0.778778900889,4000.0,0.75
12,Zprime_4000GeV_030,0.876551934019,4000.0,0.3
13,Zprime_4000GeV_015,0.889924860495,4000.0,0.15
14,Zprime_3000GeV_030,0.870240534714,3000.0,0.3
15,Zprime_1500GeV_045,0.85472227696,1500.0,0.45
16,Zprime_3000GeV_075,0.79177062841,3000.0,0.75
17,Zprime_1500GeV_060,0.836814140373,1500.0,0.6
18,Zprime_3000GeV_015,0.88716338349,3000.0,0.15
19,Zprime_3500GeV_015,0.888709371745,3500.0,0.15
20,Zprime_3500GeV_030,0.873035761312,3500.0,0.3
21,Zprime_2000GeV_030,0.873573376444,2000.0,0.3
22,Zprime_2000GeV_015,0.885267829899,2000.0,0.15
23,Zprime_3500GeV_075,0.785293998817,3500.0,0.75
24,Zprime_3500GeV_045,0.849593898775,3500.0,0.45
25,Zprime_2500GeV_030,0.869589336005,2500.0,0.3
26,Zprime_2000GeV_060,0.833828622718,2000.0,0.6
27,Zprime_4000GeV_060,0.819294140691,4000.0,0.6
28,Zprime_2500GeV_075,0.799084600304,2500.0,0.75
29,Zprime_4000GeV_045,0.850679721584,4000.0,0.45
