,name,auc,mass,nu
0,Zprime_1500GeV_075,0.719334719471,1500.0,0.75
1,Zprime_1500GeV_015,0.815047484614,1500.0,0.15
2,Zprime_3000GeV_060,0.756115188059,3000.0,0.6
3,Zprime_1500GeV_030,0.800275973376,1500.0,0.3
4,Zprime_3000GeV_045,0.787491495018,3000.0,0.45
5,Zprime_2000GeV_045,0.7962707059,2000.0,0.45
6,Zprime_2500GeV_015,0.833146608696,2500.0,0.15
7,Zprime_3500GeV_060,0.754316847101,3500.0,0.6
8,Zprime_2500GeV_045,0.791183678697,2500.0,0.45
9,Zprime_2000GeV_075,0.732993393231,2000.0,0.75
10,Zprime_2500GeV_060,0.759777936892,2500.0,0.6
11,Zprime_4000GeV_075,0.713160642656,4000.0,0.75
12,Zprime_4000GeV_030,0.816022231526,4000.0,0.3
13,Zprime_4000GeV_015,0.829594921262,4000.0,0.15
14,Zprime_3000GeV_030,0.809887078769,3000.0,0.3
15,Zprime_1500GeV_045,0.773362299225,1500.0,0.45
16,Zprime_3000GeV_075,0.722758579779,3000.0,0.75
17,Zprime_1500GeV_060,0.74735089115,1500.0,0.6
18,Zprime_3000GeV_015,0.830818989133,3000.0,0.15
19,Zprime_3500GeV_015,0.830604136073,3500.0,0.15
20,Zprime_3500GeV_030,0.813605766384,3500.0,0.3
21,Zprime_2000GeV_030,0.818963711693,2000.0,0.3
22,Zprime_2000GeV_015,0.839115286349,2000.0,0.15
23,Zprime_3500GeV_075,0.719390389115,3500.0,0.75
24,Zprime_3500GeV_045,0.787853379007,3500.0,0.45
25,Zprime_2500GeV_030,0.813222058025,2500.0,0.3
26,Zprime_2000GeV_060,0.763430186125,2000.0,0.6
27,Zprime_4000GeV_060,0.754420431939,4000.0,0.6
28,Zprime_2500GeV_075,0.722881492459,2500.0,0.75
29,Zprime_4000GeV_045,0.786763693191,4000.0,0.45
