,name,auc,mass,nu
0,Zprime_1500GeV_075,0.795113254982,1500.0,0.75
1,Zprime_1500GeV_015,0.868233479773,1500.0,0.15
2,Zprime_3000GeV_060,0.802045582911,3000.0,0.6
3,Zprime_1500GeV_030,0.856695362038,1500.0,0.3
4,Zprime_3000GeV_045,0.831744200309,3000.0,0.45
5,Zprime_2000GeV_045,0.83810552782,2000.0,0.45
6,Zprime_2500GeV_015,0.870179516369,2500.0,0.15
7,Zprime_3500GeV_060,0.799932898355,3500.0,0.6
8,Zprime_2500GeV_045,0.83322692718,2500.0,0.45
9,Zprime_2000GeV_075,0.790488555367,2000.0,0.75
10,Zprime_2500GeV_060,0.806321516833,2500.0,0.6
11,Zprime_4000GeV_075,0.757524633914,4000.0,0.75
12,Zprime_4000GeV_030,0.858275775281,4000.0,0.3
13,Zprime_4000GeV_015,0.871252990131,4000.0,0.15
14,Zprime_3000GeV_030,0.85288306243,3000.0,0.3
15,Zprime_1500GeV_045,0.837104791731,1500.0,0.45
16,Zprime_3000GeV_075,0.769921677841,3000.0,0.75
17,Zprime_1500GeV_060,0.823423882013,1500.0,0.6
18,Zprime_3000GeV_015,0.871563825559,3000.0,0.15
19,Zprime_3500GeV_015,0.870879050545,3500.0,0.15
20,Zprime_3500GeV_030,0.856195385323,3500.0,0.3
21,Zprime_2000GeV_030,0.85941288163,2000.0,0.3
22,Zprime_2000GeV_015,0.871697306537,2000.0,0.15
23,Zprime_3500GeV_075,0.762633022675,3500.0,0.75
24,Zprime_3500GeV_045,0.8289536032,3500.0,0.45
25,Zprime_2500GeV_030,0.854489466349,2500.0,0.3
26,Zprime_2000GeV_060,0.813506689897,2000.0,0.6
27,Zprime_4000GeV_060,0.800941144815,4000.0,0.6
28,Zprime_2500GeV_075,0.776565275726,2500.0,0.75
29,Zprime_4000GeV_045,0.830551153394,4000.0,0.45
