,name,auc,mass,nu
0,Zprime_1500GeV_075,0.798124953215,1500.0,0.75
1,Zprime_1500GeV_015,0.873182347512,1500.0,0.15
2,Zprime_3000GeV_060,0.809699968138,3000.0,0.6
3,Zprime_1500GeV_030,0.862345259836,1500.0,0.3
4,Zprime_3000GeV_045,0.839669511455,3000.0,0.45
5,Zprime_2000GeV_045,0.848699233696,2000.0,0.45
6,Zprime_2500GeV_015,0.877838230106,2500.0,0.15
7,Zprime_3500GeV_060,0.808644424773,3500.0,0.6
8,Zprime_2500GeV_045,0.84181730795,2500.0,0.45
9,Zprime_2000GeV_075,0.798598071059,2000.0,0.75
10,Zprime_2500GeV_060,0.816491954054,2500.0,0.6
11,Zprime_4000GeV_075,0.767021658465,4000.0,0.75
12,Zprime_4000GeV_030,0.86890969897,4000.0,0.3
13,Zprime_4000GeV_015,0.883134369844,4000.0,0.15
14,Zprime_3000GeV_030,0.861302947745,3000.0,0.3
15,Zprime_1500GeV_045,0.844326455552,1500.0,0.45
16,Zprime_3000GeV_075,0.778075171632,3000.0,0.75
17,Zprime_1500GeV_060,0.825567630826,1500.0,0.6
18,Zprime_3000GeV_015,0.8794588882,3000.0,0.15
19,Zprime_3500GeV_015,0.880965468524,3500.0,0.15
20,Zprime_3500GeV_030,0.865082945549,3500.0,0.3
21,Zprime_2000GeV_030,0.867418409489,2000.0,0.3
22,Zprime_2000GeV_015,0.880732275562,2000.0,0.15
23,Zprime_3500GeV_075,0.772346181032,3500.0,0.75
24,Zprime_3500GeV_045,0.840406078987,3500.0,0.45
25,Zprime_2500GeV_030,0.862635981311,2500.0,0.3
26,Zprime_2000GeV_060,0.823867498871,2000.0,0.6
27,Zprime_4000GeV_060,0.810180239184,4000.0,0.6
28,Zprime_2500GeV_075,0.784396290395,2500.0,0.75
29,Zprime_4000GeV_045,0.842063364681,4000.0,0.45
