,name,auc,mass,nu
0,Zprime_1500GeV_075,0.795406419295,1500.0,0.75
1,Zprime_1500GeV_015,0.868041712837,1500.0,0.15
2,Zprime_3000GeV_060,0.801072084856,3000.0,0.6
3,Zprime_1500GeV_030,0.856302941969,1500.0,0.3
4,Zprime_3000GeV_045,0.829242883447,3000.0,0.45
5,Zprime_2000GeV_045,0.837659341499,2000.0,0.45
6,Zprime_2500GeV_015,0.867152653584,2500.0,0.15
7,Zprime_3500GeV_060,0.800520181217,3500.0,0.6
8,Zprime_2500GeV_045,0.831955679961,2500.0,0.45
9,Zprime_2000GeV_075,0.791791895954,2000.0,0.75
10,Zprime_2500GeV_060,0.806747312816,2500.0,0.6
11,Zprime_4000GeV_075,0.762475885103,4000.0,0.75
12,Zprime_4000GeV_030,0.852533246338,4000.0,0.3
13,Zprime_4000GeV_015,0.866002705868,4000.0,0.15
14,Zprime_3000GeV_030,0.847767793379,3000.0,0.3
15,Zprime_1500GeV_045,0.837454165488,1500.0,0.45
16,Zprime_3000GeV_075,0.772500035626,3000.0,0.75
17,Zprime_1500GeV_060,0.822593136009,1500.0,0.6
18,Zprime_3000GeV_015,0.864565552822,3000.0,0.15
19,Zprime_3500GeV_015,0.86352813471,3500.0,0.15
20,Zprime_3500GeV_030,0.849937457409,3500.0,0.3
21,Zprime_2000GeV_030,0.857711150634,2000.0,0.3
22,Zprime_2000GeV_015,0.869827019807,2000.0,0.15
23,Zprime_3500GeV_075,0.766117675523,3500.0,0.75
24,Zprime_3500GeV_045,0.826992700498,3500.0,0.45
25,Zprime_2500GeV_030,0.851559719125,2500.0,0.3
26,Zprime_2000GeV_060,0.815684983485,2000.0,0.6
27,Zprime_4000GeV_060,0.80055355782,4000.0,0.6
28,Zprime_2500GeV_075,0.777108768668,2500.0,0.75
29,Zprime_4000GeV_045,0.827795348605,4000.0,0.45
