,name,auc,mass,nu
0,Zprime_1500GeV_075,0.7449922936,1500.0,0.75
1,Zprime_1500GeV_015,0.832964501204,1500.0,0.15
2,Zprime_3000GeV_060,0.765045377519,3000.0,0.6
3,Zprime_1500GeV_030,0.818595477042,1500.0,0.3
4,Zprime_3000GeV_045,0.798828866836,3000.0,0.45
5,Zprime_2000GeV_045,0.801415996661,2000.0,0.45
6,Zprime_2500GeV_015,0.841993137242,2500.0,0.15
7,Zprime_3500GeV_060,0.767472960888,3500.0,0.6
8,Zprime_2500GeV_045,0.797435401785,2500.0,0.45
9,Zprime_2000GeV_075,0.746368617842,2000.0,0.75
10,Zprime_2500GeV_060,0.767664138196,2500.0,0.6
11,Zprime_4000GeV_075,0.72458487599,4000.0,0.75
12,Zprime_4000GeV_030,0.833291768598,4000.0,0.3
13,Zprime_4000GeV_015,0.850659271401,4000.0,0.15
14,Zprime_3000GeV_030,0.823276971735,3000.0,0.3
15,Zprime_1500GeV_045,0.792815554391,1500.0,0.45
16,Zprime_3000GeV_075,0.729243820731,3000.0,0.75
17,Zprime_1500GeV_060,0.776618488814,1500.0,0.6
18,Zprime_3000GeV_015,0.845560581665,3000.0,0.15
19,Zprime_3500GeV_015,0.846285174113,3500.0,0.15
20,Zprime_3500GeV_030,0.828407772677,3500.0,0.3
21,Zprime_2000GeV_030,0.823140323797,2000.0,0.3
22,Zprime_2000GeV_015,0.840018798099,2000.0,0.15
23,Zprime_3500GeV_075,0.728195372308,3500.0,0.75
24,Zprime_3500GeV_045,0.798345345558,3500.0,0.45
25,Zprime_2500GeV_030,0.822449007283,2500.0,0.3
26,Zprime_2000GeV_060,0.77197431858,2000.0,0.6
27,Zprime_4000GeV_060,0.770836700661,4000.0,0.6
28,Zprime_2500GeV_075,0.732257354391,2500.0,0.75
29,Zprime_4000GeV_045,0.800981587608,4000.0,0.45
