,name,auc,mass,nu
0,Zprime_1500GeV_075,0.795907258034,1500.0,0.75
1,Zprime_1500GeV_015,0.870824091572,1500.0,0.15
2,Zprime_3000GeV_060,0.800099572008,3000.0,0.6
3,Zprime_1500GeV_030,0.859621793618,1500.0,0.3
4,Zprime_3000GeV_045,0.825623697264,3000.0,0.45
5,Zprime_2000GeV_045,0.839511888151,2000.0,0.45
6,Zprime_2500GeV_015,0.864829728384,2500.0,0.15
7,Zprime_3500GeV_060,0.795906153531,3500.0,0.6
8,Zprime_2500GeV_045,0.830638274567,2500.0,0.45
9,Zprime_2000GeV_075,0.791804743983,2000.0,0.75
10,Zprime_2500GeV_060,0.807092137496,2500.0,0.6
11,Zprime_4000GeV_075,0.760306247525,4000.0,0.75
12,Zprime_4000GeV_030,0.846898623908,4000.0,0.3
13,Zprime_4000GeV_015,0.860738513703,4000.0,0.15
14,Zprime_3000GeV_030,0.844219030318,3000.0,0.3
15,Zprime_1500GeV_045,0.840409831571,1500.0,0.45
16,Zprime_3000GeV_075,0.773046194527,3000.0,0.75
17,Zprime_1500GeV_060,0.8204463889,1500.0,0.6
18,Zprime_3000GeV_015,0.86312724354,3000.0,0.15
19,Zprime_3500GeV_015,0.86028091682,3500.0,0.15
20,Zprime_3500GeV_030,0.846818233417,3500.0,0.3
21,Zprime_2000GeV_030,0.859792595939,2000.0,0.3
22,Zprime_2000GeV_015,0.872560687996,2000.0,0.15
23,Zprime_3500GeV_075,0.766173277178,3500.0,0.75
24,Zprime_3500GeV_045,0.823962472842,3500.0,0.45
25,Zprime_2500GeV_030,0.848526178015,2500.0,0.3
26,Zprime_2000GeV_060,0.815480250439,2000.0,0.6
27,Zprime_4000GeV_060,0.795014930393,4000.0,0.6
28,Zprime_2500GeV_075,0.776925268144,2500.0,0.75
29,Zprime_4000GeV_045,0.821639851259,4000.0,0.45
