,name,auc,mass,nu
0,Zprime_1500GeV_075,0.798170697115,1500.0,0.75
1,Zprime_1500GeV_015,0.872784142945,1500.0,0.15
2,Zprime_3000GeV_060,0.807743250424,3000.0,0.6
3,Zprime_1500GeV_030,0.861000438293,1500.0,0.3
4,Zprime_3000GeV_045,0.837300110627,3000.0,0.45
5,Zprime_2000GeV_045,0.845588785211,2000.0,0.45
6,Zprime_2500GeV_015,0.874799887655,2500.0,0.15
7,Zprime_3500GeV_060,0.805280480056,3500.0,0.6
8,Zprime_2500GeV_045,0.839658728639,2500.0,0.45
9,Zprime_2000GeV_075,0.796848603161,2000.0,0.75
10,Zprime_2500GeV_060,0.813271357124,2500.0,0.6
11,Zprime_4000GeV_075,0.763063150771,4000.0,0.75
12,Zprime_4000GeV_030,0.860760665463,4000.0,0.3
13,Zprime_4000GeV_015,0.873466805541,4000.0,0.15
14,Zprime_3000GeV_030,0.856905218922,3000.0,0.3
15,Zprime_1500GeV_045,0.843411034343,1500.0,0.45
16,Zprime_3000GeV_075,0.776709991318,3000.0,0.75
17,Zprime_1500GeV_060,0.825634956196,1500.0,0.6
18,Zprime_3000GeV_015,0.874435031479,3000.0,0.15
19,Zprime_3500GeV_015,0.872628359061,3500.0,0.15
20,Zprime_3500GeV_030,0.858878728422,3500.0,0.3
21,Zprime_2000GeV_030,0.865656430178,2000.0,0.3
22,Zprime_2000GeV_015,0.877681660767,2000.0,0.15
23,Zprime_3500GeV_075,0.768841996964,3500.0,0.75
24,Zprime_3500GeV_045,0.833484985003,3500.0,0.45
25,Zprime_2500GeV_030,0.85965222173,2500.0,0.3
26,Zprime_2000GeV_060,0.821744399411,2000.0,0.6
27,Zprime_4000GeV_060,0.805280685831,4000.0,0.6
28,Zprime_2500GeV_075,0.782458768397,2500.0,0.75
29,Zprime_4000GeV_045,0.834230501906,4000.0,0.45
