,name,auc,mass,nu
0,Zprime_1500GeV_075,0.785943979922,1500.0,0.75
1,Zprime_1500GeV_015,0.865870426749,1500.0,0.15
2,Zprime_3000GeV_060,0.799909807456,3000.0,0.6
3,Zprime_1500GeV_030,0.85335461702,1500.0,0.3
4,Zprime_3000GeV_045,0.830458347517,3000.0,0.45
5,Zprime_2000GeV_045,0.839870387602,2000.0,0.45
6,Zprime_2500GeV_015,0.871795049011,2500.0,0.15
7,Zprime_3500GeV_060,0.797986120267,3500.0,0.6
8,Zprime_2500GeV_045,0.833550578482,2500.0,0.45
9,Zprime_2000GeV_075,0.786934822008,2000.0,0.75
10,Zprime_2500GeV_060,0.807011803291,2500.0,0.6
11,Zprime_4000GeV_075,0.754385582126,4000.0,0.75
12,Zprime_4000GeV_030,0.855092435361,4000.0,0.3
13,Zprime_4000GeV_015,0.869591087893,4000.0,0.15
14,Zprime_3000GeV_030,0.852168923899,3000.0,0.3
15,Zprime_1500GeV_045,0.834922460497,1500.0,0.45
16,Zprime_3000GeV_075,0.768871685888,3000.0,0.75
17,Zprime_1500GeV_060,0.817715617375,1500.0,0.6
18,Zprime_3000GeV_015,0.870014824964,3000.0,0.15
19,Zprime_3500GeV_015,0.86732478991,3500.0,0.15
20,Zprime_3500GeV_030,0.853273570572,3500.0,0.3
21,Zprime_2000GeV_030,0.859830897414,2000.0,0.3
22,Zprime_2000GeV_015,0.873428012129,2000.0,0.15
23,Zprime_3500GeV_075,0.760857657747,3500.0,0.75
24,Zprime_3500GeV_045,0.828388056642,3500.0,0.45
25,Zprime_2500GeV_030,0.854974959427,2500.0,0.3
26,Zprime_2000GeV_060,0.81336821017,2000.0,0.6
27,Zprime_4000GeV_060,0.797890540312,4000.0,0.6
28,Zprime_2500GeV_075,0.774368763503,2500.0,0.75
29,Zprime_4000GeV_045,0.828313025335,4000.0,0.45
