,name,auc,mass,nu
0,Zprime_1500GeV_075,0.792765295107,1500.0,0.75
1,Zprime_1500GeV_015,0.864849346404,1500.0,0.15
2,Zprime_3000GeV_060,0.80045579755,3000.0,0.6
3,Zprime_1500GeV_030,0.854841373497,1500.0,0.3
4,Zprime_3000GeV_045,0.830130982591,3000.0,0.45
5,Zprime_2000GeV_045,0.836295895329,2000.0,0.45
6,Zprime_2500GeV_015,0.869157381638,2500.0,0.15
7,Zprime_3500GeV_060,0.798808991034,3500.0,0.6
8,Zprime_2500GeV_045,0.831862651565,2500.0,0.45
9,Zprime_2000GeV_075,0.788105822799,2000.0,0.75
10,Zprime_2500GeV_060,0.804829402161,2500.0,0.6
11,Zprime_4000GeV_075,0.759024056628,4000.0,0.75
12,Zprime_4000GeV_030,0.855946042133,4000.0,0.3
13,Zprime_4000GeV_015,0.869455784262,4000.0,0.15
14,Zprime_3000GeV_030,0.851303777775,3000.0,0.3
15,Zprime_1500GeV_045,0.835124568853,1500.0,0.45
16,Zprime_3000GeV_075,0.769863167746,3000.0,0.75
17,Zprime_1500GeV_060,0.820170502072,1500.0,0.6
18,Zprime_3000GeV_015,0.869708182705,3000.0,0.15
19,Zprime_3500GeV_015,0.868737293358,3500.0,0.15
20,Zprime_3500GeV_030,0.853661043233,3500.0,0.3
21,Zprime_2000GeV_030,0.856214087565,2000.0,0.3
22,Zprime_2000GeV_015,0.868661160392,2000.0,0.15
23,Zprime_3500GeV_075,0.763228822507,3500.0,0.75
24,Zprime_3500GeV_045,0.828058695765,3500.0,0.45
25,Zprime_2500GeV_030,0.852326590591,2500.0,0.3
26,Zprime_2000GeV_060,0.812733462961,2000.0,0.6
27,Zprime_4000GeV_060,0.799612409514,4000.0,0.6
28,Zprime_2500GeV_075,0.77492269383,2500.0,0.75
29,Zprime_4000GeV_045,0.828341349904,4000.0,0.45
