,name,auc,mass,nu
0,Zprime_1500GeV_075,0.792794158421,1500.0,0.75
1,Zprime_1500GeV_015,0.873735386125,1500.0,0.15
2,Zprime_3000GeV_060,0.810880931552,3000.0,0.6
3,Zprime_1500GeV_030,0.860814132086,1500.0,0.3
4,Zprime_3000GeV_045,0.84245510591,3000.0,0.45
5,Zprime_2000GeV_045,0.843671152789,2000.0,0.45
6,Zprime_2500GeV_015,0.882478764128,2500.0,0.15
7,Zprime_3500GeV_060,0.807687302361,3500.0,0.6
8,Zprime_2500GeV_045,0.842855704221,2500.0,0.45
9,Zprime_2000GeV_075,0.790472260192,2000.0,0.75
10,Zprime_2500GeV_060,0.814536673826,2500.0,0.6
11,Zprime_4000GeV_075,0.764450312201,4000.0,0.75
12,Zprime_4000GeV_030,0.867993031998,4000.0,0.3
13,Zprime_4000GeV_015,0.882237678478,4000.0,0.15
14,Zprime_3000GeV_030,0.864325592078,3000.0,0.3
15,Zprime_1500GeV_045,0.839268498997,1500.0,0.45
16,Zprime_3000GeV_075,0.775877397638,3000.0,0.75
17,Zprime_1500GeV_060,0.820798247094,1500.0,0.6
18,Zprime_3000GeV_015,0.884251865153,3000.0,0.15
19,Zprime_3500GeV_015,0.88303843286,3500.0,0.15
20,Zprime_3500GeV_030,0.867990595333,3500.0,0.3
21,Zprime_2000GeV_030,0.866217989004,2000.0,0.3
22,Zprime_2000GeV_015,0.880945321538,2000.0,0.15
23,Zprime_3500GeV_075,0.771187559988,3500.0,0.75
24,Zprime_3500GeV_045,0.841683640263,3500.0,0.45
25,Zprime_2500GeV_030,0.86405349484,2500.0,0.3
26,Zprime_2000GeV_060,0.817983899168,2000.0,0.6
27,Zprime_4000GeV_060,0.807539843907,4000.0,0.6
28,Zprime_2500GeV_075,0.779186251709,2500.0,0.75
29,Zprime_4000GeV_045,0.840191303389,4000.0,0.45
