,name,auc,mass,nu
0,Zprime_1500GeV_075,0.806340507901,1500.0,0.75
1,Zprime_1500GeV_015,0.877512880404,1500.0,0.15
2,Zprime_3000GeV_060,0.816595035442,3000.0,0.6
3,Zprime_1500GeV_030,0.868042597697,1500.0,0.3
4,Zprime_3000GeV_045,0.844821223286,3000.0,0.45
5,Zprime_2000GeV_045,0.853330636917,2000.0,0.45
6,Zprime_2500GeV_015,0.881154135993,2500.0,0.15
7,Zprime_3500GeV_060,0.815699964591,3500.0,0.6
8,Zprime_2500GeV_045,0.847106498052,2500.0,0.45
9,Zprime_2000GeV_075,0.805413980642,2000.0,0.75
10,Zprime_2500GeV_060,0.822603461607,2500.0,0.6
11,Zprime_4000GeV_075,0.776713485641,4000.0,0.75
12,Zprime_4000GeV_030,0.874519046805,4000.0,0.3
13,Zprime_4000GeV_015,0.888277098071,4000.0,0.15
14,Zprime_3000GeV_030,0.865663380543,3000.0,0.3
15,Zprime_1500GeV_045,0.852151929235,1500.0,0.45
16,Zprime_3000GeV_075,0.786752221321,3000.0,0.75
17,Zprime_1500GeV_060,0.834382685995,1500.0,0.6
18,Zprime_3000GeV_015,0.883090633539,3000.0,0.15
19,Zprime_3500GeV_015,0.885105510293,3500.0,0.15
20,Zprime_3500GeV_030,0.869766644281,3500.0,0.3
21,Zprime_2000GeV_030,0.871527680095,2000.0,0.3
22,Zprime_2000GeV_015,0.884146292435,2000.0,0.15
23,Zprime_3500GeV_075,0.780628742876,3500.0,0.75
24,Zprime_3500GeV_045,0.845837469742,3500.0,0.45
25,Zprime_2500GeV_030,0.866606281562,2500.0,0.3
26,Zprime_2000GeV_060,0.829658310699,2000.0,0.6
27,Zprime_4000GeV_060,0.817631182492,4000.0,0.6
28,Zprime_2500GeV_075,0.793185912447,2500.0,0.75
29,Zprime_4000GeV_045,0.848183501698,4000.0,0.45
