,name,auc,mass,nu
0,Zprime_1500GeV_075,0.79079225711,1500.0,0.75
1,Zprime_1500GeV_015,0.860622113832,1500.0,0.15
2,Zprime_3000GeV_060,0.795790695405,3000.0,0.6
3,Zprime_1500GeV_030,0.849500427293,1500.0,0.3
4,Zprime_3000GeV_045,0.824433697836,3000.0,0.45
5,Zprime_2000GeV_045,0.830558107191,2000.0,0.45
6,Zprime_2500GeV_015,0.860979600531,2500.0,0.15
7,Zprime_3500GeV_060,0.794180088339,3500.0,0.6
8,Zprime_2500GeV_045,0.825987686192,2500.0,0.45
9,Zprime_2000GeV_075,0.78627209444,2000.0,0.75
10,Zprime_2500GeV_060,0.799719381313,2500.0,0.6
11,Zprime_4000GeV_075,0.75467197765,4000.0,0.75
12,Zprime_4000GeV_030,0.850384846874,4000.0,0.3
13,Zprime_4000GeV_015,0.86333533187,4000.0,0.15
14,Zprime_3000GeV_030,0.845001558577,3000.0,0.3
15,Zprime_1500GeV_045,0.829981072377,1500.0,0.45
16,Zprime_3000GeV_075,0.765774126231,3000.0,0.75
17,Zprime_1500GeV_060,0.814748056799,1500.0,0.6
18,Zprime_3000GeV_015,0.862587978623,3000.0,0.15
19,Zprime_3500GeV_015,0.86235938064,3500.0,0.15
20,Zprime_3500GeV_030,0.848485850187,3500.0,0.3
21,Zprime_2000GeV_030,0.850272948779,2000.0,0.3
22,Zprime_2000GeV_015,0.862916466324,2000.0,0.15
23,Zprime_3500GeV_075,0.758957974801,3500.0,0.75
24,Zprime_3500GeV_045,0.822091545637,3500.0,0.45
25,Zprime_2500GeV_030,0.84555334352,2500.0,0.3
26,Zprime_2000GeV_060,0.809008310863,2000.0,0.6
27,Zprime_4000GeV_060,0.795538467199,4000.0,0.6
28,Zprime_2500GeV_075,0.772447750575,2500.0,0.75
29,Zprime_4000GeV_045,0.823981792706,4000.0,0.45
