,name,auc,mass,nu
0,Zprime_1500GeV_075,0.748948348654,1500.0,0.75
1,Zprime_1500GeV_015,0.836636832218,1500.0,0.15
2,Zprime_3000GeV_060,0.767897307119,3000.0,0.6
3,Zprime_1500GeV_030,0.826257811337,1500.0,0.3
4,Zprime_3000GeV_045,0.797162452985,3000.0,0.45
5,Zprime_2000GeV_045,0.805200422034,2000.0,0.45
6,Zprime_2500GeV_015,0.838917144716,2500.0,0.15
7,Zprime_3500GeV_060,0.76796110991,3500.0,0.6
8,Zprime_2500GeV_045,0.799633847088,2500.0,0.45
9,Zprime_2000GeV_075,0.749620827926,2000.0,0.75
10,Zprime_2500GeV_060,0.771099327417,2500.0,0.6
11,Zprime_4000GeV_075,0.727783010443,4000.0,0.75
12,Zprime_4000GeV_030,0.826052274889,4000.0,0.3
13,Zprime_4000GeV_015,0.844237752827,4000.0,0.15
14,Zprime_3000GeV_030,0.818844498161,3000.0,0.3
15,Zprime_1500GeV_045,0.800725001707,1500.0,0.45
16,Zprime_3000GeV_075,0.734789520726,3000.0,0.75
17,Zprime_1500GeV_060,0.781169105978,1500.0,0.6
18,Zprime_3000GeV_015,0.838800115072,3000.0,0.15
19,Zprime_3500GeV_015,0.83853581267,3500.0,0.15
20,Zprime_3500GeV_030,0.824125937684,3500.0,0.3
21,Zprime_2000GeV_030,0.828781519568,2000.0,0.3
22,Zprime_2000GeV_015,0.843865714088,2000.0,0.15
23,Zprime_3500GeV_075,0.731564838415,3500.0,0.75
24,Zprime_3500GeV_045,0.795930489752,3500.0,0.45
25,Zprime_2500GeV_030,0.822028617563,2500.0,0.3
26,Zprime_2000GeV_060,0.778067421226,2000.0,0.6
27,Zprime_4000GeV_060,0.768732199677,4000.0,0.6
28,Zprime_2500GeV_075,0.738477828058,2500.0,0.75
29,Zprime_4000GeV_045,0.796869486152,4000.0,0.45
