,name,auc,mass,nu
0,Zprime_1500GeV_075,0.745749444853,1500.0,0.75
1,Zprime_1500GeV_015,0.836806430105,1500.0,0.15
2,Zprime_3000GeV_060,0.771978166795,3000.0,0.6
3,Zprime_1500GeV_030,0.826057436514,1500.0,0.3
4,Zprime_3000GeV_045,0.805438465127,3000.0,0.45
5,Zprime_2000GeV_045,0.809573044123,2000.0,0.45
6,Zprime_2500GeV_015,0.853368611502,2500.0,0.15
7,Zprime_3500GeV_060,0.770885576968,3500.0,0.6
8,Zprime_2500GeV_045,0.807403668345,2500.0,0.45
9,Zprime_2000GeV_075,0.750256381426,2000.0,0.75
10,Zprime_2500GeV_060,0.776406499279,2500.0,0.6
11,Zprime_4000GeV_075,0.729405101768,4000.0,0.75
12,Zprime_4000GeV_030,0.837234271216,4000.0,0.3
13,Zprime_4000GeV_015,0.857912505039,4000.0,0.15
14,Zprime_3000GeV_030,0.829891322011,3000.0,0.3
15,Zprime_1500GeV_045,0.800268457244,1500.0,0.45
16,Zprime_3000GeV_075,0.736041627164,3000.0,0.75
17,Zprime_1500GeV_060,0.781515480016,1500.0,0.6
18,Zprime_3000GeV_015,0.852901006446,3000.0,0.15
19,Zprime_3500GeV_015,0.852762481028,3500.0,0.15
20,Zprime_3500GeV_030,0.834195758427,3500.0,0.3
21,Zprime_2000GeV_030,0.834787171155,2000.0,0.3
22,Zprime_2000GeV_015,0.851555011762,2000.0,0.15
23,Zprime_3500GeV_075,0.732672082988,3500.0,0.75
24,Zprime_3500GeV_045,0.802960107482,3500.0,0.45
25,Zprime_2500GeV_030,0.832335392089,2500.0,0.3
26,Zprime_2000GeV_060,0.778425417998,2000.0,0.6
27,Zprime_4000GeV_060,0.772617791549,4000.0,0.6
28,Zprime_2500GeV_075,0.738679755202,2500.0,0.75
29,Zprime_4000GeV_045,0.806604990286,4000.0,0.45
