,name,auc,mass,nu
0,Zprime_1500GeV_075,0.816967616043,1500.0,0.75
1,Zprime_1500GeV_015,0.884670852022,1500.0,0.15
2,Zprime_3000GeV_060,0.821356302583,3000.0,0.6
3,Zprime_1500GeV_030,0.876098281997,1500.0,0.3
4,Zprime_3000GeV_045,0.848352320808,3000.0,0.45
5,Zprime_2000GeV_045,0.858215912008,2000.0,0.45
6,Zprime_2500GeV_015,0.884038433648,2500.0,0.15
7,Zprime_3500GeV_060,0.818506579337,3500.0,0.6
8,Zprime_2500GeV_045,0.85127500964,2500.0,0.45
9,Zprime_2000GeV_075,0.816000233109,2000.0,0.75
10,Zprime_2500GeV_060,0.827401281263,2500.0,0.6
11,Zprime_4000GeV_075,0.781490062535,4000.0,0.75
12,Zprime_4000GeV_030,0.873621435005,4000.0,0.3
13,Zprime_4000GeV_015,0.887893815656,4000.0,0.15
14,Zprime_3000GeV_030,0.868270391376,3000.0,0.3
15,Zprime_1500GeV_045,0.860293587369,1500.0,0.45
16,Zprime_3000GeV_075,0.794609719789,3000.0,0.75
17,Zprime_1500GeV_060,0.842677237008,1500.0,0.6
18,Zprime_3000GeV_015,0.883987199126,3000.0,0.15
19,Zprime_3500GeV_015,0.885521650994,3500.0,0.15
20,Zprime_3500GeV_030,0.870364340003,3500.0,0.3
21,Zprime_2000GeV_030,0.875802586394,2000.0,0.3
22,Zprime_2000GeV_015,0.887401362016,2000.0,0.15
23,Zprime_3500GeV_075,0.787731422457,3500.0,0.75
24,Zprime_3500GeV_045,0.847060264193,3500.0,0.45
25,Zprime_2500GeV_030,0.86969320172,2500.0,0.3
26,Zprime_2000GeV_060,0.837135042262,2000.0,0.6
27,Zprime_4000GeV_060,0.818766013462,4000.0,0.6
28,Zprime_2500GeV_075,0.803045071009,2500.0,0.75
29,Zprime_4000GeV_045,0.847740401603,4000.0,0.45
