,name,auc,mass,nu
0,Zprime_1500GeV_075,0.697203275834,1500.0,0.75
1,Zprime_1500GeV_015,0.780556285727,1500.0,0.15
2,Zprime_3000GeV_060,0.716492877021,3000.0,0.6
3,Zprime_1500GeV_030,0.768707752304,1500.0,0.3
4,Zprime_3000GeV_045,0.741784989701,3000.0,0.45
5,Zprime_2000GeV_045,0.75798184706,2000.0,0.45
6,Zprime_2500GeV_015,0.78281594073,2500.0,0.15
7,Zprime_3500GeV_060,0.714019737771,3500.0,0.6
8,Zprime_2500GeV_045,0.746757970227,2500.0,0.45
9,Zprime_2000GeV_075,0.707314023921,2000.0,0.75
10,Zprime_2500GeV_060,0.721927680517,2500.0,0.6
11,Zprime_4000GeV_075,0.68283976997,4000.0,0.75
12,Zprime_4000GeV_030,0.779029744125,4000.0,0.3
13,Zprime_4000GeV_015,0.803968731434,4000.0,0.15
14,Zprime_3000GeV_030,0.763830330679,3000.0,0.3
15,Zprime_1500GeV_045,0.744369193501,1500.0,0.45
16,Zprime_3000GeV_075,0.690436998111,3000.0,0.75
17,Zprime_1500GeV_060,0.726659433541,1500.0,0.6
18,Zprime_3000GeV_015,0.784217962378,3000.0,0.15
19,Zprime_3500GeV_015,0.790695527659,3500.0,0.15
20,Zprime_3500GeV_030,0.770656253317,3500.0,0.3
21,Zprime_2000GeV_030,0.776458326569,2000.0,0.3
22,Zprime_2000GeV_015,0.790083186566,2000.0,0.15
23,Zprime_3500GeV_075,0.685868033514,3500.0,0.75
24,Zprime_3500GeV_045,0.742658701723,3500.0,0.45
25,Zprime_2500GeV_030,0.765889051608,2500.0,0.3
26,Zprime_2000GeV_060,0.730534330501,2000.0,0.6
27,Zprime_4000GeV_060,0.717861017787,4000.0,0.6
28,Zprime_2500GeV_075,0.692136732197,2500.0,0.75
29,Zprime_4000GeV_045,0.748082119285,4000.0,0.45
