,name,auc,mass,nu
0,Zprime_1500GeV_075,0.797501406104,1500.0,0.75
1,Zprime_1500GeV_015,0.872059899654,1500.0,0.15
2,Zprime_3000GeV_060,0.804622290992,3000.0,0.6
3,Zprime_1500GeV_030,0.859463823915,1500.0,0.3
4,Zprime_3000GeV_045,0.83271386603,3000.0,0.45
5,Zprime_2000GeV_045,0.841310527282,2000.0,0.45
6,Zprime_2500GeV_015,0.872202583161,2500.0,0.15
7,Zprime_3500GeV_060,0.802100171181,3500.0,0.6
8,Zprime_2500GeV_045,0.835873964202,2500.0,0.45
9,Zprime_2000GeV_075,0.79450825102,2000.0,0.75
10,Zprime_2500GeV_060,0.810285701616,2500.0,0.6
11,Zprime_4000GeV_075,0.761372916783,4000.0,0.75
12,Zprime_4000GeV_030,0.856434987524,4000.0,0.3
13,Zprime_4000GeV_015,0.869208293175,4000.0,0.15
14,Zprime_3000GeV_030,0.853515956548,3000.0,0.3
15,Zprime_1500GeV_045,0.83950880421,1500.0,0.45
16,Zprime_3000GeV_075,0.774149073623,3000.0,0.75
17,Zprime_1500GeV_060,0.82598802461,1500.0,0.6
18,Zprime_3000GeV_015,0.870364552128,3000.0,0.15
19,Zprime_3500GeV_015,0.869277327212,3500.0,0.15
20,Zprime_3500GeV_030,0.855791674101,3500.0,0.3
21,Zprime_2000GeV_030,0.861385678581,2000.0,0.3
22,Zprime_2000GeV_015,0.873206358974,2000.0,0.15
23,Zprime_3500GeV_075,0.767336529291,3500.0,0.75
24,Zprime_3500GeV_045,0.830131275915,3500.0,0.45
25,Zprime_2500GeV_030,0.855630761036,2500.0,0.3
26,Zprime_2000GeV_060,0.818153967397,2000.0,0.6
27,Zprime_4000GeV_060,0.802085507457,4000.0,0.6
28,Zprime_2500GeV_075,0.78150609501,2500.0,0.75
29,Zprime_4000GeV_045,0.830497768752,4000.0,0.45
