,name,auc,mass,nu
0,Zprime_1500GeV_075,0.758363773827,1500.0,0.75
1,Zprime_1500GeV_015,0.837984766323,1500.0,0.15
2,Zprime_3000GeV_060,0.794150891273,3000.0,0.6
3,Zprime_1500GeV_030,0.823303335519,1500.0,0.3
4,Zprime_3000GeV_045,0.824700580663,3000.0,0.45
5,Zprime_2000GeV_045,0.822023527976,2000.0,0.45
6,Zprime_2500GeV_015,0.862509325957,2500.0,0.15
7,Zprime_3500GeV_060,0.79314651908,3500.0,0.6
8,Zprime_2500GeV_045,0.822971062601,2500.0,0.45
9,Zprime_2000GeV_075,0.76328236482,2000.0,0.75
10,Zprime_2500GeV_060,0.791047444353,2500.0,0.6
11,Zprime_4000GeV_075,0.750477887494,4000.0,0.75
12,Zprime_4000GeV_030,0.863311194771,4000.0,0.3
13,Zprime_4000GeV_015,0.87948066365,4000.0,0.15
14,Zprime_3000GeV_030,0.848755017463,3000.0,0.3
15,Zprime_1500GeV_045,0.798660313588,1500.0,0.45
16,Zprime_3000GeV_075,0.754649703664,3000.0,0.75
17,Zprime_1500GeV_060,0.780788714912,1500.0,0.6
18,Zprime_3000GeV_015,0.87058213267,3000.0,0.15
19,Zprime_3500GeV_015,0.874428295393,3500.0,0.15
20,Zprime_3500GeV_030,0.856633898192,3500.0,0.3
21,Zprime_2000GeV_030,0.842983508217,2000.0,0.3
22,Zprime_2000GeV_015,0.858447359507,2000.0,0.15
23,Zprime_3500GeV_075,0.753914854274,3500.0,0.75
24,Zprime_3500GeV_045,0.82763259603,3500.0,0.45
25,Zprime_2500GeV_030,0.844371288417,2500.0,0.3
26,Zprime_2000GeV_060,0.794670601113,2000.0,0.6
27,Zprime_4000GeV_060,0.796396747035,4000.0,0.6
28,Zprime_2500GeV_075,0.755303612468,2500.0,0.75
29,Zprime_4000GeV_045,0.830775261487,4000.0,0.45
