,name,auc,mass,nu
0,Zprime_1500GeV_075,0.809129476773,1500.0,0.75
1,Zprime_1500GeV_015,0.874965967465,1500.0,0.15
2,Zprime_3000GeV_060,0.827174544585,3000.0,0.6
3,Zprime_1500GeV_030,0.864506025688,1500.0,0.3
4,Zprime_3000GeV_045,0.849503493721,3000.0,0.45
5,Zprime_2000GeV_045,0.860130689328,2000.0,0.45
6,Zprime_2500GeV_015,0.880797726172,2500.0,0.15
7,Zprime_3500GeV_060,0.822656374201,3500.0,0.6
8,Zprime_2500GeV_045,0.852510760529,2500.0,0.45
9,Zprime_2000GeV_075,0.814642415295,2000.0,0.75
10,Zprime_2500GeV_060,0.831410509996,2500.0,0.6
11,Zprime_4000GeV_075,0.790050973343,4000.0,0.75
12,Zprime_4000GeV_030,0.874411105101,4000.0,0.3
13,Zprime_4000GeV_015,0.888307516301,4000.0,0.15
14,Zprime_3000GeV_030,0.866074354692,3000.0,0.3
15,Zprime_1500GeV_045,0.843209453881,1500.0,0.45
16,Zprime_3000GeV_075,0.798086640237,3000.0,0.75
17,Zprime_1500GeV_060,0.826580614791,1500.0,0.6
18,Zprime_3000GeV_015,0.881856371934,3000.0,0.15
19,Zprime_3500GeV_015,0.883316654556,3500.0,0.15
20,Zprime_3500GeV_030,0.870795642167,3500.0,0.3
21,Zprime_2000GeV_030,0.876629521309,2000.0,0.3
22,Zprime_2000GeV_015,0.887399269297,2000.0,0.15
23,Zprime_3500GeV_075,0.794916807635,3500.0,0.75
24,Zprime_3500GeV_045,0.848365911311,3500.0,0.45
25,Zprime_2500GeV_030,0.867561946087,2500.0,0.3
26,Zprime_2000GeV_060,0.83612296389,2000.0,0.6
27,Zprime_4000GeV_060,0.824436812804,4000.0,0.6
28,Zprime_2500GeV_075,0.804606223259,2500.0,0.75
29,Zprime_4000GeV_045,0.850062760581,4000.0,0.45
