,name,auc,mass,nu
0,Zprime_1500GeV_075,0.780183830941,1500.0,0.75
1,Zprime_1500GeV_015,0.846571818389,1500.0,0.15
2,Zprime_3000GeV_060,0.793683078122,3000.0,0.6
3,Zprime_1500GeV_030,0.8315022496,1500.0,0.3
4,Zprime_3000GeV_045,0.816391462378,3000.0,0.45
5,Zprime_2000GeV_045,0.824187370514,2000.0,0.45
6,Zprime_2500GeV_015,0.848013005542,2500.0,0.15
7,Zprime_3500GeV_060,0.79156006001,3500.0,0.6
8,Zprime_2500GeV_045,0.816690028555,2500.0,0.45
9,Zprime_2000GeV_075,0.780614734733,2000.0,0.75
10,Zprime_2500GeV_060,0.794329482314,2500.0,0.6
11,Zprime_4000GeV_075,0.762482396922,4000.0,0.75
12,Zprime_4000GeV_030,0.851698241332,4000.0,0.3
13,Zprime_4000GeV_015,0.865972578824,4000.0,0.15
14,Zprime_3000GeV_030,0.8352788873,3000.0,0.3
15,Zprime_1500GeV_045,0.814567466854,1500.0,0.45
16,Zprime_3000GeV_075,0.766522080824,3000.0,0.75
17,Zprime_1500GeV_060,0.801347030761,1500.0,0.6
18,Zprime_3000GeV_015,0.853157314094,3000.0,0.15
19,Zprime_3500GeV_015,0.860952226657,3500.0,0.15
20,Zprime_3500GeV_030,0.844750907188,3500.0,0.3
21,Zprime_2000GeV_030,0.840305689631,2000.0,0.3
22,Zprime_2000GeV_015,0.852434608321,2000.0,0.15
23,Zprime_3500GeV_075,0.764913439369,3500.0,0.75
24,Zprime_3500GeV_045,0.819764895815,3500.0,0.45
25,Zprime_2500GeV_030,0.83356546417,2500.0,0.3
26,Zprime_2000GeV_060,0.80074980079,2000.0,0.6
27,Zprime_4000GeV_060,0.795956472421,4000.0,0.6
28,Zprime_2500GeV_075,0.7708197457,2500.0,0.75
29,Zprime_4000GeV_045,0.825302559203,4000.0,0.45
