,name,auc,mass,nu
0,Zprime_1500GeV_075,0.725087947984,1500.0,0.75
1,Zprime_1500GeV_015,0.827894495444,1500.0,0.15
2,Zprime_3000GeV_060,0.760714584934,3000.0,0.6
3,Zprime_1500GeV_030,0.810928652481,1500.0,0.3
4,Zprime_3000GeV_045,0.794000509789,3000.0,0.45
5,Zprime_2000GeV_045,0.797912007874,2000.0,0.45
6,Zprime_2500GeV_015,0.841880796016,2500.0,0.15
7,Zprime_3500GeV_060,0.760556220675,3500.0,0.6
8,Zprime_2500GeV_045,0.795591841567,2500.0,0.45
9,Zprime_2000GeV_075,0.733086442986,2000.0,0.75
10,Zprime_2500GeV_060,0.762734332672,2500.0,0.6
11,Zprime_4000GeV_075,0.71477830946,4000.0,0.75
12,Zprime_4000GeV_030,0.822310311153,4000.0,0.3
13,Zprime_4000GeV_015,0.838888189742,4000.0,0.15
14,Zprime_3000GeV_030,0.816884052093,3000.0,0.3
15,Zprime_1500GeV_045,0.784176685462,1500.0,0.45
16,Zprime_3000GeV_075,0.722522232659,3000.0,0.75
17,Zprime_1500GeV_060,0.7614143596,1500.0,0.6
18,Zprime_3000GeV_015,0.838816864575,3000.0,0.15
19,Zprime_3500GeV_015,0.835622525169,3500.0,0.15
20,Zprime_3500GeV_030,0.819504719777,3500.0,0.3
21,Zprime_2000GeV_030,0.823322235215,2000.0,0.3
22,Zprime_2000GeV_015,0.842421759159,2000.0,0.15
23,Zprime_3500GeV_075,0.719712467955,3500.0,0.75
24,Zprime_3500GeV_045,0.789685795851,3500.0,0.45
25,Zprime_2500GeV_030,0.821236273113,2500.0,0.3
26,Zprime_2000GeV_060,0.765061895189,2000.0,0.6
27,Zprime_4000GeV_060,0.760848049652,4000.0,0.6
28,Zprime_2500GeV_075,0.722736040705,2500.0,0.75
29,Zprime_4000GeV_045,0.791610920383,4000.0,0.45
