,name,auc,mass,nu
0,Zprime_1500GeV_075,0.740693598007,1500.0,0.75
1,Zprime_1500GeV_015,0.83139503961,1500.0,0.15
2,Zprime_3000GeV_060,0.764034491585,3000.0,0.6
3,Zprime_1500GeV_030,0.81815197687,1500.0,0.3
4,Zprime_3000GeV_045,0.794397737017,3000.0,0.45
5,Zprime_2000GeV_045,0.800144208682,2000.0,0.45
6,Zprime_2500GeV_015,0.835606778158,2500.0,0.15
7,Zprime_3500GeV_060,0.764526537733,3500.0,0.6
8,Zprime_2500GeV_045,0.796353984978,2500.0,0.45
9,Zprime_2000GeV_075,0.744916748848,2000.0,0.75
10,Zprime_2500GeV_060,0.767119342322,2500.0,0.6
11,Zprime_4000GeV_075,0.724178340554,4000.0,0.75
12,Zprime_4000GeV_030,0.823034128539,4000.0,0.3
13,Zprime_4000GeV_015,0.841929484412,4000.0,0.15
14,Zprime_3000GeV_030,0.816632671114,3000.0,0.3
15,Zprime_1500GeV_045,0.79311749362,1500.0,0.45
16,Zprime_3000GeV_075,0.730706117424,3000.0,0.75
17,Zprime_1500GeV_060,0.774498889911,1500.0,0.6
18,Zprime_3000GeV_015,0.837004143632,3000.0,0.15
19,Zprime_3500GeV_015,0.837040048989,3500.0,0.15
20,Zprime_3500GeV_030,0.820878365907,3500.0,0.3
21,Zprime_2000GeV_030,0.823565425903,2000.0,0.3
22,Zprime_2000GeV_015,0.8393519975,2000.0,0.15
23,Zprime_3500GeV_075,0.72689252941,3500.0,0.75
24,Zprime_3500GeV_045,0.79279948562,3500.0,0.45
25,Zprime_2500GeV_030,0.818517454213,2500.0,0.3
26,Zprime_2000GeV_060,0.772588967912,2000.0,0.6
27,Zprime_4000GeV_060,0.764430479902,4000.0,0.6
28,Zprime_2500GeV_075,0.733826139134,2500.0,0.75
29,Zprime_4000GeV_045,0.793377818922,4000.0,0.45
