,name,auc,mass,nu
0,Zprime_1500GeV_075,0.724368394996,1500.0,0.75
1,Zprime_1500GeV_015,0.822659525873,1500.0,0.15
2,Zprime_3000GeV_060,0.765570519752,3000.0,0.6
3,Zprime_1500GeV_030,0.807094974504,1500.0,0.3
4,Zprime_3000GeV_045,0.802128407975,3000.0,0.45
5,Zprime_2000GeV_045,0.806642770786,2000.0,0.45
6,Zprime_2500GeV_015,0.853358203191,2500.0,0.15
7,Zprime_3500GeV_060,0.761478212777,3500.0,0.6
8,Zprime_2500GeV_045,0.805584620811,2500.0,0.45
9,Zprime_2000GeV_075,0.734349043321,2000.0,0.75
10,Zprime_2500GeV_060,0.771614477796,2500.0,0.6
11,Zprime_4000GeV_075,0.709035387111,4000.0,0.75
12,Zprime_4000GeV_030,0.824565371346,4000.0,0.3
13,Zprime_4000GeV_015,0.838143206375,4000.0,0.15
14,Zprime_3000GeV_030,0.82804376851,3000.0,0.3
15,Zprime_1500GeV_045,0.783395999348,1500.0,0.45
16,Zprime_3000GeV_075,0.725419528892,3000.0,0.75
17,Zprime_1500GeV_060,0.756603915569,1500.0,0.6
18,Zprime_3000GeV_015,0.850495775275,3000.0,0.15
19,Zprime_3500GeV_015,0.844597643682,3500.0,0.15
20,Zprime_3500GeV_030,0.827112255842,3500.0,0.3
21,Zprime_2000GeV_030,0.8317083591,2000.0,0.3
22,Zprime_2000GeV_015,0.852953221631,2000.0,0.15
23,Zprime_3500GeV_075,0.721024839144,3500.0,0.75
24,Zprime_3500GeV_045,0.796598772602,3500.0,0.45
25,Zprime_2500GeV_030,0.83210146534,2500.0,0.3
26,Zprime_2000GeV_060,0.77176706392,2000.0,0.6
27,Zprime_4000GeV_060,0.758553314929,4000.0,0.6
28,Zprime_2500GeV_075,0.72668275945,2500.0,0.75
29,Zprime_4000GeV_045,0.792392202883,4000.0,0.45
