,name,auc,mass,nu
0,Zprime_1500GeV_075,0.779539820818,1500.0,0.75
1,Zprime_1500GeV_015,0.8603990727,1500.0,0.15
2,Zprime_3000GeV_060,0.792523844842,3000.0,0.6
3,Zprime_1500GeV_030,0.848538301336,1500.0,0.3
4,Zprime_3000GeV_045,0.822204264796,3000.0,0.45
5,Zprime_2000GeV_045,0.83036154408,2000.0,0.45
6,Zprime_2500GeV_015,0.863395479308,2500.0,0.15
7,Zprime_3500GeV_060,0.791034688838,3500.0,0.6
8,Zprime_2500GeV_045,0.825403575876,2500.0,0.45
9,Zprime_2000GeV_075,0.777406755092,2000.0,0.75
10,Zprime_2500GeV_060,0.798260962672,2500.0,0.6
11,Zprime_4000GeV_075,0.749331720337,4000.0,0.75
12,Zprime_4000GeV_030,0.845931500799,4000.0,0.3
13,Zprime_4000GeV_015,0.858951607457,4000.0,0.15
14,Zprime_3000GeV_030,0.843336985178,3000.0,0.3
15,Zprime_1500GeV_045,0.827714527422,1500.0,0.45
16,Zprime_3000GeV_075,0.759774763693,3000.0,0.75
17,Zprime_1500GeV_060,0.810714215001,1500.0,0.6
18,Zprime_3000GeV_015,0.861575823877,3000.0,0.15
19,Zprime_3500GeV_015,0.858447045982,3500.0,0.15
20,Zprime_3500GeV_030,0.844729220586,3500.0,0.3
21,Zprime_2000GeV_030,0.85233014346,2000.0,0.3
22,Zprime_2000GeV_015,0.866741535426,2000.0,0.15
23,Zprime_3500GeV_075,0.754338373033,3500.0,0.75
24,Zprime_3500GeV_045,0.819379281935,3500.0,0.45
25,Zprime_2500GeV_030,0.84770161068,2500.0,0.3
26,Zprime_2000GeV_060,0.80528292563,2000.0,0.6
27,Zprime_4000GeV_060,0.790973311284,4000.0,0.6
28,Zprime_2500GeV_075,0.764134634807,2500.0,0.75
29,Zprime_4000GeV_045,0.81996861092,4000.0,0.45
