,name,auc,mass,nu
0,Zprime_1500GeV_075,0.71529253283,1500.0,0.75
1,Zprime_1500GeV_015,0.808761371418,1500.0,0.15
2,Zprime_3000GeV_060,0.738279141803,3000.0,0.6
3,Zprime_1500GeV_030,0.790161063469,1500.0,0.3
4,Zprime_3000GeV_045,0.771299584359,3000.0,0.45
5,Zprime_2000GeV_045,0.770157048186,2000.0,0.45
6,Zprime_2500GeV_015,0.813465544777,2500.0,0.15
7,Zprime_3500GeV_060,0.742110291078,3500.0,0.6
8,Zprime_2500GeV_045,0.769068495932,2500.0,0.45
9,Zprime_2000GeV_075,0.715096941137,2000.0,0.75
10,Zprime_2500GeV_060,0.738686451913,2500.0,0.6
11,Zprime_4000GeV_075,0.702975176358,4000.0,0.75
12,Zprime_4000GeV_030,0.812409261469,4000.0,0.3
13,Zprime_4000GeV_015,0.835418229515,4000.0,0.15
14,Zprime_3000GeV_030,0.796457100306,3000.0,0.3
15,Zprime_1500GeV_045,0.765126126453,1500.0,0.45
16,Zprime_3000GeV_075,0.704902873417,3000.0,0.75
17,Zprime_1500GeV_060,0.745501912978,1500.0,0.6
18,Zprime_3000GeV_015,0.819522488025,3000.0,0.15
19,Zprime_3500GeV_015,0.825049899059,3500.0,0.15
20,Zprime_3500GeV_030,0.807725782797,3500.0,0.3
21,Zprime_2000GeV_030,0.792525270053,2000.0,0.3
22,Zprime_2000GeV_015,0.811258109926,2000.0,0.15
23,Zprime_3500GeV_075,0.706586169942,3500.0,0.75
24,Zprime_3500GeV_045,0.775204674259,3500.0,0.45
25,Zprime_2500GeV_030,0.792801283787,2500.0,0.3
26,Zprime_2000GeV_060,0.742342829703,2000.0,0.6
27,Zprime_4000GeV_060,0.748071392484,4000.0,0.6
28,Zprime_2500GeV_075,0.705420887981,2500.0,0.75
29,Zprime_4000GeV_045,0.780485247792,4000.0,0.45
