,name,auc,mass,nu
0,Zprime_1500GeV_075,0.738643032414,1500.0,0.75
1,Zprime_1500GeV_015,0.831711484164,1500.0,0.15
2,Zprime_3000GeV_060,0.760856308445,3000.0,0.6
3,Zprime_1500GeV_030,0.817074047205,1500.0,0.3
4,Zprime_3000GeV_045,0.792142784978,3000.0,0.45
5,Zprime_2000GeV_045,0.795421401496,2000.0,0.45
6,Zprime_2500GeV_015,0.834757716758,2500.0,0.15
7,Zprime_3500GeV_060,0.762615677824,3500.0,0.6
8,Zprime_2500GeV_045,0.792588228091,2500.0,0.45
9,Zprime_2000GeV_075,0.740975665712,2000.0,0.75
10,Zprime_2500GeV_060,0.76211150988,2500.0,0.6
11,Zprime_4000GeV_075,0.722690785003,4000.0,0.75
12,Zprime_4000GeV_030,0.825846481307,4000.0,0.3
13,Zprime_4000GeV_015,0.84433588573,4000.0,0.15
14,Zprime_3000GeV_030,0.815353914668,3000.0,0.3
15,Zprime_1500GeV_045,0.792751302272,1500.0,0.45
16,Zprime_3000GeV_075,0.726242315655,3000.0,0.75
17,Zprime_1500GeV_060,0.773952044362,1500.0,0.6
18,Zprime_3000GeV_015,0.837160172698,3000.0,0.15
19,Zprime_3500GeV_015,0.838128788874,3500.0,0.15
20,Zprime_3500GeV_030,0.82184022841,3500.0,0.3
21,Zprime_2000GeV_030,0.819451408782,2000.0,0.3
22,Zprime_2000GeV_015,0.836081997843,2000.0,0.15
23,Zprime_3500GeV_075,0.724890667968,3500.0,0.75
24,Zprime_3500GeV_045,0.791371718538,3500.0,0.45
25,Zprime_2500GeV_030,0.816602275124,2500.0,0.3
26,Zprime_2000GeV_060,0.767740869752,2000.0,0.6
27,Zprime_4000GeV_060,0.764474603811,4000.0,0.6
28,Zprime_2500GeV_075,0.728295117255,2500.0,0.75
29,Zprime_4000GeV_045,0.795184709803,4000.0,0.45
