,name,auc,mass,nu
0,Zprime_1500GeV_075,0.784623574979,1500.0,0.75
1,Zprime_1500GeV_015,0.850784924078,1500.0,0.15
2,Zprime_3000GeV_060,0.797520177774,3000.0,0.6
3,Zprime_1500GeV_030,0.838861444829,1500.0,0.3
4,Zprime_3000GeV_045,0.823867739466,3000.0,0.45
5,Zprime_2000GeV_045,0.832496104676,2000.0,0.45
6,Zprime_2500GeV_015,0.859466653194,2500.0,0.15
7,Zprime_3500GeV_060,0.795769941247,3500.0,0.6
8,Zprime_2500GeV_045,0.824410995494,2500.0,0.45
9,Zprime_2000GeV_075,0.786810344853,2000.0,0.75
10,Zprime_2500GeV_060,0.800120367021,2500.0,0.6
11,Zprime_4000GeV_075,0.760694038524,4000.0,0.75
12,Zprime_4000GeV_030,0.860274298997,4000.0,0.3
13,Zprime_4000GeV_015,0.874636123167,4000.0,0.15
14,Zprime_3000GeV_030,0.845744078375,3000.0,0.3
15,Zprime_1500GeV_045,0.819200744337,1500.0,0.45
16,Zprime_3000GeV_075,0.767669621323,3000.0,0.75
17,Zprime_1500GeV_060,0.806102247252,1500.0,0.6
18,Zprime_3000GeV_015,0.865434379012,3000.0,0.15
19,Zprime_3500GeV_015,0.871786013992,3500.0,0.15
20,Zprime_3500GeV_030,0.853934703951,3500.0,0.3
21,Zprime_2000GeV_030,0.849032495981,2000.0,0.3
22,Zprime_2000GeV_015,0.862136950045,2000.0,0.15
23,Zprime_3500GeV_075,0.76486078622,3500.0,0.75
24,Zprime_3500GeV_045,0.826456913128,3500.0,0.45
25,Zprime_2500GeV_030,0.843595483854,2500.0,0.3
26,Zprime_2000GeV_060,0.806929681304,2000.0,0.6
27,Zprime_4000GeV_060,0.798977835102,4000.0,0.6
28,Zprime_2500GeV_075,0.774775861844,2500.0,0.75
29,Zprime_4000GeV_045,0.83148200517,4000.0,0.45
