,name,auc,mass,nu
0,Zprime_1500GeV_075,0.730903015232,1500.0,0.75
1,Zprime_1500GeV_015,0.817504220503,1500.0,0.15
2,Zprime_3000GeV_060,0.755645208891,3000.0,0.6
3,Zprime_1500GeV_030,0.807347784481,1500.0,0.3
4,Zprime_3000GeV_045,0.788931558518,3000.0,0.45
5,Zprime_2000GeV_045,0.789963254524,2000.0,0.45
6,Zprime_2500GeV_015,0.827919701923,2500.0,0.15
7,Zprime_3500GeV_060,0.760803375098,3500.0,0.6
8,Zprime_2500GeV_045,0.786986146576,2500.0,0.45
9,Zprime_2000GeV_075,0.735764638525,2000.0,0.75
10,Zprime_2500GeV_060,0.758915248324,2500.0,0.6
11,Zprime_4000GeV_075,0.721009346611,4000.0,0.75
12,Zprime_4000GeV_030,0.827983231935,4000.0,0.3
13,Zprime_4000GeV_015,0.847251930838,4000.0,0.15
14,Zprime_3000GeV_030,0.811768955357,3000.0,0.3
15,Zprime_1500GeV_045,0.781544063486,1500.0,0.45
16,Zprime_3000GeV_075,0.722753728647,3000.0,0.75
17,Zprime_1500GeV_060,0.761651857339,1500.0,0.6
18,Zprime_3000GeV_015,0.833311815088,3000.0,0.15
19,Zprime_3500GeV_015,0.839363190612,3500.0,0.15
20,Zprime_3500GeV_030,0.821267572997,3500.0,0.3
21,Zprime_2000GeV_030,0.812229378334,2000.0,0.3
22,Zprime_2000GeV_015,0.828025460495,2000.0,0.15
23,Zprime_3500GeV_075,0.721888528991,3500.0,0.75
24,Zprime_3500GeV_045,0.792693165667,3500.0,0.45
25,Zprime_2500GeV_030,0.810609278931,2500.0,0.3
26,Zprime_2000GeV_060,0.762653735489,2000.0,0.6
27,Zprime_4000GeV_060,0.764323482915,4000.0,0.6
28,Zprime_2500GeV_075,0.722970025534,2500.0,0.75
29,Zprime_4000GeV_045,0.795377492049,4000.0,0.45
