,name,auc,mass,nu
0,Zprime_1500GeV_075,0.792260426889,1500.0,0.75
1,Zprime_1500GeV_015,0.864853672255,1500.0,0.15
2,Zprime_3000GeV_060,0.815585878572,3000.0,0.6
3,Zprime_1500GeV_030,0.85254695879,1500.0,0.3
4,Zprime_3000GeV_045,0.843618649459,3000.0,0.45
5,Zprime_2000GeV_045,0.850726574155,2000.0,0.45
6,Zprime_2500GeV_015,0.879630292687,2500.0,0.15
7,Zprime_3500GeV_060,0.812824303778,3500.0,0.6
8,Zprime_2500GeV_045,0.844623366302,2500.0,0.45
9,Zprime_2000GeV_075,0.798882809851,2000.0,0.75
10,Zprime_2500GeV_060,0.818273172013,2500.0,0.6
11,Zprime_4000GeV_075,0.77501928139,4000.0,0.75
12,Zprime_4000GeV_030,0.876630478678,4000.0,0.3
13,Zprime_4000GeV_015,0.891081534158,4000.0,0.15
14,Zprime_3000GeV_030,0.865050885466,3000.0,0.3
15,Zprime_1500GeV_045,0.831254943064,1500.0,0.45
16,Zprime_3000GeV_075,0.784475535829,3000.0,0.75
17,Zprime_1500GeV_060,0.816018475978,1500.0,0.6
18,Zprime_3000GeV_015,0.884386820064,3000.0,0.15
19,Zprime_3500GeV_015,0.887667866024,3500.0,0.15
20,Zprime_3500GeV_030,0.871051413696,3500.0,0.3
21,Zprime_2000GeV_030,0.868394985657,2000.0,0.3
22,Zprime_2000GeV_015,0.882033528349,2000.0,0.15
23,Zprime_3500GeV_075,0.780728280443,3500.0,0.75
24,Zprime_3500GeV_045,0.844763696765,3500.0,0.45
25,Zprime_2500GeV_030,0.863474602363,2500.0,0.3
26,Zprime_2000GeV_060,0.824404502099,2000.0,0.6
27,Zprime_4000GeV_060,0.816081184736,4000.0,0.6
28,Zprime_2500GeV_075,0.788718399077,2500.0,0.75
29,Zprime_4000GeV_045,0.847566272712,4000.0,0.45
