,name,auc,mass,nu
0,Zprime_1500GeV_075,0.730558855571,1500.0,0.75
1,Zprime_1500GeV_015,0.824648546046,1500.0,0.15
2,Zprime_3000GeV_060,0.752473535678,3000.0,0.6
3,Zprime_1500GeV_030,0.810568169101,1500.0,0.3
4,Zprime_3000GeV_045,0.780176384457,3000.0,0.45
5,Zprime_2000GeV_045,0.792532384071,2000.0,0.45
6,Zprime_2500GeV_015,0.823180423616,2500.0,0.15
7,Zprime_3500GeV_060,0.751433778561,3500.0,0.6
8,Zprime_2500GeV_045,0.786160150599,2500.0,0.45
9,Zprime_2000GeV_075,0.734847470867,2000.0,0.75
10,Zprime_2500GeV_060,0.758989286076,2500.0,0.6
11,Zprime_4000GeV_075,0.715115349279,4000.0,0.75
12,Zprime_4000GeV_030,0.807188856402,4000.0,0.3
13,Zprime_4000GeV_015,0.825406640733,4000.0,0.15
14,Zprime_3000GeV_030,0.80027723388,3000.0,0.3
15,Zprime_1500GeV_045,0.784562335371,1500.0,0.45
16,Zprime_3000GeV_075,0.723237921703,3000.0,0.75
17,Zprime_1500GeV_060,0.765471489979,1500.0,0.6
18,Zprime_3000GeV_015,0.81908327956,3000.0,0.15
19,Zprime_3500GeV_015,0.819207407872,3500.0,0.15
20,Zprime_3500GeV_030,0.803189834575,3500.0,0.3
21,Zprime_2000GeV_030,0.8160425347,2000.0,0.3
22,Zprime_2000GeV_015,0.832254429735,2000.0,0.15
23,Zprime_3500GeV_075,0.718731774871,3500.0,0.75
24,Zprime_3500GeV_045,0.780011800005,3500.0,0.45
25,Zprime_2500GeV_030,0.805984497307,2500.0,0.3
26,Zprime_2000GeV_060,0.763743402149,2000.0,0.6
27,Zprime_4000GeV_060,0.753188219433,4000.0,0.6
28,Zprime_2500GeV_075,0.724084451534,2500.0,0.75
29,Zprime_4000GeV_045,0.78087602065,4000.0,0.45
