,name,auc,mass,nu
0,Zprime_1500GeV_075,0.725475533575,1500.0,0.75
1,Zprime_1500GeV_015,0.816773713059,1500.0,0.15
2,Zprime_3000GeV_060,0.766495621944,3000.0,0.6
3,Zprime_1500GeV_030,0.803747215105,1500.0,0.3
4,Zprime_3000GeV_045,0.803806894213,3000.0,0.45
5,Zprime_2000GeV_045,0.797741630067,2000.0,0.45
6,Zprime_2500GeV_015,0.845408281196,2500.0,0.15
7,Zprime_3500GeV_060,0.768144977804,3500.0,0.6
8,Zprime_2500GeV_045,0.799043925271,2500.0,0.45
9,Zprime_2000GeV_075,0.733353054649,2000.0,0.75
10,Zprime_2500GeV_060,0.764620720148,2500.0,0.6
11,Zprime_4000GeV_075,0.718206549873,4000.0,0.75
12,Zprime_4000GeV_030,0.848512082738,4000.0,0.3
13,Zprime_4000GeV_015,0.869952993473,4000.0,0.15
14,Zprime_3000GeV_030,0.831731005793,3000.0,0.3
15,Zprime_1500GeV_045,0.780410688114,1500.0,0.45
16,Zprime_3000GeV_075,0.724774424354,3000.0,0.75
17,Zprime_1500GeV_060,0.76007814453,1500.0,0.6
18,Zprime_3000GeV_015,0.856244713272,3000.0,0.15
19,Zprime_3500GeV_015,0.864609788764,3500.0,0.15
20,Zprime_3500GeV_030,0.842479261517,3500.0,0.3
21,Zprime_2000GeV_030,0.820184581473,2000.0,0.3
22,Zprime_2000GeV_015,0.837925115306,2000.0,0.15
23,Zprime_3500GeV_075,0.721294126465,3500.0,0.75
24,Zprime_3500GeV_045,0.809146652878,3500.0,0.45
25,Zprime_2500GeV_030,0.82479515215,2500.0,0.3
26,Zprime_2000GeV_060,0.766081637316,2000.0,0.6
27,Zprime_4000GeV_060,0.772344621269,4000.0,0.6
28,Zprime_2500GeV_075,0.723094431246,2500.0,0.75
29,Zprime_4000GeV_045,0.81293097812,4000.0,0.45
