,name,auc,mass,nu
0,Zprime_1500GeV_075,0.72916087065,1500.0,0.75
1,Zprime_1500GeV_015,0.823927656057,1500.0,0.15
2,Zprime_3000GeV_060,0.754798411157,3000.0,0.6
3,Zprime_1500GeV_030,0.80945207217,1500.0,0.3
4,Zprime_3000GeV_045,0.785797540407,3000.0,0.45
5,Zprime_2000GeV_045,0.791754492205,2000.0,0.45
6,Zprime_2500GeV_015,0.829017659013,2500.0,0.15
7,Zprime_3500GeV_060,0.755440120792,3500.0,0.6
8,Zprime_2500GeV_045,0.788161772884,2500.0,0.45
9,Zprime_2000GeV_075,0.734505536301,2000.0,0.75
10,Zprime_2500GeV_060,0.758372590234,2500.0,0.6
11,Zprime_4000GeV_075,0.716216331769,4000.0,0.75
12,Zprime_4000GeV_030,0.815392856314,4000.0,0.3
13,Zprime_4000GeV_015,0.834159946333,4000.0,0.15
14,Zprime_3000GeV_030,0.807439706474,3000.0,0.3
15,Zprime_1500GeV_045,0.784025041315,1500.0,0.45
16,Zprime_3000GeV_075,0.722621396325,3000.0,0.75
17,Zprime_1500GeV_060,0.763157557895,1500.0,0.6
18,Zprime_3000GeV_015,0.827902498716,3000.0,0.15
19,Zprime_3500GeV_015,0.827949842458,3500.0,0.15
20,Zprime_3500GeV_030,0.812937365773,3500.0,0.3
21,Zprime_2000GeV_030,0.816402621391,2000.0,0.3
22,Zprime_2000GeV_015,0.833668869438,2000.0,0.15
23,Zprime_3500GeV_075,0.71991413236,3500.0,0.75
24,Zprime_3500GeV_045,0.784362788854,3500.0,0.45
25,Zprime_2500GeV_030,0.810956848229,2500.0,0.3
26,Zprime_2000GeV_060,0.762828230611,2000.0,0.6
27,Zprime_4000GeV_060,0.756890670904,4000.0,0.6
28,Zprime_2500GeV_075,0.724278641311,2500.0,0.75
29,Zprime_4000GeV_045,0.786848350735,4000.0,0.45
