,name,auc,mass,nu
0,Zprime_1500GeV_075,0.799426238177,1500.0,0.75
1,Zprime_1500GeV_015,0.873737435365,1500.0,0.15
2,Zprime_3000GeV_060,0.804840396101,3000.0,0.6
3,Zprime_1500GeV_030,0.862378166315,1500.0,0.3
4,Zprime_3000GeV_045,0.834358682333,3000.0,0.45
5,Zprime_2000GeV_045,0.843485846894,2000.0,0.45
6,Zprime_2500GeV_015,0.873357588448,2500.0,0.15
7,Zprime_3500GeV_060,0.802531082335,3500.0,0.6
8,Zprime_2500GeV_045,0.837106977635,2500.0,0.45
9,Zprime_2000GeV_075,0.796216135412,2000.0,0.75
10,Zprime_2500GeV_060,0.810916103823,2500.0,0.6
11,Zprime_4000GeV_075,0.761970654471,4000.0,0.75
12,Zprime_4000GeV_030,0.856739091666,4000.0,0.3
13,Zprime_4000GeV_015,0.870516396523,4000.0,0.15
14,Zprime_3000GeV_030,0.854503831374,3000.0,0.3
15,Zprime_1500GeV_045,0.842759344076,1500.0,0.45
16,Zprime_3000GeV_075,0.77438394251,3000.0,0.75
17,Zprime_1500GeV_060,0.828789457791,1500.0,0.6
18,Zprime_3000GeV_015,0.871956290663,3000.0,0.15
19,Zprime_3500GeV_015,0.869553014409,3500.0,0.15
20,Zprime_3500GeV_030,0.855980571124,3500.0,0.3
21,Zprime_2000GeV_030,0.864095639961,2000.0,0.3
22,Zprime_2000GeV_015,0.875832099341,2000.0,0.15
23,Zprime_3500GeV_075,0.766987746397,3500.0,0.75
24,Zprime_3500GeV_045,0.830068013893,3500.0,0.45
25,Zprime_2500GeV_030,0.857309519595,2500.0,0.3
26,Zprime_2000GeV_060,0.820596799953,2000.0,0.6
27,Zprime_4000GeV_060,0.803273435477,4000.0,0.6
28,Zprime_2500GeV_075,0.782099911062,2500.0,0.75
29,Zprime_4000GeV_045,0.831212806796,4000.0,0.45
