,name,auc,mass,nu
0,Zprime_1500GeV_075,0.799475609635,1500.0,0.75
1,Zprime_1500GeV_015,0.868786378665,1500.0,0.15
2,Zprime_3000GeV_060,0.805771639987,3000.0,0.6
3,Zprime_1500GeV_030,0.859054943964,1500.0,0.3
4,Zprime_3000GeV_045,0.833742734037,3000.0,0.45
5,Zprime_2000GeV_045,0.840961676873,2000.0,0.45
6,Zprime_2500GeV_015,0.87060305801,2500.0,0.15
7,Zprime_3500GeV_060,0.803944009482,3500.0,0.6
8,Zprime_2500GeV_045,0.835458915655,2500.0,0.45
9,Zprime_2000GeV_075,0.796585313545,2000.0,0.75
10,Zprime_2500GeV_060,0.810589379436,2500.0,0.6
11,Zprime_4000GeV_075,0.765186616391,4000.0,0.75
12,Zprime_4000GeV_030,0.858695705017,4000.0,0.3
13,Zprime_4000GeV_015,0.871913083455,4000.0,0.15
14,Zprime_3000GeV_030,0.853402913966,3000.0,0.3
15,Zprime_1500GeV_045,0.840330156657,1500.0,0.45
16,Zprime_3000GeV_075,0.776815137682,3000.0,0.75
17,Zprime_1500GeV_060,0.826394735263,1500.0,0.6
18,Zprime_3000GeV_015,0.870735397317,3000.0,0.15
19,Zprime_3500GeV_015,0.870852387556,3500.0,0.15
20,Zprime_3500GeV_030,0.85656756936,3500.0,0.3
21,Zprime_2000GeV_030,0.860352595466,2000.0,0.3
22,Zprime_2000GeV_015,0.871176537891,2000.0,0.15
23,Zprime_3500GeV_075,0.769240805601,3500.0,0.75
24,Zprime_3500GeV_045,0.830802414495,3500.0,0.45
25,Zprime_2500GeV_030,0.85491854434,2500.0,0.3
26,Zprime_2000GeV_060,0.819602424025,2000.0,0.6
27,Zprime_4000GeV_060,0.803917075537,4000.0,0.6
28,Zprime_2500GeV_075,0.783046207166,2500.0,0.75
29,Zprime_4000GeV_045,0.831852679747,4000.0,0.45
