,name,auc,mass,nu
0,Zprime_1500GeV_075,0.741327477765,1500.0,0.75
1,Zprime_1500GeV_015,0.830214607578,1500.0,0.15
2,Zprime_3000GeV_060,0.768334409875,3000.0,0.6
3,Zprime_1500GeV_030,0.816763966403,1500.0,0.3
4,Zprime_3000GeV_045,0.794485675,3000.0,0.45
5,Zprime_2000GeV_045,0.805944449809,2000.0,0.45
6,Zprime_2500GeV_015,0.836465240853,2500.0,0.15
7,Zprime_3500GeV_060,0.765146453905,3500.0,0.6
8,Zprime_2500GeV_045,0.799852347292,2500.0,0.45
9,Zprime_2000GeV_075,0.750344065866,2000.0,0.75
10,Zprime_2500GeV_060,0.773935814418,2500.0,0.6
11,Zprime_4000GeV_075,0.729185602842,4000.0,0.75
12,Zprime_4000GeV_030,0.822541838903,4000.0,0.3
13,Zprime_4000GeV_015,0.839228759414,4000.0,0.15
14,Zprime_3000GeV_030,0.814754406041,3000.0,0.3
15,Zprime_1500GeV_045,0.791122030872,1500.0,0.45
16,Zprime_3000GeV_075,0.735944728813,3000.0,0.75
17,Zprime_1500GeV_060,0.768912879423,1500.0,0.6
18,Zprime_3000GeV_015,0.833699054747,3000.0,0.15
19,Zprime_3500GeV_015,0.833865764036,3500.0,0.15
20,Zprime_3500GeV_030,0.818941037073,3500.0,0.3
21,Zprime_2000GeV_030,0.828007415692,2000.0,0.3
22,Zprime_2000GeV_015,0.842907900352,2000.0,0.15
23,Zprime_3500GeV_075,0.733347886304,3500.0,0.75
24,Zprime_3500GeV_045,0.793922293519,3500.0,0.45
25,Zprime_2500GeV_030,0.818955830516,2500.0,0.3
26,Zprime_2000GeV_060,0.777081850847,2000.0,0.6
27,Zprime_4000GeV_060,0.766663880996,4000.0,0.6
28,Zprime_2500GeV_075,0.738801779928,2500.0,0.75
29,Zprime_4000GeV_045,0.795603389715,4000.0,0.45
