,name,auc,mass,nu
0,Zprime_1500GeV_075,0.806902517483,1500.0,0.75
1,Zprime_1500GeV_015,0.877329985745,1500.0,0.15
2,Zprime_3000GeV_060,0.814017748185,3000.0,0.6
3,Zprime_1500GeV_030,0.868441952438,1500.0,0.3
4,Zprime_3000GeV_045,0.844107884325,3000.0,0.45
5,Zprime_2000GeV_045,0.852020688038,2000.0,0.45
6,Zprime_2500GeV_015,0.884831627437,2500.0,0.15
7,Zprime_3500GeV_060,0.811978755647,3500.0,0.6
8,Zprime_2500GeV_045,0.846098404837,2500.0,0.45
9,Zprime_2000GeV_075,0.802675098668,2000.0,0.75
10,Zprime_2500GeV_060,0.820271722467,2500.0,0.6
11,Zprime_4000GeV_075,0.771225267104,4000.0,0.75
12,Zprime_4000GeV_030,0.871529240133,4000.0,0.3
13,Zprime_4000GeV_015,0.88620632124,4000.0,0.15
14,Zprime_3000GeV_030,0.865846025138,3000.0,0.3
15,Zprime_1500GeV_045,0.851938765398,1500.0,0.45
16,Zprime_3000GeV_075,0.78218021643,3000.0,0.75
17,Zprime_1500GeV_060,0.834840891016,1500.0,0.6
18,Zprime_3000GeV_015,0.884473838426,3000.0,0.15
19,Zprime_3500GeV_015,0.884567603793,3500.0,0.15
20,Zprime_3500GeV_030,0.868576559528,3500.0,0.3
21,Zprime_2000GeV_030,0.87141167267,2000.0,0.3
22,Zprime_2000GeV_015,0.88500863683,2000.0,0.15
23,Zprime_3500GeV_075,0.777167919627,3500.0,0.75
24,Zprime_3500GeV_045,0.843814392915,3500.0,0.45
25,Zprime_2500GeV_030,0.867730403053,2500.0,0.3
26,Zprime_2000GeV_060,0.827540321458,2000.0,0.6
27,Zprime_4000GeV_060,0.812423224312,4000.0,0.6
28,Zprime_2500GeV_075,0.790957782467,2500.0,0.75
29,Zprime_4000GeV_045,0.844591523075,4000.0,0.45
