,name,auc,mass,nu
0,Zprime_1500GeV_075,0.738541801281,1500.0,0.75
1,Zprime_1500GeV_015,0.829059581463,1500.0,0.15
2,Zprime_3000GeV_060,0.75648907417,3000.0,0.6
3,Zprime_1500GeV_030,0.814991812305,1500.0,0.3
4,Zprime_3000GeV_045,0.786050257562,3000.0,0.45
5,Zprime_2000GeV_045,0.793057062745,2000.0,0.45
6,Zprime_2500GeV_015,0.826610277762,2500.0,0.15
7,Zprime_3500GeV_060,0.758454068568,3500.0,0.6
8,Zprime_2500GeV_045,0.78727105383,2500.0,0.45
9,Zprime_2000GeV_075,0.740993383297,2000.0,0.75
10,Zprime_2500GeV_060,0.760067576648,2500.0,0.6
11,Zprime_4000GeV_075,0.720079370537,4000.0,0.75
12,Zprime_4000GeV_030,0.817892088201,4000.0,0.3
13,Zprime_4000GeV_015,0.836696187707,4000.0,0.15
14,Zprime_3000GeV_030,0.807824642595,3000.0,0.3
15,Zprime_1500GeV_045,0.789509359842,1500.0,0.45
16,Zprime_3000GeV_075,0.724874388184,3000.0,0.75
17,Zprime_1500GeV_060,0.770649579593,1500.0,0.6
18,Zprime_3000GeV_015,0.828837651581,3000.0,0.15
19,Zprime_3500GeV_015,0.831403888214,3500.0,0.15
20,Zprime_3500GeV_030,0.813968355909,3500.0,0.3
21,Zprime_2000GeV_030,0.817041606558,2000.0,0.3
22,Zprime_2000GeV_015,0.832612852075,2000.0,0.15
23,Zprime_3500GeV_075,0.7221796054,3500.0,0.75
24,Zprime_3500GeV_045,0.785752951489,3500.0,0.45
25,Zprime_2500GeV_030,0.809401654735,2500.0,0.3
26,Zprime_2000GeV_060,0.766668865106,2000.0,0.6
27,Zprime_4000GeV_060,0.760264072865,4000.0,0.6
28,Zprime_2500GeV_075,0.726262627809,2500.0,0.75
29,Zprime_4000GeV_045,0.788780687206,4000.0,0.45
