,name,auc,mass,nu
0,Zprime_1500GeV_075,0.801298935562,1500.0,0.75
1,Zprime_1500GeV_015,0.864165785183,1500.0,0.15
2,Zprime_3000GeV_060,0.806351529498,3000.0,0.6
3,Zprime_1500GeV_030,0.850431984897,1500.0,0.3
4,Zprime_3000GeV_045,0.826772807548,3000.0,0.45
5,Zprime_2000GeV_045,0.845565438768,2000.0,0.45
6,Zprime_2500GeV_015,0.863019873356,2500.0,0.15
7,Zprime_3500GeV_060,0.796537381936,3500.0,0.6
8,Zprime_2500GeV_045,0.836042116371,2500.0,0.45
9,Zprime_2000GeV_075,0.803792098817,2000.0,0.75
10,Zprime_2500GeV_060,0.815572261326,2500.0,0.6
11,Zprime_4000GeV_075,0.765081485531,4000.0,0.75
12,Zprime_4000GeV_030,0.84342311734,4000.0,0.3
13,Zprime_4000GeV_015,0.854868976511,4000.0,0.15
14,Zprime_3000GeV_030,0.842318589341,3000.0,0.3
15,Zprime_1500GeV_045,0.830741248118,1500.0,0.45
16,Zprime_3000GeV_075,0.782790959696,3000.0,0.75
17,Zprime_1500GeV_060,0.817598869187,1500.0,0.6
18,Zprime_3000GeV_015,0.856773444997,3000.0,0.15
19,Zprime_3500GeV_015,0.85369341847,3500.0,0.15
20,Zprime_3500GeV_030,0.841388599008,3500.0,0.3
21,Zprime_2000GeV_030,0.86234405598,2000.0,0.3
22,Zprime_2000GeV_015,0.872605448529,2000.0,0.15
23,Zprime_3500GeV_075,0.773697632407,3500.0,0.75
24,Zprime_3500GeV_045,0.821471404238,3500.0,0.45
25,Zprime_2500GeV_030,0.85030762571,2500.0,0.3
26,Zprime_2000GeV_060,0.821783815366,2000.0,0.6
27,Zprime_4000GeV_060,0.795418709536,4000.0,0.6
28,Zprime_2500GeV_075,0.792249717905,2500.0,0.75
29,Zprime_4000GeV_045,0.819267288902,4000.0,0.45
