,name,auc,mass,nu
0,Zprime_1500GeV_075,0.741175316764,1500.0,0.75
1,Zprime_1500GeV_015,0.830093120255,1500.0,0.15
2,Zprime_3000GeV_060,0.761673955996,3000.0,0.6
3,Zprime_1500GeV_030,0.817740453242,1500.0,0.3
4,Zprime_3000GeV_045,0.792353677447,3000.0,0.45
5,Zprime_2000GeV_045,0.799067550903,2000.0,0.45
6,Zprime_2500GeV_015,0.83515758832,2500.0,0.15
7,Zprime_3500GeV_060,0.763463304608,3500.0,0.6
8,Zprime_2500GeV_045,0.793567662078,2500.0,0.45
9,Zprime_2000GeV_075,0.741638703709,2000.0,0.75
10,Zprime_2500GeV_060,0.765769567815,2500.0,0.6
11,Zprime_4000GeV_075,0.725644859244,4000.0,0.75
12,Zprime_4000GeV_030,0.828313938115,4000.0,0.3
13,Zprime_4000GeV_015,0.846059844905,4000.0,0.15
14,Zprime_3000GeV_030,0.816402267944,3000.0,0.3
15,Zprime_1500GeV_045,0.791620647896,1500.0,0.45
16,Zprime_3000GeV_075,0.728562745872,3000.0,0.75
17,Zprime_1500GeV_060,0.776182667434,1500.0,0.6
18,Zprime_3000GeV_015,0.83757429806,3000.0,0.15
19,Zprime_3500GeV_015,0.838773434443,3500.0,0.15
20,Zprime_3500GeV_030,0.822096019541,3500.0,0.3
21,Zprime_2000GeV_030,0.821781763923,2000.0,0.3
22,Zprime_2000GeV_015,0.836476785975,2000.0,0.15
23,Zprime_3500GeV_075,0.726598114994,3500.0,0.75
24,Zprime_3500GeV_045,0.794172315893,3500.0,0.45
25,Zprime_2500GeV_030,0.816753119014,2500.0,0.3
26,Zprime_2000GeV_060,0.77042955025,2000.0,0.6
27,Zprime_4000GeV_060,0.768117086561,4000.0,0.6
28,Zprime_2500GeV_075,0.728865768221,2500.0,0.75
29,Zprime_4000GeV_045,0.798392520196,4000.0,0.45
