,name,auc,mass,nu
0,Zprime_1500GeV_075,0.793958814094,1500.0,0.75
1,Zprime_1500GeV_015,0.870061099019,1500.0,0.15
2,Zprime_3000GeV_060,0.805035715856,3000.0,0.6
3,Zprime_1500GeV_030,0.859928752489,1500.0,0.3
4,Zprime_3000GeV_045,0.836176676697,3000.0,0.45
5,Zprime_2000GeV_045,0.841051010435,2000.0,0.45
6,Zprime_2500GeV_015,0.875410641231,2500.0,0.15
7,Zprime_3500GeV_060,0.80422047066,3500.0,0.6
8,Zprime_2500GeV_045,0.836399627778,2500.0,0.45
9,Zprime_2000GeV_075,0.792158243166,2000.0,0.75
10,Zprime_2500GeV_060,0.808775742366,2500.0,0.6
11,Zprime_4000GeV_075,0.762614609121,4000.0,0.75
12,Zprime_4000GeV_030,0.865849218765,4000.0,0.3
13,Zprime_4000GeV_015,0.880366646136,4000.0,0.15
14,Zprime_3000GeV_030,0.858297506513,3000.0,0.3
15,Zprime_1500GeV_045,0.840155395465,1500.0,0.45
16,Zprime_3000GeV_075,0.772186901092,3000.0,0.75
17,Zprime_1500GeV_060,0.824277840278,1500.0,0.6
18,Zprime_3000GeV_015,0.877656067845,3000.0,0.15
19,Zprime_3500GeV_015,0.878467464363,3500.0,0.15
20,Zprime_3500GeV_030,0.86216016983,3500.0,0.3
21,Zprime_2000GeV_030,0.861821560266,2000.0,0.3
22,Zprime_2000GeV_015,0.875031362069,2000.0,0.15
23,Zprime_3500GeV_075,0.767371506279,3500.0,0.75
24,Zprime_3500GeV_045,0.834765222026,3500.0,0.45
25,Zprime_2500GeV_030,0.858568991161,2500.0,0.3
26,Zprime_2000GeV_060,0.81623819227,2000.0,0.6
27,Zprime_4000GeV_060,0.805905932784,4000.0,0.6
28,Zprime_2500GeV_075,0.777649611965,2500.0,0.75
29,Zprime_4000GeV_045,0.836856682915,4000.0,0.45
