,name,auc,mass,nu
0,Zprime_1500GeV_075,0.740007439506,1500.0,0.75
1,Zprime_1500GeV_015,0.83488114595,1500.0,0.15
2,Zprime_3000GeV_060,0.77647841379,3000.0,0.6
3,Zprime_1500GeV_030,0.82131861114,1500.0,0.3
4,Zprime_3000GeV_045,0.811463217803,3000.0,0.45
5,Zprime_2000GeV_045,0.815336295331,2000.0,0.45
6,Zprime_2500GeV_015,0.85691615318,2500.0,0.15
7,Zprime_3500GeV_060,0.774255153484,3500.0,0.6
8,Zprime_2500GeV_045,0.814689958092,2500.0,0.45
9,Zprime_2000GeV_075,0.746116726045,2000.0,0.75
10,Zprime_2500GeV_060,0.781798707594,2500.0,0.6
11,Zprime_4000GeV_075,0.724960934839,4000.0,0.75
12,Zprime_4000GeV_030,0.835022184862,4000.0,0.3
13,Zprime_4000GeV_015,0.846080304323,4000.0,0.15
14,Zprime_3000GeV_030,0.835210061425,3000.0,0.3
15,Zprime_1500GeV_045,0.795051482411,1500.0,0.45
16,Zprime_3000GeV_075,0.73548737941,3000.0,0.75
17,Zprime_1500GeV_060,0.770917943425,1500.0,0.6
18,Zprime_3000GeV_015,0.854839794872,3000.0,0.15
19,Zprime_3500GeV_015,0.85015784554,3500.0,0.15
20,Zprime_3500GeV_030,0.834697251217,3500.0,0.3
21,Zprime_2000GeV_030,0.839320861137,2000.0,0.3
22,Zprime_2000GeV_015,0.857980927111,2000.0,0.15
23,Zprime_3500GeV_075,0.731440045756,3500.0,0.75
24,Zprime_3500GeV_045,0.80820341201,3500.0,0.45
25,Zprime_2500GeV_030,0.838814060427,2500.0,0.3
26,Zprime_2000GeV_060,0.78448390942,2000.0,0.6
27,Zprime_4000GeV_060,0.772427112731,4000.0,0.6
28,Zprime_2500GeV_075,0.737386583935,2500.0,0.75
29,Zprime_4000GeV_045,0.804183690428,4000.0,0.45
