,name,auc,mass,nu
0,Zprime_1500GeV_075,0.769937661528,1500.0,0.75
1,Zprime_1500GeV_015,0.850873437268,1500.0,0.15
2,Zprime_3000GeV_060,0.793603557493,3000.0,0.6
3,Zprime_1500GeV_030,0.835178469762,1500.0,0.3
4,Zprime_3000GeV_045,0.824644384314,3000.0,0.45
5,Zprime_2000GeV_045,0.825060560929,2000.0,0.45
6,Zprime_2500GeV_015,0.86321005546,2500.0,0.15
7,Zprime_3500GeV_060,0.795629489481,3500.0,0.6
8,Zprime_2500GeV_045,0.820651283583,2500.0,0.45
9,Zprime_2000GeV_075,0.77062729073,2000.0,0.75
10,Zprime_2500GeV_060,0.791194901756,2500.0,0.6
11,Zprime_4000GeV_075,0.757940732837,4000.0,0.75
12,Zprime_4000GeV_030,0.864390970144,4000.0,0.3
13,Zprime_4000GeV_015,0.880243644075,4000.0,0.15
14,Zprime_3000GeV_030,0.848997449222,3000.0,0.3
15,Zprime_1500GeV_045,0.810532561808,1500.0,0.45
16,Zprime_3000GeV_075,0.761055045938,3000.0,0.75
17,Zprime_1500GeV_060,0.795843747051,1500.0,0.6
18,Zprime_3000GeV_015,0.871387417582,3000.0,0.15
19,Zprime_3500GeV_015,0.877411588429,3500.0,0.15
20,Zprime_3500GeV_030,0.858460915653,3500.0,0.3
21,Zprime_2000GeV_030,0.844754963403,2000.0,0.3
22,Zprime_2000GeV_015,0.861262377881,2000.0,0.15
23,Zprime_3500GeV_075,0.759711031348,3500.0,0.75
24,Zprime_3500GeV_045,0.830992712513,3500.0,0.45
25,Zprime_2500GeV_030,0.844033074084,2500.0,0.3
26,Zprime_2000GeV_060,0.79688231077,2000.0,0.6
27,Zprime_4000GeV_060,0.800725548556,4000.0,0.6
28,Zprime_2500GeV_075,0.760835655249,2500.0,0.75
29,Zprime_4000GeV_045,0.835308622078,4000.0,0.45
