,name,auc,mass,nu
0,Zprime_1500GeV_075,0.797442500847,1500.0,0.75
1,Zprime_1500GeV_015,0.866458139432,1500.0,0.15
2,Zprime_3000GeV_060,0.799669838796,3000.0,0.6
3,Zprime_1500GeV_030,0.855469585698,1500.0,0.3
4,Zprime_3000GeV_045,0.82872249002,3000.0,0.45
5,Zprime_2000GeV_045,0.835971556567,2000.0,0.45
6,Zprime_2500GeV_015,0.866075552019,2500.0,0.15
7,Zprime_3500GeV_060,0.797950834328,3500.0,0.6
8,Zprime_2500GeV_045,0.83059260975,2500.0,0.45
9,Zprime_2000GeV_075,0.791292078431,2000.0,0.75
10,Zprime_2500GeV_060,0.805022846027,2500.0,0.6
11,Zprime_4000GeV_075,0.758146834442,4000.0,0.75
12,Zprime_4000GeV_030,0.853655638527,4000.0,0.3
13,Zprime_4000GeV_015,0.867278883794,4000.0,0.15
14,Zprime_3000GeV_030,0.848804040018,3000.0,0.3
15,Zprime_1500GeV_045,0.83618103604,1500.0,0.45
16,Zprime_3000GeV_075,0.769527763794,3000.0,0.75
17,Zprime_1500GeV_060,0.823502262917,1500.0,0.6
18,Zprime_3000GeV_015,0.865772070547,3000.0,0.15
19,Zprime_3500GeV_015,0.866168174137,3500.0,0.15
20,Zprime_3500GeV_030,0.851104240417,3500.0,0.3
21,Zprime_2000GeV_030,0.855634398665,2000.0,0.3
22,Zprime_2000GeV_015,0.867256239299,2000.0,0.15
23,Zprime_3500GeV_075,0.762263730446,3500.0,0.75
24,Zprime_3500GeV_045,0.82566817766,3500.0,0.45
25,Zprime_2500GeV_030,0.849840709022,2500.0,0.3
26,Zprime_2000GeV_060,0.813966440877,2000.0,0.6
27,Zprime_4000GeV_060,0.798777734573,4000.0,0.6
28,Zprime_2500GeV_075,0.776964535953,2500.0,0.75
29,Zprime_4000GeV_045,0.827365327672,4000.0,0.45
