,name,auc,mass,nu
0,Zprime_1500GeV_075,0.787366152929,1500.0,0.75
1,Zprime_1500GeV_015,0.865841783964,1500.0,0.15
2,Zprime_3000GeV_060,0.804794959518,3000.0,0.6
3,Zprime_1500GeV_030,0.853818748505,1500.0,0.3
4,Zprime_3000GeV_045,0.836343748469,3000.0,0.45
5,Zprime_2000GeV_045,0.838270441689,2000.0,0.45
6,Zprime_2500GeV_015,0.87606182053,2500.0,0.15
7,Zprime_3500GeV_060,0.804111112596,3500.0,0.6
8,Zprime_2500GeV_045,0.83654937774,2500.0,0.45
9,Zprime_2000GeV_075,0.784933930273,2000.0,0.75
10,Zprime_2500GeV_060,0.807246892296,2500.0,0.6
11,Zprime_4000GeV_075,0.762467592996,4000.0,0.75
12,Zprime_4000GeV_030,0.866778909494,4000.0,0.3
13,Zprime_4000GeV_015,0.881437892247,4000.0,0.15
14,Zprime_3000GeV_030,0.858689911975,3000.0,0.3
15,Zprime_1500GeV_045,0.834897285556,1500.0,0.45
16,Zprime_3000GeV_075,0.77150449844,3000.0,0.75
17,Zprime_1500GeV_060,0.818345880965,1500.0,0.6
18,Zprime_3000GeV_015,0.87866504827,3000.0,0.15
19,Zprime_3500GeV_015,0.879459164354,3500.0,0.15
20,Zprime_3500GeV_030,0.863806717004,3500.0,0.3
21,Zprime_2000GeV_030,0.859566994973,2000.0,0.3
22,Zprime_2000GeV_015,0.87310694696,2000.0,0.15
23,Zprime_3500GeV_075,0.766955821301,3500.0,0.75
24,Zprime_3500GeV_045,0.834925672864,3500.0,0.45
25,Zprime_2500GeV_030,0.858733678822,2500.0,0.3
26,Zprime_2000GeV_060,0.813310274691,2000.0,0.6
27,Zprime_4000GeV_060,0.806277566752,4000.0,0.6
28,Zprime_2500GeV_075,0.774867225909,2500.0,0.75
29,Zprime_4000GeV_045,0.837554294178,4000.0,0.45
