,name,auc,mass,nu
0,Zprime_1500GeV_075,0.774407939308,1500.0,0.75
1,Zprime_1500GeV_015,0.855644719742,1500.0,0.15
2,Zprime_3000GeV_060,0.801038619515,3000.0,0.6
3,Zprime_1500GeV_030,0.841864038236,1500.0,0.3
4,Zprime_3000GeV_045,0.832698029545,3000.0,0.45
5,Zprime_2000GeV_045,0.836384895701,2000.0,0.45
6,Zprime_2500GeV_015,0.871459289712,2500.0,0.15
7,Zprime_3500GeV_060,0.800706683677,3500.0,0.6
8,Zprime_2500GeV_045,0.832875327637,2500.0,0.45
9,Zprime_2000GeV_075,0.77850625542,2000.0,0.75
10,Zprime_2500GeV_060,0.805763561095,2500.0,0.6
11,Zprime_4000GeV_075,0.756183813209,4000.0,0.75
12,Zprime_4000GeV_030,0.864339055529,4000.0,0.3
13,Zprime_4000GeV_015,0.883672978767,4000.0,0.15
14,Zprime_3000GeV_030,0.855312463302,3000.0,0.3
15,Zprime_1500GeV_045,0.823568013475,1500.0,0.45
16,Zprime_3000GeV_075,0.765756077842,3000.0,0.75
17,Zprime_1500GeV_060,0.801904284192,1500.0,0.6
18,Zprime_3000GeV_015,0.874478603747,3000.0,0.15
19,Zprime_3500GeV_015,0.878734864507,3500.0,0.15
20,Zprime_3500GeV_030,0.860640240148,3500.0,0.3
21,Zprime_2000GeV_030,0.855002695375,2000.0,0.3
22,Zprime_2000GeV_015,0.870890703225,2000.0,0.15
23,Zprime_3500GeV_075,0.762122414099,3500.0,0.75
24,Zprime_3500GeV_045,0.833188663004,3500.0,0.45
25,Zprime_2500GeV_030,0.854243253809,2500.0,0.3
26,Zprime_2000GeV_060,0.807901236763,2000.0,0.6
27,Zprime_4000GeV_060,0.802199147466,4000.0,0.6
28,Zprime_2500GeV_075,0.769486548729,2500.0,0.75
29,Zprime_4000GeV_045,0.834931801233,4000.0,0.45
