,name,auc,mass,nu
0,Zprime_1500GeV_075,0.737543450157,1500.0,0.75
1,Zprime_1500GeV_015,0.829869939402,1500.0,0.15
2,Zprime_3000GeV_060,0.756673618831,3000.0,0.6
3,Zprime_1500GeV_030,0.814801666787,1500.0,0.3
4,Zprime_3000GeV_045,0.787726438803,3000.0,0.45
5,Zprime_2000GeV_045,0.791977993668,2000.0,0.45
6,Zprime_2500GeV_015,0.828245014008,2500.0,0.15
7,Zprime_3500GeV_060,0.758782693019,3500.0,0.6
8,Zprime_2500GeV_045,0.787571162265,2500.0,0.45
9,Zprime_2000GeV_075,0.738306004638,2000.0,0.75
10,Zprime_2500GeV_060,0.759071682081,2500.0,0.6
11,Zprime_4000GeV_075,0.720212584299,4000.0,0.75
12,Zprime_4000GeV_030,0.824373592829,4000.0,0.3
13,Zprime_4000GeV_015,0.843781407884,4000.0,0.15
14,Zprime_3000GeV_030,0.810801354891,3000.0,0.3
15,Zprime_1500GeV_045,0.788529126309,1500.0,0.45
16,Zprime_3000GeV_075,0.723754969455,3000.0,0.75
17,Zprime_1500GeV_060,0.769432663989,1500.0,0.6
18,Zprime_3000GeV_015,0.832847909216,3000.0,0.15
19,Zprime_3500GeV_015,0.835486789439,3500.0,0.15
20,Zprime_3500GeV_030,0.818020890495,3500.0,0.3
21,Zprime_2000GeV_030,0.815552749968,2000.0,0.3
22,Zprime_2000GeV_015,0.831120657649,2000.0,0.15
23,Zprime_3500GeV_075,0.721630850394,3500.0,0.75
24,Zprime_3500GeV_045,0.789548264847,3500.0,0.45
25,Zprime_2500GeV_030,0.810040098011,2500.0,0.3
26,Zprime_2000GeV_060,0.764425650018,2000.0,0.6
27,Zprime_4000GeV_060,0.761478152329,4000.0,0.6
28,Zprime_2500GeV_075,0.724363429958,2500.0,0.75
29,Zprime_4000GeV_045,0.792695622493,4000.0,0.45
