,name,auc,mass,nu
0,Zprime_1500GeV_075,0.805471766676,1500.0,0.75
1,Zprime_1500GeV_015,0.876408852418,1500.0,0.15
2,Zprime_3000GeV_060,0.81357092992,3000.0,0.6
3,Zprime_1500GeV_030,0.86600578357,1500.0,0.3
4,Zprime_3000GeV_045,0.84166536349,3000.0,0.45
5,Zprime_2000GeV_045,0.85130453463,2000.0,0.45
6,Zprime_2500GeV_015,0.877571088449,2500.0,0.15
7,Zprime_3500GeV_060,0.811788897452,3500.0,0.6
8,Zprime_2500GeV_045,0.84415073095,2500.0,0.45
9,Zprime_2000GeV_075,0.806593928258,2000.0,0.75
10,Zprime_2500GeV_060,0.819894221696,2500.0,0.6
11,Zprime_4000GeV_075,0.77396379439,4000.0,0.75
12,Zprime_4000GeV_030,0.867705299656,4000.0,0.3
13,Zprime_4000GeV_015,0.882190648078,4000.0,0.15
14,Zprime_3000GeV_030,0.86252854608,3000.0,0.3
15,Zprime_1500GeV_045,0.850970810651,1500.0,0.45
16,Zprime_3000GeV_075,0.785891458376,3000.0,0.75
17,Zprime_1500GeV_060,0.831529474971,1500.0,0.6
18,Zprime_3000GeV_015,0.879037139304,3000.0,0.15
19,Zprime_3500GeV_015,0.879261829347,3500.0,0.15
20,Zprime_3500GeV_030,0.864616124806,3500.0,0.3
21,Zprime_2000GeV_030,0.868443015091,2000.0,0.3
22,Zprime_2000GeV_015,0.881453567741,2000.0,0.15
23,Zprime_3500GeV_075,0.779201200472,3500.0,0.75
24,Zprime_3500GeV_045,0.841824404961,3500.0,0.45
25,Zprime_2500GeV_030,0.863197786102,2500.0,0.3
26,Zprime_2000GeV_060,0.828340503666,2000.0,0.6
27,Zprime_4000GeV_060,0.812338687232,4000.0,0.6
28,Zprime_2500GeV_075,0.793388138474,2500.0,0.75
29,Zprime_4000GeV_045,0.842467080555,4000.0,0.45
