,name,auc,mass,nu
0,Zprime_1500GeV_075,0.806748313526,1500.0,0.75
1,Zprime_1500GeV_015,0.878321817847,1500.0,0.15
2,Zprime_3000GeV_060,0.816982493757,3000.0,0.6
3,Zprime_1500GeV_030,0.868929133072,1500.0,0.3
4,Zprime_3000GeV_045,0.846948587956,3000.0,0.45
5,Zprime_2000GeV_045,0.853209956489,2000.0,0.45
6,Zprime_2500GeV_015,0.88509059477,2500.0,0.15
7,Zprime_3500GeV_060,0.814696601119,3500.0,0.6
8,Zprime_2500GeV_045,0.847622150759,2500.0,0.45
9,Zprime_2000GeV_075,0.804249642479,2000.0,0.75
10,Zprime_2500GeV_060,0.821551690953,2500.0,0.6
11,Zprime_4000GeV_075,0.773077790671,4000.0,0.75
12,Zprime_4000GeV_030,0.87412282304,4000.0,0.3
13,Zprime_4000GeV_015,0.888413076975,4000.0,0.15
14,Zprime_3000GeV_030,0.868343789384,3000.0,0.3
15,Zprime_1500GeV_045,0.851326152309,1500.0,0.45
16,Zprime_3000GeV_075,0.785454773703,3000.0,0.75
17,Zprime_1500GeV_060,0.835090272909,1500.0,0.6
18,Zprime_3000GeV_015,0.886063267631,3000.0,0.15
19,Zprime_3500GeV_015,0.886683537012,3500.0,0.15
20,Zprime_3500GeV_030,0.871512701936,3500.0,0.3
21,Zprime_2000GeV_030,0.871331872214,2000.0,0.3
22,Zprime_2000GeV_015,0.884972385252,2000.0,0.15
23,Zprime_3500GeV_075,0.778964834105,3500.0,0.75
24,Zprime_3500GeV_045,0.845936614374,3500.0,0.45
25,Zprime_2500GeV_030,0.868930018823,2500.0,0.3
26,Zprime_2000GeV_060,0.828188566401,2000.0,0.6
27,Zprime_4000GeV_060,0.814545727432,4000.0,0.6
28,Zprime_2500GeV_075,0.792208851577,2500.0,0.75
29,Zprime_4000GeV_045,0.846529680575,4000.0,0.45
