,name,auc,mass,nu
0,Zprime_1500GeV_075,0.742481316243,1500.0,0.75
1,Zprime_1500GeV_015,0.824853772762,1500.0,0.15
2,Zprime_3000GeV_060,0.748013195669,3000.0,0.6
3,Zprime_1500GeV_030,0.810610946196,1500.0,0.3
4,Zprime_3000GeV_045,0.77507426583,3000.0,0.45
5,Zprime_2000GeV_045,0.803932859604,2000.0,0.45
6,Zprime_2500GeV_015,0.819965032145,2500.0,0.15
7,Zprime_3500GeV_060,0.74481479976,3500.0,0.6
8,Zprime_2500GeV_045,0.781476670879,2500.0,0.45
9,Zprime_2000GeV_075,0.750665901351,2000.0,0.75
10,Zprime_2500GeV_060,0.757389310492,2500.0,0.6
11,Zprime_4000GeV_075,0.711907426314,4000.0,0.75
12,Zprime_4000GeV_030,0.812526034694,4000.0,0.3
13,Zprime_4000GeV_015,0.834289087242,4000.0,0.15
14,Zprime_3000GeV_030,0.796487113494,3000.0,0.3
15,Zprime_1500GeV_045,0.784755388981,1500.0,0.45
16,Zprime_3000GeV_075,0.722156206622,3000.0,0.75
17,Zprime_1500GeV_060,0.768962781968,1500.0,0.6
18,Zprime_3000GeV_015,0.817295486797,3000.0,0.15
19,Zprime_3500GeV_015,0.824554328738,3500.0,0.15
20,Zprime_3500GeV_030,0.804015327901,3500.0,0.3
21,Zprime_2000GeV_030,0.821312210631,2000.0,0.3
22,Zprime_2000GeV_015,0.836973249844,2000.0,0.15
23,Zprime_3500GeV_075,0.715037071571,3500.0,0.75
24,Zprime_3500GeV_045,0.776553762776,3500.0,0.45
25,Zprime_2500GeV_030,0.803347463287,2500.0,0.3
26,Zprime_2000GeV_060,0.775827046637,2000.0,0.6
27,Zprime_4000GeV_060,0.749222824027,4000.0,0.6
28,Zprime_2500GeV_075,0.729079442462,2500.0,0.75
29,Zprime_4000GeV_045,0.781842648759,4000.0,0.45
