,name,auc,mass,nu
0,Zprime_1500GeV_075,0.788047480119,1500.0,0.75
1,Zprime_1500GeV_015,0.863025295082,1500.0,0.15
2,Zprime_3000GeV_060,0.819599944885,3000.0,0.6
3,Zprime_1500GeV_030,0.849251487967,1500.0,0.3
4,Zprime_3000GeV_045,0.847062924092,3000.0,0.45
5,Zprime_2000GeV_045,0.849561084024,2000.0,0.45
6,Zprime_2500GeV_015,0.882613523414,2500.0,0.15
7,Zprime_3500GeV_060,0.817163651008,3500.0,0.6
8,Zprime_2500GeV_045,0.84684792651,2500.0,0.45
9,Zprime_2000GeV_075,0.795813830071,2000.0,0.75
10,Zprime_2500GeV_060,0.819669178878,2500.0,0.6
11,Zprime_4000GeV_075,0.780920479243,4000.0,0.75
12,Zprime_4000GeV_030,0.878977971432,4000.0,0.3
13,Zprime_4000GeV_015,0.893389980796,4000.0,0.15
14,Zprime_3000GeV_030,0.867750317569,3000.0,0.3
15,Zprime_1500GeV_045,0.82860619925,1500.0,0.45
16,Zprime_3000GeV_075,0.787009400798,3000.0,0.75
17,Zprime_1500GeV_060,0.812280363081,1500.0,0.6
18,Zprime_3000GeV_015,0.886613216175,3000.0,0.15
19,Zprime_3500GeV_015,0.890321321709,3500.0,0.15
20,Zprime_3500GeV_030,0.873890321074,3500.0,0.3
21,Zprime_2000GeV_030,0.868449167126,2000.0,0.3
22,Zprime_2000GeV_015,0.882197973625,2000.0,0.15
23,Zprime_3500GeV_075,0.784730631429,3500.0,0.75
24,Zprime_3500GeV_045,0.848428947556,3500.0,0.45
25,Zprime_2500GeV_030,0.865808426351,2500.0,0.3
26,Zprime_2000GeV_060,0.82162185145,2000.0,0.6
27,Zprime_4000GeV_060,0.819394656964,4000.0,0.6
28,Zprime_2500GeV_075,0.789999359606,2500.0,0.75
29,Zprime_4000GeV_045,0.851772643857,4000.0,0.45
