,name,auc,mass,nu
0,Zprime_1500GeV_075,0.786056015154,1500.0,0.75
1,Zprime_1500GeV_015,0.853489664566,1500.0,0.15
2,Zprime_3000GeV_060,0.793633097856,3000.0,0.6
3,Zprime_1500GeV_030,0.840400477042,1500.0,0.3
4,Zprime_3000GeV_045,0.817093295246,3000.0,0.45
5,Zprime_2000GeV_045,0.834448319571,2000.0,0.45
6,Zprime_2500GeV_015,0.853139221668,2500.0,0.15
7,Zprime_3500GeV_060,0.78936855027,3500.0,0.6
8,Zprime_2500GeV_045,0.821774509183,2500.0,0.45
9,Zprime_2000GeV_075,0.789245391556,2000.0,0.75
10,Zprime_2500GeV_060,0.799568006344,2500.0,0.6
11,Zprime_4000GeV_075,0.757734788749,4000.0,0.75
12,Zprime_4000GeV_030,0.846262681745,4000.0,0.3
13,Zprime_4000GeV_015,0.861422330266,4000.0,0.15
14,Zprime_3000GeV_030,0.836560940748,3000.0,0.3
15,Zprime_1500GeV_045,0.820435128156,1500.0,0.45
16,Zprime_3000GeV_075,0.767783977206,3000.0,0.75
17,Zprime_1500GeV_060,0.806873234494,1500.0,0.6
18,Zprime_3000GeV_015,0.854859596047,3000.0,0.15
19,Zprime_3500GeV_015,0.857722961622,3500.0,0.15
20,Zprime_3500GeV_030,0.841337771124,3500.0,0.3
21,Zprime_2000GeV_030,0.850101527039,2000.0,0.3
22,Zprime_2000GeV_015,0.862591216347,2000.0,0.15
23,Zprime_3500GeV_075,0.763485984324,3500.0,0.75
24,Zprime_3500GeV_045,0.817348767811,3500.0,0.45
25,Zprime_2500GeV_030,0.838800740704,2500.0,0.3
26,Zprime_2000GeV_060,0.809983599168,2000.0,0.6
27,Zprime_4000GeV_060,0.790809810211,4000.0,0.6
28,Zprime_2500GeV_075,0.776196024662,2500.0,0.75
29,Zprime_4000GeV_045,0.81951174034,4000.0,0.45
