,name,auc,mass,nu
0,Zprime_1500GeV_075,0.778299205283,1500.0,0.75
1,Zprime_1500GeV_015,0.862304844266,1500.0,0.15
2,Zprime_3000GeV_060,0.813605929272,3000.0,0.6
3,Zprime_1500GeV_030,0.849805268675,1500.0,0.3
4,Zprime_3000GeV_045,0.846541829435,3000.0,0.45
5,Zprime_2000GeV_045,0.846014138446,2000.0,0.45
6,Zprime_2500GeV_015,0.884174261483,2500.0,0.15
7,Zprime_3500GeV_060,0.813521158028,3500.0,0.6
8,Zprime_2500GeV_045,0.844948251918,2500.0,0.45
9,Zprime_2000GeV_075,0.781008698578,2000.0,0.75
10,Zprime_2500GeV_060,0.813854407628,2500.0,0.6
11,Zprime_4000GeV_075,0.767612548484,4000.0,0.75
12,Zprime_4000GeV_030,0.881611856557,4000.0,0.3
13,Zprime_4000GeV_015,0.896985548786,4000.0,0.15
14,Zprime_3000GeV_030,0.869336384716,3000.0,0.3
15,Zprime_1500GeV_045,0.823874513315,1500.0,0.45
16,Zprime_3000GeV_075,0.772484125993,3000.0,0.75
17,Zprime_1500GeV_060,0.801743872155,1500.0,0.6
18,Zprime_3000GeV_015,0.889228429339,3000.0,0.15
19,Zprime_3500GeV_015,0.892922219681,3500.0,0.15
20,Zprime_3500GeV_030,0.875993307452,3500.0,0.3
21,Zprime_2000GeV_030,0.867222040889,2000.0,0.3
22,Zprime_2000GeV_015,0.883559126374,2000.0,0.15
23,Zprime_3500GeV_075,0.771448402004,3500.0,0.75
24,Zprime_3500GeV_045,0.848888691631,3500.0,0.45
25,Zprime_2500GeV_030,0.866734282241,2500.0,0.3
26,Zprime_2000GeV_060,0.8156952407,2000.0,0.6
27,Zprime_4000GeV_060,0.81636338318,4000.0,0.6
28,Zprime_2500GeV_075,0.773769649085,2500.0,0.75
29,Zprime_4000GeV_045,0.850469554707,4000.0,0.45
