,name,auc,mass,nu
0,Zprime_1500GeV_075,0.760829897804,1500.0,0.75
1,Zprime_1500GeV_015,0.843229888946,1500.0,0.15
2,Zprime_3000GeV_060,0.786212093326,3000.0,0.6
3,Zprime_1500GeV_030,0.83092171037,1500.0,0.3
4,Zprime_3000GeV_045,0.818645651309,3000.0,0.45
5,Zprime_2000GeV_045,0.823529492995,2000.0,0.45
6,Zprime_2500GeV_015,0.86286083688,2500.0,0.15
7,Zprime_3500GeV_060,0.782921315641,3500.0,0.6
8,Zprime_2500GeV_045,0.821344518284,2500.0,0.45
9,Zprime_2000GeV_075,0.763841080341,2000.0,0.75
10,Zprime_2500GeV_060,0.791058882884,2500.0,0.6
11,Zprime_4000GeV_075,0.735529185369,4000.0,0.75
12,Zprime_4000GeV_030,0.84132140058,4000.0,0.3
13,Zprime_4000GeV_015,0.854075550808,4000.0,0.15
14,Zprime_3000GeV_030,0.841786669686,3000.0,0.3
15,Zprime_1500GeV_045,0.811051540581,1500.0,0.45
16,Zprime_3000GeV_075,0.747989213683,3000.0,0.75
17,Zprime_1500GeV_060,0.788733599213,1500.0,0.6
18,Zprime_3000GeV_015,0.861874066371,3000.0,0.15
19,Zprime_3500GeV_015,0.856417158273,3500.0,0.15
20,Zprime_3500GeV_030,0.841729759092,3500.0,0.3
21,Zprime_2000GeV_030,0.846137869964,2000.0,0.3
22,Zprime_2000GeV_015,0.86225741173,2000.0,0.15
23,Zprime_3500GeV_075,0.745644775023,3500.0,0.75
24,Zprime_3500GeV_045,0.815450607179,3500.0,0.45
25,Zprime_2500GeV_030,0.844688688533,2500.0,0.3
26,Zprime_2000GeV_060,0.794189640174,2000.0,0.6
27,Zprime_4000GeV_060,0.78312846086,4000.0,0.6
28,Zprime_2500GeV_075,0.752042983921,2500.0,0.75
29,Zprime_4000GeV_045,0.813962307689,4000.0,0.45
