,name,auc,mass,nu
0,Zprime_1500GeV_075,0.79362146429,1500.0,0.75
1,Zprime_1500GeV_015,0.865456224138,1500.0,0.15
2,Zprime_3000GeV_060,0.798130676988,3000.0,0.6
3,Zprime_1500GeV_030,0.853258116143,1500.0,0.3
4,Zprime_3000GeV_045,0.829038571235,3000.0,0.45
5,Zprime_2000GeV_045,0.832707740322,2000.0,0.45
6,Zprime_2500GeV_015,0.867614805928,2500.0,0.15
7,Zprime_3500GeV_060,0.796800075566,3500.0,0.6
8,Zprime_2500GeV_045,0.829570381307,2500.0,0.45
9,Zprime_2000GeV_075,0.786469536169,2000.0,0.75
10,Zprime_2500GeV_060,0.802411440047,2500.0,0.6
11,Zprime_4000GeV_075,0.754486232211,4000.0,0.75
12,Zprime_4000GeV_030,0.855333067207,4000.0,0.3
13,Zprime_4000GeV_015,0.868597559603,4000.0,0.15
14,Zprime_3000GeV_030,0.850293348966,3000.0,0.3
15,Zprime_1500GeV_045,0.834479612482,1500.0,0.45
16,Zprime_3000GeV_075,0.767157093299,3000.0,0.75
17,Zprime_1500GeV_060,0.819930932784,1500.0,0.6
18,Zprime_3000GeV_015,0.869955716761,3000.0,0.15
19,Zprime_3500GeV_015,0.869127369388,3500.0,0.15
20,Zprime_3500GeV_030,0.853719346536,3500.0,0.3
21,Zprime_2000GeV_030,0.853423907171,2000.0,0.3
22,Zprime_2000GeV_015,0.866818739636,2000.0,0.15
23,Zprime_3500GeV_075,0.759199318236,3500.0,0.75
24,Zprime_3500GeV_045,0.825938374127,3500.0,0.45
25,Zprime_2500GeV_030,0.850755290207,2500.0,0.3
26,Zprime_2000GeV_060,0.809860570688,2000.0,0.6
27,Zprime_4000GeV_060,0.797236043815,4000.0,0.6
28,Zprime_2500GeV_075,0.773881920579,2500.0,0.75
29,Zprime_4000GeV_045,0.827484563458,4000.0,0.45
