,name,auc,mass,nu
0,Zprime_1500GeV_075,0.800307053801,1500.0,0.75
1,Zprime_1500GeV_015,0.872590536349,1500.0,0.15
2,Zprime_3000GeV_060,0.805327168905,3000.0,0.6
3,Zprime_1500GeV_030,0.861319127653,1500.0,0.3
4,Zprime_3000GeV_045,0.834349509074,3000.0,0.45
5,Zprime_2000GeV_045,0.841928208465,2000.0,0.45
6,Zprime_2500GeV_015,0.873112970699,2500.0,0.15
7,Zprime_3500GeV_060,0.803200124249,3500.0,0.6
8,Zprime_2500GeV_045,0.836725844128,2500.0,0.45
9,Zprime_2000GeV_075,0.797250946167,2000.0,0.75
10,Zprime_2500GeV_060,0.810602761408,2500.0,0.6
11,Zprime_4000GeV_075,0.762535645651,4000.0,0.75
12,Zprime_4000GeV_030,0.858808212953,4000.0,0.3
13,Zprime_4000GeV_015,0.871740356722,4000.0,0.15
14,Zprime_3000GeV_030,0.855126942063,3000.0,0.3
15,Zprime_1500GeV_045,0.841993977862,1500.0,0.45
16,Zprime_3000GeV_075,0.775469542857,3000.0,0.75
17,Zprime_1500GeV_060,0.829245100632,1500.0,0.6
18,Zprime_3000GeV_015,0.87298946338,3000.0,0.15
19,Zprime_3500GeV_015,0.871938564529,3500.0,0.15
20,Zprime_3500GeV_030,0.857851641442,3500.0,0.3
21,Zprime_2000GeV_030,0.862653932883,2000.0,0.3
22,Zprime_2000GeV_015,0.874645414114,2000.0,0.15
23,Zprime_3500GeV_075,0.767488627067,3500.0,0.75
24,Zprime_3500GeV_045,0.830729533382,3500.0,0.45
25,Zprime_2500GeV_030,0.856895082576,2500.0,0.3
26,Zprime_2000GeV_060,0.81975142432,2000.0,0.6
27,Zprime_4000GeV_060,0.803518141646,4000.0,0.6
28,Zprime_2500GeV_075,0.78285475099,2500.0,0.75
29,Zprime_4000GeV_045,0.831448625019,4000.0,0.45
