,name,auc,mass,nu
0,Zprime_1500GeV_075,0.709250906903,1500.0,0.75
1,Zprime_1500GeV_015,0.806289964835,1500.0,0.15
2,Zprime_3000GeV_060,0.741723550349,3000.0,0.6
3,Zprime_1500GeV_030,0.790737039789,1500.0,0.3
4,Zprime_3000GeV_045,0.776792011408,3000.0,0.45
5,Zprime_2000GeV_045,0.770625463895,2000.0,0.45
6,Zprime_2500GeV_015,0.820811621646,2500.0,0.15
7,Zprime_3500GeV_060,0.745852708548,3500.0,0.6
8,Zprime_2500GeV_045,0.772208182637,2500.0,0.45
9,Zprime_2000GeV_075,0.712459930643,2000.0,0.75
10,Zprime_2500GeV_060,0.739670549946,2500.0,0.6
11,Zprime_4000GeV_075,0.706083723432,4000.0,0.75
12,Zprime_4000GeV_030,0.817696207714,4000.0,0.3
13,Zprime_4000GeV_015,0.840906684046,4000.0,0.15
14,Zprime_3000GeV_030,0.803266311285,3000.0,0.3
15,Zprime_1500GeV_045,0.759799054126,1500.0,0.45
16,Zprime_3000GeV_075,0.705001280524,3000.0,0.75
17,Zprime_1500GeV_060,0.742759835152,1500.0,0.6
18,Zprime_3000GeV_015,0.827586580405,3000.0,0.15
19,Zprime_3500GeV_015,0.832366206421,3500.0,0.15
20,Zprime_3500GeV_030,0.811764401964,3500.0,0.3
21,Zprime_2000GeV_030,0.795564550692,2000.0,0.3
22,Zprime_2000GeV_015,0.815961764678,2000.0,0.15
23,Zprime_3500GeV_075,0.704730364595,3500.0,0.75
24,Zprime_3500GeV_045,0.780226015762,3500.0,0.45
25,Zprime_2500GeV_030,0.798652893235,2500.0,0.3
26,Zprime_2000GeV_060,0.73928577925,2000.0,0.6
27,Zprime_4000GeV_060,0.751311063047,4000.0,0.6
28,Zprime_2500GeV_075,0.701757473064,2500.0,0.75
29,Zprime_4000GeV_045,0.786323131476,4000.0,0.45
