,name,auc,mass,nu
0,Zprime_1500GeV_075,0.746727130682,1500.0,0.75
1,Zprime_1500GeV_015,0.839153438513,1500.0,0.15
2,Zprime_3000GeV_060,0.76639271779,3000.0,0.6
3,Zprime_1500GeV_030,0.824712787673,1500.0,0.3
4,Zprime_3000GeV_045,0.795961312895,3000.0,0.45
5,Zprime_2000GeV_045,0.805706782937,2000.0,0.45
6,Zprime_2500GeV_015,0.837890604858,2500.0,0.15
7,Zprime_3500GeV_060,0.767750016788,3500.0,0.6
8,Zprime_2500GeV_045,0.798000258398,2500.0,0.45
9,Zprime_2000GeV_075,0.750167668402,2000.0,0.75
10,Zprime_2500GeV_060,0.769291130517,2500.0,0.6
11,Zprime_4000GeV_075,0.727101986026,4000.0,0.75
12,Zprime_4000GeV_030,0.827433336199,4000.0,0.3
13,Zprime_4000GeV_015,0.844637756783,4000.0,0.15
14,Zprime_3000GeV_030,0.817437609423,3000.0,0.3
15,Zprime_1500GeV_045,0.798271942682,1500.0,0.45
16,Zprime_3000GeV_075,0.732358944755,3000.0,0.75
17,Zprime_1500GeV_060,0.779813603689,1500.0,0.6
18,Zprime_3000GeV_015,0.838033762789,3000.0,0.15
19,Zprime_3500GeV_015,0.838388131206,3500.0,0.15
20,Zprime_3500GeV_030,0.823678988429,3500.0,0.3
21,Zprime_2000GeV_030,0.827740161359,2000.0,0.3
22,Zprime_2000GeV_015,0.843329405462,2000.0,0.15
23,Zprime_3500GeV_075,0.730100413809,3500.0,0.75
24,Zprime_3500GeV_045,0.794959229533,3500.0,0.45
25,Zprime_2500GeV_030,0.820780708439,2500.0,0.3
26,Zprime_2000GeV_060,0.777578694467,2000.0,0.6
27,Zprime_4000GeV_060,0.768920443651,4000.0,0.6
28,Zprime_2500GeV_075,0.735157510292,2500.0,0.75
29,Zprime_4000GeV_045,0.798339203627,4000.0,0.45
