,name,auc,mass,nu
0,Zprime_1500GeV_075,0.777578032179,1500.0,0.75
1,Zprime_1500GeV_015,0.856654086818,1500.0,0.15
2,Zprime_3000GeV_060,0.803686527103,3000.0,0.6
3,Zprime_1500GeV_030,0.847008940466,1500.0,0.3
4,Zprime_3000GeV_045,0.835378099566,3000.0,0.45
5,Zprime_2000GeV_045,0.837058903404,2000.0,0.45
6,Zprime_2500GeV_015,0.872940184659,2500.0,0.15
7,Zprime_3500GeV_060,0.802709932606,3500.0,0.6
8,Zprime_2500GeV_045,0.835171590199,2500.0,0.45
9,Zprime_2000GeV_075,0.780037186357,2000.0,0.75
10,Zprime_2500GeV_060,0.807110230482,2500.0,0.6
11,Zprime_4000GeV_075,0.758890477203,4000.0,0.75
12,Zprime_4000GeV_030,0.863119439043,4000.0,0.3
13,Zprime_4000GeV_015,0.878715377747,4000.0,0.15
14,Zprime_3000GeV_030,0.856364023661,3000.0,0.3
15,Zprime_1500GeV_045,0.824256894515,1500.0,0.45
16,Zprime_3000GeV_075,0.767010020078,3000.0,0.75
17,Zprime_1500GeV_060,0.806006759707,1500.0,0.6
18,Zprime_3000GeV_015,0.874362076978,3000.0,0.15
19,Zprime_3500GeV_015,0.87575195201,3500.0,0.15
20,Zprime_3500GeV_030,0.861256651992,3500.0,0.3
21,Zprime_2000GeV_030,0.857624879685,2000.0,0.3
22,Zprime_2000GeV_015,0.871028397544,2000.0,0.15
23,Zprime_3500GeV_075,0.763847400631,3500.0,0.75
24,Zprime_3500GeV_045,0.833159069801,3500.0,0.45
25,Zprime_2500GeV_030,0.856743157204,2500.0,0.3
26,Zprime_2000GeV_060,0.81018024215,2000.0,0.6
27,Zprime_4000GeV_060,0.804036807019,4000.0,0.6
28,Zprime_2500GeV_075,0.770977724725,2500.0,0.75
29,Zprime_4000GeV_045,0.835504748994,4000.0,0.45
