,name,auc,mass,nu
0,Zprime_1500GeV_075,0.77778168617,1500.0,0.75
1,Zprime_1500GeV_015,0.861916511545,1500.0,0.15
2,Zprime_3000GeV_060,0.795864615205,3000.0,0.6
3,Zprime_1500GeV_030,0.849309976224,1500.0,0.3
4,Zprime_3000GeV_045,0.830606903018,3000.0,0.45
5,Zprime_2000GeV_045,0.832590617135,2000.0,0.45
6,Zprime_2500GeV_015,0.874320476907,2500.0,0.15
7,Zprime_3500GeV_060,0.796659861411,3500.0,0.6
8,Zprime_2500GeV_045,0.830399143056,2500.0,0.45
9,Zprime_2000GeV_075,0.7754744356,2000.0,0.75
10,Zprime_2500GeV_060,0.799380240829,2500.0,0.6
11,Zprime_4000GeV_075,0.749879885404,4000.0,0.75
12,Zprime_4000GeV_030,0.865014910245,4000.0,0.3
13,Zprime_4000GeV_015,0.881677921222,4000.0,0.15
14,Zprime_3000GeV_030,0.854401939589,3000.0,0.3
15,Zprime_1500GeV_045,0.827276618361,1500.0,0.45
16,Zprime_3000GeV_075,0.757710900548,3000.0,0.75
17,Zprime_1500GeV_060,0.807749609109,1500.0,0.6
18,Zprime_3000GeV_015,0.875352414927,3000.0,0.15
19,Zprime_3500GeV_015,0.878094184802,3500.0,0.15
20,Zprime_3500GeV_030,0.859682899846,3500.0,0.3
21,Zprime_2000GeV_030,0.857252344329,2000.0,0.3
22,Zprime_2000GeV_015,0.872121228419,2000.0,0.15
23,Zprime_3500GeV_075,0.754511842924,3500.0,0.75
24,Zprime_3500GeV_045,0.830796627042,3500.0,0.45
25,Zprime_2500GeV_030,0.854844594889,2500.0,0.3
26,Zprime_2000GeV_060,0.804976550923,2000.0,0.6
27,Zprime_4000GeV_060,0.799081053281,4000.0,0.6
28,Zprime_2500GeV_075,0.762272767065,2500.0,0.75
29,Zprime_4000GeV_045,0.833495383734,4000.0,0.45
