,name,auc,mass,nu
0,Zprime_1500GeV_075,0.742372437117,1500.0,0.75
1,Zprime_1500GeV_015,0.831329463934,1500.0,0.15
2,Zprime_3000GeV_060,0.769052444205,3000.0,0.6
3,Zprime_1500GeV_030,0.816983471355,1500.0,0.3
4,Zprime_3000GeV_045,0.797658700684,3000.0,0.45
5,Zprime_2000GeV_045,0.808768169608,2000.0,0.45
6,Zprime_2500GeV_015,0.839110522932,2500.0,0.15
7,Zprime_3500GeV_060,0.768371897768,3500.0,0.6
8,Zprime_2500GeV_045,0.801240797528,2500.0,0.45
9,Zprime_2000GeV_075,0.750611608814,2000.0,0.75
10,Zprime_2500GeV_060,0.773283633994,2500.0,0.6
11,Zprime_4000GeV_075,0.732399550804,4000.0,0.75
12,Zprime_4000GeV_030,0.8279620783,4000.0,0.3
13,Zprime_4000GeV_015,0.841774761557,4000.0,0.15
14,Zprime_3000GeV_030,0.818616522603,3000.0,0.3
15,Zprime_1500GeV_045,0.791532718528,1500.0,0.45
16,Zprime_3000GeV_075,0.737455515016,3000.0,0.75
17,Zprime_1500GeV_060,0.769002642949,1500.0,0.6
18,Zprime_3000GeV_015,0.83753931437,3000.0,0.15
19,Zprime_3500GeV_015,0.839229965068,3500.0,0.15
20,Zprime_3500GeV_030,0.824194500042,3500.0,0.3
21,Zprime_2000GeV_030,0.830118791315,2000.0,0.3
22,Zprime_2000GeV_015,0.847370787065,2000.0,0.15
23,Zprime_3500GeV_075,0.735646426682,3500.0,0.75
24,Zprime_3500GeV_045,0.79971839781,3500.0,0.45
25,Zprime_2500GeV_030,0.82126837055,2500.0,0.3
26,Zprime_2000GeV_060,0.777741881184,2000.0,0.6
27,Zprime_4000GeV_060,0.770973428924,4000.0,0.6
28,Zprime_2500GeV_075,0.739084485989,2500.0,0.75
29,Zprime_4000GeV_045,0.800406394939,4000.0,0.45
