,name,auc,mass,nu
0,Zprime_1500GeV_075,0.799983886832,1500.0,0.75
1,Zprime_1500GeV_015,0.870266116154,1500.0,0.15
2,Zprime_3000GeV_060,0.811500501256,3000.0,0.6
3,Zprime_1500GeV_030,0.861589925266,1500.0,0.3
4,Zprime_3000GeV_045,0.84192046861,3000.0,0.45
5,Zprime_2000GeV_045,0.84638644702,2000.0,0.45
6,Zprime_2500GeV_015,0.880106596964,2500.0,0.15
7,Zprime_3500GeV_060,0.810420221546,3500.0,0.6
8,Zprime_2500GeV_045,0.84240152708,2500.0,0.45
9,Zprime_2000GeV_075,0.799079860569,2000.0,0.75
10,Zprime_2500GeV_060,0.815612302032,2500.0,0.6
11,Zprime_4000GeV_075,0.769668103425,4000.0,0.75
12,Zprime_4000GeV_030,0.867749350261,4000.0,0.3
13,Zprime_4000GeV_015,0.881435426476,4000.0,0.15
14,Zprime_3000GeV_030,0.862698862056,3000.0,0.3
15,Zprime_1500GeV_045,0.84098866085,1500.0,0.45
16,Zprime_3000GeV_075,0.781043030569,3000.0,0.75
17,Zprime_1500GeV_060,0.827887603113,1500.0,0.6
18,Zprime_3000GeV_015,0.881415683268,3000.0,0.15
19,Zprime_3500GeV_015,0.881333383852,3500.0,0.15
20,Zprime_3500GeV_030,0.866178851329,3500.0,0.3
21,Zprime_2000GeV_030,0.866160102797,2000.0,0.3
22,Zprime_2000GeV_015,0.879993394401,2000.0,0.15
23,Zprime_3500GeV_075,0.77397243132,3500.0,0.75
24,Zprime_3500GeV_045,0.839254367819,3500.0,0.45
25,Zprime_2500GeV_030,0.863866445098,2500.0,0.3
26,Zprime_2000GeV_060,0.822590520004,2000.0,0.6
27,Zprime_4000GeV_060,0.811052545117,4000.0,0.6
28,Zprime_2500GeV_075,0.786388057917,2500.0,0.75
29,Zprime_4000GeV_045,0.841035806376,4000.0,0.45
