,name,auc,mass,nu
0,Zprime_1500GeV_075,0.794787233112,1500.0,0.75
1,Zprime_1500GeV_015,0.871181916799,1500.0,0.15
2,Zprime_3000GeV_060,0.803585477528,3000.0,0.6
3,Zprime_1500GeV_030,0.859001392886,1500.0,0.3
4,Zprime_3000GeV_045,0.831551114588,3000.0,0.45
5,Zprime_2000GeV_045,0.841118076088,2000.0,0.45
6,Zprime_2500GeV_015,0.869366285535,2500.0,0.15
7,Zprime_3500GeV_060,0.800529431375,3500.0,0.6
8,Zprime_2500GeV_045,0.834652597014,2500.0,0.45
9,Zprime_2000GeV_075,0.793275414745,2000.0,0.75
10,Zprime_2500GeV_060,0.810407888456,2500.0,0.6
11,Zprime_4000GeV_075,0.761408374821,4000.0,0.75
12,Zprime_4000GeV_030,0.856983836876,4000.0,0.3
13,Zprime_4000GeV_015,0.871280734315,4000.0,0.15
14,Zprime_3000GeV_030,0.851488781056,3000.0,0.3
15,Zprime_1500GeV_045,0.837947111863,1500.0,0.45
16,Zprime_3000GeV_075,0.773531333826,3000.0,0.75
17,Zprime_1500GeV_060,0.822727612303,1500.0,0.6
18,Zprime_3000GeV_015,0.868445797263,3000.0,0.15
19,Zprime_3500GeV_015,0.867115649006,3500.0,0.15
20,Zprime_3500GeV_030,0.85402929516,3500.0,0.3
21,Zprime_2000GeV_030,0.859368037616,2000.0,0.3
22,Zprime_2000GeV_015,0.872475689811,2000.0,0.15
23,Zprime_3500GeV_075,0.767704610522,3500.0,0.75
24,Zprime_3500GeV_045,0.829048800205,3500.0,0.45
25,Zprime_2500GeV_030,0.854874877379,2500.0,0.3
26,Zprime_2000GeV_060,0.817620880607,2000.0,0.6
27,Zprime_4000GeV_060,0.802081979988,4000.0,0.6
28,Zprime_2500GeV_075,0.779402387534,2500.0,0.75
29,Zprime_4000GeV_045,0.829238358631,4000.0,0.45
