,name,auc,mass,nu
0,Zprime_1500GeV_075,0.806227045219,1500.0,0.75
1,Zprime_1500GeV_015,0.877334386953,1500.0,0.15
2,Zprime_3000GeV_060,0.81445144905,3000.0,0.6
3,Zprime_1500GeV_030,0.866872551144,1500.0,0.3
4,Zprime_3000GeV_045,0.843797226576,3000.0,0.45
5,Zprime_2000GeV_045,0.849560147765,2000.0,0.45
6,Zprime_2500GeV_015,0.881137761907,2500.0,0.15
7,Zprime_3500GeV_060,0.813597360884,3500.0,0.6
8,Zprime_2500GeV_045,0.845509016524,2500.0,0.45
9,Zprime_2000GeV_075,0.803707541827,2000.0,0.75
10,Zprime_2500GeV_060,0.819979258149,2500.0,0.6
11,Zprime_4000GeV_075,0.773450718885,4000.0,0.75
12,Zprime_4000GeV_030,0.870954442019,4000.0,0.3
13,Zprime_4000GeV_015,0.883802126497,4000.0,0.15
14,Zprime_3000GeV_030,0.865358553586,3000.0,0.3
15,Zprime_1500GeV_045,0.852018977652,1500.0,0.45
16,Zprime_3000GeV_075,0.784582385484,3000.0,0.75
17,Zprime_1500GeV_060,0.831873112382,1500.0,0.6
18,Zprime_3000GeV_015,0.883326917882,3000.0,0.15
19,Zprime_3500GeV_015,0.883585703844,3500.0,0.15
20,Zprime_3500GeV_030,0.868654039446,3500.0,0.3
21,Zprime_2000GeV_030,0.869102372361,2000.0,0.3
22,Zprime_2000GeV_015,0.882436204784,2000.0,0.15
23,Zprime_3500GeV_075,0.778120209711,3500.0,0.75
24,Zprime_3500GeV_045,0.842892424037,3500.0,0.45
25,Zprime_2500GeV_030,0.865673659163,2500.0,0.3
26,Zprime_2000GeV_060,0.827553470829,2000.0,0.6
27,Zprime_4000GeV_060,0.814535232295,4000.0,0.6
28,Zprime_2500GeV_075,0.791681565464,2500.0,0.75
29,Zprime_4000GeV_045,0.844173631303,4000.0,0.45
