,name,auc,mass,nu
0,Zprime_1500GeV_075,0.746735341797,1500.0,0.75
1,Zprime_1500GeV_015,0.829408767282,1500.0,0.15
2,Zprime_3000GeV_060,0.759452852824,3000.0,0.6
3,Zprime_1500GeV_030,0.815078057306,1500.0,0.3
4,Zprime_3000GeV_045,0.789546035316,3000.0,0.45
5,Zprime_2000GeV_045,0.792923118255,2000.0,0.45
6,Zprime_2500GeV_015,0.82522821239,2500.0,0.15
7,Zprime_3500GeV_060,0.764784117862,3500.0,0.6
8,Zprime_2500GeV_045,0.786691871828,2500.0,0.45
9,Zprime_2000GeV_075,0.744818787838,2000.0,0.75
10,Zprime_2500GeV_060,0.759731164286,2500.0,0.6
11,Zprime_4000GeV_075,0.728035323384,4000.0,0.75
12,Zprime_4000GeV_030,0.831421325113,4000.0,0.3
13,Zprime_4000GeV_015,0.852435779119,4000.0,0.15
14,Zprime_3000GeV_030,0.812992725127,3000.0,0.3
15,Zprime_1500GeV_045,0.793173068274,1500.0,0.45
16,Zprime_3000GeV_075,0.727024496814,3000.0,0.75
17,Zprime_1500GeV_060,0.776134269488,1500.0,0.6
18,Zprime_3000GeV_015,0.835355967713,3000.0,0.15
19,Zprime_3500GeV_015,0.842486341127,3500.0,0.15
20,Zprime_3500GeV_030,0.823702341185,3500.0,0.3
21,Zprime_2000GeV_030,0.813418537211,2000.0,0.3
22,Zprime_2000GeV_015,0.827947255768,2000.0,0.15
23,Zprime_3500GeV_075,0.726860803928,3500.0,0.75
24,Zprime_3500GeV_045,0.795618623223,3500.0,0.45
25,Zprime_2500GeV_030,0.808134837391,2500.0,0.3
26,Zprime_2000GeV_060,0.767722733428,2000.0,0.6
27,Zprime_4000GeV_060,0.770236767357,4000.0,0.6
28,Zprime_2500GeV_075,0.727809490012,2500.0,0.75
29,Zprime_4000GeV_045,0.800639112043,4000.0,0.45
