,name,auc,mass,nu
0,Zprime_1500GeV_075,0.760576152082,1500.0,0.75
1,Zprime_1500GeV_015,0.85865547229,1500.0,0.15
2,Zprime_3000GeV_060,0.799644896473,3000.0,0.6
3,Zprime_1500GeV_030,0.845418602308,1500.0,0.3
4,Zprime_3000GeV_045,0.833026102087,3000.0,0.45
5,Zprime_2000GeV_045,0.838503085667,2000.0,0.45
6,Zprime_2500GeV_015,0.878565453219,2500.0,0.15
7,Zprime_3500GeV_060,0.796771951308,3500.0,0.6
8,Zprime_2500GeV_045,0.836141526749,2500.0,0.45
9,Zprime_2000GeV_075,0.771266787134,2000.0,0.75
10,Zprime_2500GeV_060,0.804270489315,2500.0,0.6
11,Zprime_4000GeV_075,0.749629499224,4000.0,0.75
12,Zprime_4000GeV_030,0.861036065307,4000.0,0.3
13,Zprime_4000GeV_015,0.87805128394,4000.0,0.15
14,Zprime_3000GeV_030,0.855279410277,3000.0,0.3
15,Zprime_1500GeV_045,0.818691277622,1500.0,0.45
16,Zprime_3000GeV_075,0.760352828867,3000.0,0.75
17,Zprime_1500GeV_060,0.794645213726,1500.0,0.6
18,Zprime_3000GeV_015,0.876077754409,3000.0,0.15
19,Zprime_3500GeV_015,0.875078417523,3500.0,0.15
20,Zprime_3500GeV_030,0.85875975731,3500.0,0.3
21,Zprime_2000GeV_030,0.862871214155,2000.0,0.3
22,Zprime_2000GeV_015,0.880427405962,2000.0,0.15
23,Zprime_3500GeV_075,0.75593424635,3500.0,0.75
24,Zprime_3500GeV_045,0.830592564325,3500.0,0.45
25,Zprime_2500GeV_030,0.858990745631,2500.0,0.3
26,Zprime_2000GeV_060,0.805791324189,2000.0,0.6
27,Zprime_4000GeV_060,0.797218392507,4000.0,0.6
28,Zprime_2500GeV_075,0.761008476595,2500.0,0.75
29,Zprime_4000GeV_045,0.830926464523,4000.0,0.45
