,name,auc,mass,nu
0,Zprime_1500GeV_075,0.731474270503,1500.0,0.75
1,Zprime_1500GeV_015,0.82519096587,1500.0,0.15
2,Zprime_3000GeV_060,0.756940727022,3000.0,0.6
3,Zprime_1500GeV_030,0.810277178574,1500.0,0.3
4,Zprime_3000GeV_045,0.787333179756,3000.0,0.45
5,Zprime_2000GeV_045,0.792633053812,2000.0,0.45
6,Zprime_2500GeV_015,0.829247502228,2500.0,0.15
7,Zprime_3500GeV_060,0.757439594346,3500.0,0.6
8,Zprime_2500GeV_045,0.78835841525,2500.0,0.45
9,Zprime_2000GeV_075,0.73967557304,2000.0,0.75
10,Zprime_2500GeV_060,0.75994765618,2500.0,0.6
11,Zprime_4000GeV_075,0.717339051504,4000.0,0.75
12,Zprime_4000GeV_030,0.818955307565,4000.0,0.3
13,Zprime_4000GeV_015,0.837731521555,4000.0,0.15
14,Zprime_3000GeV_030,0.8089203044,3000.0,0.3
15,Zprime_1500GeV_045,0.784221033144,1500.0,0.45
16,Zprime_3000GeV_075,0.723659555878,3000.0,0.75
17,Zprime_1500GeV_060,0.764996799783,1500.0,0.6
18,Zprime_3000GeV_015,0.829910192649,3000.0,0.15
19,Zprime_3500GeV_015,0.831283323636,3500.0,0.15
20,Zprime_3500GeV_030,0.814310081268,3500.0,0.3
21,Zprime_2000GeV_030,0.816003090768,2000.0,0.3
22,Zprime_2000GeV_015,0.832398136288,2000.0,0.15
23,Zprime_3500GeV_075,0.721334646096,3500.0,0.75
24,Zprime_3500GeV_045,0.786324749456,3500.0,0.45
25,Zprime_2500GeV_030,0.81115821723,2500.0,0.3
26,Zprime_2000GeV_060,0.764782821437,2000.0,0.6
27,Zprime_4000GeV_060,0.759936873488,4000.0,0.6
28,Zprime_2500GeV_075,0.725965390677,2500.0,0.75
29,Zprime_4000GeV_045,0.789878777077,4000.0,0.45
