,name,auc,mass,nu
0,Zprime_1500GeV_075,0.750551925757,1500.0,0.75
1,Zprime_1500GeV_015,0.834172807556,1500.0,0.15
2,Zprime_3000GeV_060,0.764591114112,3000.0,0.6
3,Zprime_1500GeV_030,0.82164160478,1500.0,0.3
4,Zprime_3000GeV_045,0.794794073527,3000.0,0.45
5,Zprime_2000GeV_045,0.799843484071,2000.0,0.45
6,Zprime_2500GeV_015,0.831024101835,2500.0,0.15
7,Zprime_3500GeV_060,0.769331992403,3500.0,0.6
8,Zprime_2500GeV_045,0.792853229817,2500.0,0.45
9,Zprime_2000GeV_075,0.751324547017,2000.0,0.75
10,Zprime_2500GeV_060,0.766175232391,2500.0,0.6
11,Zprime_4000GeV_075,0.72994548103,4000.0,0.75
12,Zprime_4000GeV_030,0.8292441226,4000.0,0.3
13,Zprime_4000GeV_015,0.847698044368,4000.0,0.15
14,Zprime_3000GeV_030,0.816955716816,3000.0,0.3
15,Zprime_1500GeV_045,0.796568244005,1500.0,0.45
16,Zprime_3000GeV_075,0.732191745334,3000.0,0.75
17,Zprime_1500GeV_060,0.779670426886,1500.0,0.6
18,Zprime_3000GeV_015,0.838040109816,3000.0,0.15
19,Zprime_3500GeV_015,0.841736730811,3500.0,0.15
20,Zprime_3500GeV_030,0.82397720139,3500.0,0.3
21,Zprime_2000GeV_030,0.821115718305,2000.0,0.3
22,Zprime_2000GeV_015,0.835197118992,2000.0,0.15
23,Zprime_3500GeV_075,0.730499404318,3500.0,0.75
24,Zprime_3500GeV_045,0.797282615982,3500.0,0.45
25,Zprime_2500GeV_030,0.81527617358,2500.0,0.3
26,Zprime_2000GeV_060,0.774085281603,2000.0,0.6
27,Zprime_4000GeV_060,0.771069414134,4000.0,0.6
28,Zprime_2500GeV_075,0.732446134056,2500.0,0.75
29,Zprime_4000GeV_045,0.800851287632,4000.0,0.45
