,name,auc,mass,nu
0,Zprime_1500GeV_075,0.78864152115,1500.0,0.75
1,Zprime_1500GeV_015,0.866942179206,1500.0,0.15
2,Zprime_3000GeV_060,0.803886677787,3000.0,0.6
3,Zprime_1500GeV_030,0.855268360647,1500.0,0.3
4,Zprime_3000GeV_045,0.834004600611,3000.0,0.45
5,Zprime_2000GeV_045,0.842051350266,2000.0,0.45
6,Zprime_2500GeV_015,0.874359069655,2500.0,0.15
7,Zprime_3500GeV_060,0.802988658732,3500.0,0.6
8,Zprime_2500GeV_045,0.836114385631,2500.0,0.45
9,Zprime_2000GeV_075,0.790939315937,2000.0,0.75
10,Zprime_2500GeV_060,0.809539712957,2500.0,0.6
11,Zprime_4000GeV_075,0.761125942518,4000.0,0.75
12,Zprime_4000GeV_030,0.862693111372,4000.0,0.3
13,Zprime_4000GeV_015,0.877642910687,4000.0,0.15
14,Zprime_3000GeV_030,0.855259965056,3000.0,0.3
15,Zprime_1500GeV_045,0.836837630962,1500.0,0.45
16,Zprime_3000GeV_075,0.771918985644,3000.0,0.75
17,Zprime_1500GeV_060,0.818681777322,1500.0,0.6
18,Zprime_3000GeV_015,0.873237216912,3000.0,0.15
19,Zprime_3500GeV_015,0.873085632426,3500.0,0.15
20,Zprime_3500GeV_030,0.857066554258,3500.0,0.3
21,Zprime_2000GeV_030,0.863464862988,2000.0,0.3
22,Zprime_2000GeV_015,0.876312182614,2000.0,0.15
23,Zprime_3500GeV_075,0.766477554794,3500.0,0.75
24,Zprime_3500GeV_045,0.831882784404,3500.0,0.45
25,Zprime_2500GeV_030,0.857762158502,2500.0,0.3
26,Zprime_2000GeV_060,0.816269392213,2000.0,0.6
27,Zprime_4000GeV_060,0.805206191827,4000.0,0.6
28,Zprime_2500GeV_075,0.776297611186,2500.0,0.75
29,Zprime_4000GeV_045,0.834544005449,4000.0,0.45
