,name,auc,mass,nu
0,Zprime_1500GeV_075,0.652251820419,1500.0,0.75
1,Zprime_1500GeV_015,0.740238096524,1500.0,0.15
2,Zprime_3000GeV_060,0.690087150302,3000.0,0.6
3,Zprime_1500GeV_030,0.723520406694,1500.0,0.3
4,Zprime_3000GeV_045,0.72016418962,3000.0,0.45
5,Zprime_2000GeV_045,0.725959229906,2000.0,0.45
6,Zprime_2500GeV_015,0.764201978557,2500.0,0.15
7,Zprime_3500GeV_060,0.688693125094,3500.0,0.6
8,Zprime_2500GeV_045,0.721406389594,2500.0,0.45
9,Zprime_2000GeV_075,0.669835433287,2000.0,0.75
10,Zprime_2500GeV_060,0.693685241369,2500.0,0.6
11,Zprime_4000GeV_075,0.655244631997,4000.0,0.75
12,Zprime_4000GeV_030,0.760958856727,4000.0,0.3
13,Zprime_4000GeV_015,0.78756747106,4000.0,0.15
14,Zprime_3000GeV_030,0.74452779396,3000.0,0.3
15,Zprime_1500GeV_045,0.701549820567,1500.0,0.45
16,Zprime_3000GeV_075,0.659426789534,3000.0,0.75
17,Zprime_1500GeV_060,0.682988262555,1500.0,0.6
18,Zprime_3000GeV_015,0.767330206471,3000.0,0.15
19,Zprime_3500GeV_015,0.774174822081,3500.0,0.15
20,Zprime_3500GeV_030,0.752234518785,3500.0,0.3
21,Zprime_2000GeV_030,0.746240659195,2000.0,0.3
22,Zprime_2000GeV_015,0.762844973279,2000.0,0.15
23,Zprime_3500GeV_075,0.656287868356,3500.0,0.75
24,Zprime_3500GeV_045,0.722041559961,3500.0,0.45
25,Zprime_2500GeV_030,0.744298106423,2500.0,0.3
26,Zprime_2000GeV_060,0.697046388761,2000.0,0.6
27,Zprime_4000GeV_060,0.694833133955,4000.0,0.6
28,Zprime_2500GeV_075,0.659023938003,2500.0,0.75
29,Zprime_4000GeV_045,0.728921900704,4000.0,0.45
