,name,auc,mass,nu
0,Zprime_1500GeV_075,0.783500826114,1500.0,0.75
1,Zprime_1500GeV_015,0.859340174565,1500.0,0.15
2,Zprime_3000GeV_060,0.802094094608,3000.0,0.6
3,Zprime_1500GeV_030,0.843473586233,1500.0,0.3
4,Zprime_3000GeV_045,0.825678610939,3000.0,0.45
5,Zprime_2000GeV_045,0.841073684719,2000.0,0.45
6,Zprime_2500GeV_015,0.863252049314,2500.0,0.15
7,Zprime_3500GeV_060,0.796376088482,3500.0,0.6
8,Zprime_2500GeV_045,0.830098319408,2500.0,0.45
9,Zprime_2000GeV_075,0.789780866646,2000.0,0.75
10,Zprime_2500GeV_060,0.806206576247,2500.0,0.6
11,Zprime_4000GeV_075,0.763365809851,4000.0,0.75
12,Zprime_4000GeV_030,0.8505978284,4000.0,0.3
13,Zprime_4000GeV_015,0.863629764684,4000.0,0.15
14,Zprime_3000GeV_030,0.844494394481,3000.0,0.3
15,Zprime_1500GeV_045,0.820817862711,1500.0,0.45
16,Zprime_3000GeV_075,0.773760073936,3000.0,0.75
17,Zprime_1500GeV_060,0.805476104956,1500.0,0.6
18,Zprime_3000GeV_015,0.86202088555,3000.0,0.15
19,Zprime_3500GeV_015,0.862358280285,3500.0,0.15
20,Zprime_3500GeV_030,0.847389228852,3500.0,0.3
21,Zprime_2000GeV_030,0.857762427401,2000.0,0.3
22,Zprime_2000GeV_015,0.870448093621,2000.0,0.15
23,Zprime_3500GeV_075,0.769457068517,3500.0,0.75
24,Zprime_3500GeV_045,0.824252211463,3500.0,0.45
25,Zprime_2500GeV_030,0.847945465003,2500.0,0.3
26,Zprime_2000GeV_060,0.815243098178,2000.0,0.6
27,Zprime_4000GeV_060,0.797881830727,4000.0,0.6
28,Zprime_2500GeV_075,0.779262406341,2500.0,0.75
29,Zprime_4000GeV_045,0.825712621439,4000.0,0.45
