,name,auc,mass,nu
0,Zprime_1500GeV_075,0.81000791672,1500.0,0.75
1,Zprime_1500GeV_015,0.878721699066,1500.0,0.15
2,Zprime_3000GeV_060,0.815924395916,3000.0,0.6
3,Zprime_1500GeV_030,0.869855323612,1500.0,0.3
4,Zprime_3000GeV_045,0.84652664471,3000.0,0.45
5,Zprime_2000GeV_045,0.852702969651,2000.0,0.45
6,Zprime_2500GeV_015,0.883334247677,2500.0,0.15
7,Zprime_3500GeV_060,0.81442631644,3500.0,0.6
8,Zprime_2500GeV_045,0.847361375868,2500.0,0.45
9,Zprime_2000GeV_075,0.805314328493,2000.0,0.75
10,Zprime_2500GeV_060,0.822315173492,2500.0,0.6
11,Zprime_4000GeV_075,0.774229414643,4000.0,0.75
12,Zprime_4000GeV_030,0.871865732751,4000.0,0.3
13,Zprime_4000GeV_015,0.885830569146,4000.0,0.15
14,Zprime_3000GeV_030,0.866881322018,3000.0,0.3
15,Zprime_1500GeV_045,0.854760268026,1500.0,0.45
16,Zprime_3000GeV_075,0.787375642937,3000.0,0.75
17,Zprime_1500GeV_060,0.837299471794,1500.0,0.6
18,Zprime_3000GeV_015,0.883897969576,3000.0,0.15
19,Zprime_3500GeV_015,0.884299337119,3500.0,0.15
20,Zprime_3500GeV_030,0.869195305545,3500.0,0.3
21,Zprime_2000GeV_030,0.872332755536,2000.0,0.3
22,Zprime_2000GeV_015,0.884625589915,2000.0,0.15
23,Zprime_3500GeV_075,0.780437888734,3500.0,0.75
24,Zprime_3500GeV_045,0.845265587783,3500.0,0.45
25,Zprime_2500GeV_030,0.867674075982,2500.0,0.3
26,Zprime_2000GeV_060,0.831091919015,2000.0,0.6
27,Zprime_4000GeV_060,0.814584677952,4000.0,0.6
28,Zprime_2500GeV_075,0.792822279705,2500.0,0.75
29,Zprime_4000GeV_045,0.845948075395,4000.0,0.45
