,name,auc,mass,nu
0,Zprime_1500GeV_075,0.80014892108,1500.0,0.75
1,Zprime_1500GeV_015,0.870943157066,1500.0,0.15
2,Zprime_3000GeV_060,0.804688287678,3000.0,0.6
3,Zprime_1500GeV_030,0.86100840918,1500.0,0.3
4,Zprime_3000GeV_045,0.833996663295,3000.0,0.45
5,Zprime_2000GeV_045,0.841198020613,2000.0,0.45
6,Zprime_2500GeV_015,0.872073933685,2500.0,0.15
7,Zprime_3500GeV_060,0.801421371928,3500.0,0.6
8,Zprime_2500GeV_045,0.83608395052,2500.0,0.45
9,Zprime_2000GeV_075,0.796132454109,2000.0,0.75
10,Zprime_2500GeV_060,0.81060527619,2500.0,0.6
11,Zprime_4000GeV_075,0.762868120311,4000.0,0.75
12,Zprime_4000GeV_030,0.859527586538,4000.0,0.3
13,Zprime_4000GeV_015,0.873314149432,4000.0,0.15
14,Zprime_3000GeV_030,0.854855315105,3000.0,0.3
15,Zprime_1500GeV_045,0.844424960224,1500.0,0.45
16,Zprime_3000GeV_075,0.77542384847,3000.0,0.75
17,Zprime_1500GeV_060,0.829068670002,1500.0,0.6
18,Zprime_3000GeV_015,0.873491748352,3000.0,0.15
19,Zprime_3500GeV_015,0.872691806018,3500.0,0.15
20,Zprime_3500GeV_030,0.85750917709,3500.0,0.3
21,Zprime_2000GeV_030,0.861047142473,2000.0,0.3
22,Zprime_2000GeV_015,0.872784008679,2000.0,0.15
23,Zprime_3500GeV_075,0.768005064402,3500.0,0.75
24,Zprime_3500GeV_045,0.83179743247,3500.0,0.45
25,Zprime_2500GeV_030,0.855767441465,2500.0,0.3
26,Zprime_2000GeV_060,0.81985079894,2000.0,0.6
27,Zprime_4000GeV_060,0.80216888035,4000.0,0.6
28,Zprime_2500GeV_075,0.782003519723,2500.0,0.75
29,Zprime_4000GeV_045,0.832692774606,4000.0,0.45
