,name,auc,mass,nu
0,Zprime_1500GeV_075,0.766011072198,1500.0,0.75
1,Zprime_1500GeV_015,0.843784278194,1500.0,0.15
2,Zprime_3000GeV_060,0.80300658054,3000.0,0.6
3,Zprime_1500GeV_030,0.831566488732,1500.0,0.3
4,Zprime_3000GeV_045,0.832808194491,3000.0,0.45
5,Zprime_2000GeV_045,0.829522331688,2000.0,0.45
6,Zprime_2500GeV_015,0.86897891861,2500.0,0.15
7,Zprime_3500GeV_060,0.804055699192,3500.0,0.6
8,Zprime_2500GeV_045,0.829272523099,2500.0,0.45
9,Zprime_2000GeV_075,0.770007638577,2000.0,0.75
10,Zprime_2500GeV_060,0.799446686015,2500.0,0.6
11,Zprime_4000GeV_075,0.763343661938,4000.0,0.75
12,Zprime_4000GeV_030,0.869464963349,4000.0,0.3
13,Zprime_4000GeV_015,0.88387182289,4000.0,0.15
14,Zprime_3000GeV_030,0.855750341633,3000.0,0.3
15,Zprime_1500GeV_045,0.806430612764,1500.0,0.45
16,Zprime_3000GeV_075,0.766248712957,3000.0,0.75
17,Zprime_1500GeV_060,0.790403333808,1500.0,0.6
18,Zprime_3000GeV_015,0.876687719367,3000.0,0.15
19,Zprime_3500GeV_015,0.88112144621,3500.0,0.15
20,Zprime_3500GeV_030,0.863944604152,3500.0,0.3
21,Zprime_2000GeV_030,0.850131505387,2000.0,0.3
22,Zprime_2000GeV_015,0.866223882543,2000.0,0.15
23,Zprime_3500GeV_075,0.767048467069,3500.0,0.75
24,Zprime_3500GeV_045,0.838323181813,3500.0,0.45
25,Zprime_2500GeV_030,0.85108488911,2500.0,0.3
26,Zprime_2000GeV_060,0.800518852671,2000.0,0.6
27,Zprime_4000GeV_060,0.808196057885,4000.0,0.6
28,Zprime_2500GeV_075,0.764592573425,2500.0,0.75
29,Zprime_4000GeV_045,0.841265877695,4000.0,0.45
