,name,auc,mass,nu
0,Zprime_1500GeV_075,0.676999401309,1500.0,0.75
1,Zprime_1500GeV_015,0.76956295209,1500.0,0.15
2,Zprime_3000GeV_060,0.721624015066,3000.0,0.6
3,Zprime_1500GeV_030,0.749115430777,1500.0,0.3
4,Zprime_3000GeV_045,0.745446711047,3000.0,0.45
5,Zprime_2000GeV_045,0.751120402028,2000.0,0.45
6,Zprime_2500GeV_015,0.77751611144,2500.0,0.15
7,Zprime_3500GeV_060,0.721432954509,3500.0,0.6
8,Zprime_2500GeV_045,0.743939498662,2500.0,0.45
9,Zprime_2000GeV_075,0.689316710396,2000.0,0.75
10,Zprime_2500GeV_060,0.720927691576,2500.0,0.6
11,Zprime_4000GeV_075,0.692151659458,4000.0,0.75
12,Zprime_4000GeV_030,0.77928523422,4000.0,0.3
13,Zprime_4000GeV_015,0.795316583826,4000.0,0.15
14,Zprime_3000GeV_030,0.764306517638,3000.0,0.3
15,Zprime_1500GeV_045,0.721655989306,1500.0,0.45
16,Zprime_3000GeV_075,0.693412431354,3000.0,0.75
17,Zprime_1500GeV_060,0.706844296033,1500.0,0.6
18,Zprime_3000GeV_015,0.781389423392,3000.0,0.15
19,Zprime_3500GeV_015,0.786432839806,3500.0,0.15
20,Zprime_3500GeV_030,0.771248092238,3500.0,0.3
21,Zprime_2000GeV_030,0.767650455903,2000.0,0.3
22,Zprime_2000GeV_015,0.782399923968,2000.0,0.15
23,Zprime_3500GeV_075,0.692786523878,3500.0,0.75
24,Zprime_3500GeV_045,0.749884590906,3500.0,0.45
25,Zprime_2500GeV_030,0.76233956598,2500.0,0.3
26,Zprime_2000GeV_060,0.721252297817,2000.0,0.6
27,Zprime_4000GeV_060,0.728175187346,4000.0,0.6
28,Zprime_2500GeV_075,0.68543858694,2500.0,0.75
29,Zprime_4000GeV_045,0.755736767514,4000.0,0.45
