,name,auc,mass,nu
0,Zprime_1500GeV_075,0.724183887178,1500.0,0.75
1,Zprime_1500GeV_015,0.8196138431,1500.0,0.15
2,Zprime_3000GeV_060,0.749843389863,3000.0,0.6
3,Zprime_1500GeV_030,0.802761163201,1500.0,0.3
4,Zprime_3000GeV_045,0.78456905315,3000.0,0.45
5,Zprime_2000GeV_045,0.781346783643,2000.0,0.45
6,Zprime_2500GeV_015,0.826676912798,2500.0,0.15
7,Zprime_3500GeV_060,0.75433334648,3500.0,0.6
8,Zprime_2500GeV_045,0.780249065386,2500.0,0.45
9,Zprime_2000GeV_075,0.721976752638,2000.0,0.75
10,Zprime_2500GeV_060,0.749643432852,2500.0,0.6
11,Zprime_4000GeV_075,0.714624528573,4000.0,0.75
12,Zprime_4000GeV_030,0.825961325087,4000.0,0.3
13,Zprime_4000GeV_015,0.846288312383,4000.0,0.15
14,Zprime_3000GeV_030,0.809146126023,3000.0,0.3
15,Zprime_1500GeV_045,0.776973222598,1500.0,0.45
16,Zprime_3000GeV_075,0.71426095218,3000.0,0.75
17,Zprime_1500GeV_060,0.757532089834,1500.0,0.6
18,Zprime_3000GeV_015,0.832929857356,3000.0,0.15
19,Zprime_3500GeV_015,0.838903184698,3500.0,0.15
20,Zprime_3500GeV_030,0.819352340905,3500.0,0.3
21,Zprime_2000GeV_030,0.806440946263,2000.0,0.3
22,Zprime_2000GeV_015,0.82506763786,2000.0,0.15
23,Zprime_3500GeV_075,0.713512039408,3500.0,0.75
24,Zprime_3500GeV_045,0.787718933712,3500.0,0.45
25,Zprime_2500GeV_030,0.806127878065,2500.0,0.3
26,Zprime_2000GeV_060,0.751382763369,2000.0,0.6
27,Zprime_4000GeV_060,0.76000583804,4000.0,0.6
28,Zprime_2500GeV_075,0.710896908732,2500.0,0.75
29,Zprime_4000GeV_045,0.793374726878,4000.0,0.45
