,name,auc,mass,nu
0,Zprime_1500GeV_075,0.795480895551,1500.0,0.75
1,Zprime_1500GeV_015,0.869181066924,1500.0,0.15
2,Zprime_3000GeV_060,0.802759491076,3000.0,0.6
3,Zprime_1500GeV_030,0.858615004122,1500.0,0.3
4,Zprime_3000GeV_045,0.830729764046,3000.0,0.45
5,Zprime_2000GeV_045,0.840304378767,2000.0,0.45
6,Zprime_2500GeV_015,0.869230196421,2500.0,0.15
7,Zprime_3500GeV_060,0.800268007782,3500.0,0.6
8,Zprime_2500GeV_045,0.834345797059,2500.0,0.45
9,Zprime_2000GeV_075,0.794414473844,2000.0,0.75
10,Zprime_2500GeV_060,0.809008924463,2500.0,0.6
11,Zprime_4000GeV_075,0.760868842208,4000.0,0.75
12,Zprime_4000GeV_030,0.855040089659,4000.0,0.3
13,Zprime_4000GeV_015,0.868245970699,4000.0,0.15
14,Zprime_3000GeV_030,0.851175529931,3000.0,0.3
15,Zprime_1500GeV_045,0.838977420891,1500.0,0.45
16,Zprime_3000GeV_075,0.77334388829,3000.0,0.75
17,Zprime_1500GeV_060,0.823318669086,1500.0,0.6
18,Zprime_3000GeV_015,0.867901978237,3000.0,0.15
19,Zprime_3500GeV_015,0.866301092498,3500.0,0.15
20,Zprime_3500GeV_030,0.852470925391,3500.0,0.3
21,Zprime_2000GeV_030,0.859422069318,2000.0,0.3
22,Zprime_2000GeV_015,0.871696774299,2000.0,0.15
23,Zprime_3500GeV_075,0.767183797183,3500.0,0.75
24,Zprime_3500GeV_045,0.827236299479,3500.0,0.45
25,Zprime_2500GeV_030,0.853773121005,2500.0,0.3
26,Zprime_2000GeV_060,0.818146611575,2000.0,0.6
27,Zprime_4000GeV_060,0.801501026247,4000.0,0.6
28,Zprime_2500GeV_075,0.78094337283,2500.0,0.75
29,Zprime_4000GeV_045,0.8287875133,4000.0,0.45
