,name,auc,mass,nu
0,Zprime_1500GeV_075,0.803369970011,1500.0,0.75
1,Zprime_1500GeV_015,0.874051225222,1500.0,0.15
2,Zprime_3000GeV_060,0.80817040966,3000.0,0.6
3,Zprime_1500GeV_030,0.86254939426,1500.0,0.3
4,Zprime_3000GeV_045,0.837052854131,3000.0,0.45
5,Zprime_2000GeV_045,0.848837869816,2000.0,0.45
6,Zprime_2500GeV_015,0.878469840704,2500.0,0.15
7,Zprime_3500GeV_060,0.803403454019,3500.0,0.6
8,Zprime_2500GeV_045,0.84212517914,2500.0,0.45
9,Zprime_2000GeV_075,0.797686602311,2000.0,0.75
10,Zprime_2500GeV_060,0.81542631776,2500.0,0.6
11,Zprime_4000GeV_075,0.762645004136,4000.0,0.75
12,Zprime_4000GeV_030,0.852658481777,4000.0,0.3
13,Zprime_4000GeV_015,0.864982197339,4000.0,0.15
14,Zprime_3000GeV_030,0.857071290885,3000.0,0.3
15,Zprime_1500GeV_045,0.842677554101,1500.0,0.45
16,Zprime_3000GeV_075,0.777103523815,3000.0,0.75
17,Zprime_1500GeV_060,0.82545933238,1500.0,0.6
18,Zprime_3000GeV_015,0.8743172863,3000.0,0.15
19,Zprime_3500GeV_015,0.868658982432,3500.0,0.15
20,Zprime_3500GeV_030,0.855641852754,3500.0,0.3
21,Zprime_2000GeV_030,0.868674225419,2000.0,0.3
22,Zprime_2000GeV_015,0.883528021437,2000.0,0.15
23,Zprime_3500GeV_075,0.770173575554,3500.0,0.75
24,Zprime_3500GeV_045,0.831867305867,3500.0,0.45
25,Zprime_2500GeV_030,0.862472993265,2500.0,0.3
26,Zprime_2000GeV_060,0.823006881009,2000.0,0.6
27,Zprime_4000GeV_060,0.800450161609,4000.0,0.6
28,Zprime_2500GeV_075,0.783511255162,2500.0,0.75
29,Zprime_4000GeV_045,0.828633066947,4000.0,0.45
