,name,auc,mass,nu
0,Zprime_1500GeV_075,0.797315889904,1500.0,0.75
1,Zprime_1500GeV_015,0.869058648128,1500.0,0.15
2,Zprime_3000GeV_060,0.801739527336,3000.0,0.6
3,Zprime_1500GeV_030,0.855356385813,1500.0,0.3
4,Zprime_3000GeV_045,0.831021294227,3000.0,0.45
5,Zprime_2000GeV_045,0.83681206898,2000.0,0.45
6,Zprime_2500GeV_015,0.869450599436,2500.0,0.15
7,Zprime_3500GeV_060,0.799842557514,3500.0,0.6
8,Zprime_2500GeV_045,0.832434033837,2500.0,0.45
9,Zprime_2000GeV_075,0.792986030611,2000.0,0.75
10,Zprime_2500GeV_060,0.806394318383,2500.0,0.6
11,Zprime_4000GeV_075,0.759479410857,4000.0,0.75
12,Zprime_4000GeV_030,0.855505978557,4000.0,0.3
13,Zprime_4000GeV_015,0.869580055018,4000.0,0.15
14,Zprime_3000GeV_030,0.851959389068,3000.0,0.3
15,Zprime_1500GeV_045,0.837388175589,1500.0,0.45
16,Zprime_3000GeV_075,0.77202967429,3000.0,0.75
17,Zprime_1500GeV_060,0.822931529128,1500.0,0.6
18,Zprime_3000GeV_015,0.870816472399,3000.0,0.15
19,Zprime_3500GeV_015,0.869405096827,3500.0,0.15
20,Zprime_3500GeV_030,0.854598630616,3500.0,0.3
21,Zprime_2000GeV_030,0.85726871097,2000.0,0.3
22,Zprime_2000GeV_015,0.869743554376,2000.0,0.15
23,Zprime_3500GeV_075,0.764237202195,3500.0,0.75
24,Zprime_3500GeV_045,0.827690304577,3500.0,0.45
25,Zprime_2500GeV_030,0.85278812921,2500.0,0.3
26,Zprime_2000GeV_060,0.814836614609,2000.0,0.6
27,Zprime_4000GeV_060,0.800276907197,4000.0,0.6
28,Zprime_2500GeV_075,0.77890986584,2500.0,0.75
29,Zprime_4000GeV_045,0.828425821381,4000.0,0.45
