,name,auc,mass,nu
0,Zprime_1500GeV_075,0.724781975903,1500.0,0.75
1,Zprime_1500GeV_015,0.817515258454,1500.0,0.15
2,Zprime_3000GeV_060,0.747321051071,3000.0,0.6
3,Zprime_1500GeV_030,0.803019805211,1500.0,0.3
4,Zprime_3000GeV_045,0.776876394144,3000.0,0.45
5,Zprime_2000GeV_045,0.789165278784,2000.0,0.45
6,Zprime_2500GeV_015,0.822418725591,2500.0,0.15
7,Zprime_3500GeV_060,0.744699978031,3500.0,0.6
8,Zprime_2500GeV_045,0.781488299164,2500.0,0.45
9,Zprime_2000GeV_075,0.732049375833,2000.0,0.75
10,Zprime_2500GeV_060,0.753895762548,2500.0,0.6
11,Zprime_4000GeV_075,0.708347704818,4000.0,0.75
12,Zprime_4000GeV_030,0.809614719988,4000.0,0.3
13,Zprime_4000GeV_015,0.831889735368,4000.0,0.15
14,Zprime_3000GeV_030,0.7994028456,3000.0,0.3
15,Zprime_1500GeV_045,0.775298483106,1500.0,0.45
16,Zprime_3000GeV_075,0.716899346258,3000.0,0.75
17,Zprime_1500GeV_060,0.760239158468,1500.0,0.6
18,Zprime_3000GeV_015,0.820542601972,3000.0,0.15
19,Zprime_3500GeV_015,0.822395506871,3500.0,0.15
20,Zprime_3500GeV_030,0.804003640493,3500.0,0.3
21,Zprime_2000GeV_030,0.811211833322,2000.0,0.3
22,Zprime_2000GeV_015,0.827158040422,2000.0,0.15
23,Zprime_3500GeV_075,0.711637694261,3500.0,0.75
24,Zprime_3500GeV_045,0.776285014171,3500.0,0.45
25,Zprime_2500GeV_030,0.803019023765,2500.0,0.3
26,Zprime_2000GeV_060,0.760870402687,2000.0,0.6
27,Zprime_4000GeV_060,0.748931051192,4000.0,0.6
28,Zprime_2500GeV_075,0.719746374483,2500.0,0.75
29,Zprime_4000GeV_045,0.780651192492,4000.0,0.45
