,name,auc,mass,nu
0,Zprime_1500GeV_075,0.805208644306,1500.0,0.75
1,Zprime_1500GeV_015,0.873311542772,1500.0,0.15
2,Zprime_3000GeV_060,0.813553401037,3000.0,0.6
3,Zprime_1500GeV_030,0.863944870792,1500.0,0.3
4,Zprime_3000GeV_045,0.841474939434,3000.0,0.45
5,Zprime_2000GeV_045,0.848681114298,2000.0,0.45
6,Zprime_2500GeV_015,0.877219155568,2500.0,0.15
7,Zprime_3500GeV_060,0.811810021216,3500.0,0.6
8,Zprime_2500GeV_045,0.843251372293,2500.0,0.45
9,Zprime_2000GeV_075,0.80412538772,2000.0,0.75
10,Zprime_2500GeV_060,0.819161004214,2500.0,0.6
11,Zprime_4000GeV_075,0.772450330225,4000.0,0.75
12,Zprime_4000GeV_030,0.869885939468,4000.0,0.3
13,Zprime_4000GeV_015,0.883091534323,4000.0,0.15
14,Zprime_3000GeV_030,0.862732416821,3000.0,0.3
15,Zprime_1500GeV_045,0.848414147942,1500.0,0.45
16,Zprime_3000GeV_075,0.784627462851,3000.0,0.75
17,Zprime_1500GeV_060,0.829219958559,1500.0,0.6
18,Zprime_3000GeV_015,0.880090910407,3000.0,0.15
19,Zprime_3500GeV_015,0.881596322971,3500.0,0.15
20,Zprime_3500GeV_030,0.866549502229,3500.0,0.3
21,Zprime_2000GeV_030,0.866230689834,2000.0,0.3
22,Zprime_2000GeV_015,0.878058457882,2000.0,0.15
23,Zprime_3500GeV_075,0.778445131956,3500.0,0.75
24,Zprime_3500GeV_045,0.84146726071,3500.0,0.45
25,Zprime_2500GeV_030,0.862145200204,2500.0,0.3
26,Zprime_2000GeV_060,0.826390806003,2000.0,0.6
27,Zprime_4000GeV_060,0.813123598852,4000.0,0.6
28,Zprime_2500GeV_075,0.791064245145,2500.0,0.75
29,Zprime_4000GeV_045,0.842660360492,4000.0,0.45
