,name,auc,mass,nu
0,Zprime_1500GeV_075,0.73019274722,1500.0,0.75
1,Zprime_1500GeV_015,0.825717736954,1500.0,0.15
2,Zprime_3000GeV_060,0.747207113328,3000.0,0.6
3,Zprime_1500GeV_030,0.808490105631,1500.0,0.3
4,Zprime_3000GeV_045,0.779334765769,3000.0,0.45
5,Zprime_2000GeV_045,0.782756631881,2000.0,0.45
6,Zprime_2500GeV_015,0.825288990881,2500.0,0.15
7,Zprime_3500GeV_060,0.749209451287,3500.0,0.6
8,Zprime_2500GeV_045,0.780876855458,2500.0,0.45
9,Zprime_2000GeV_075,0.726897566338,2000.0,0.75
10,Zprime_2500GeV_060,0.750439251016,2500.0,0.6
11,Zprime_4000GeV_075,0.709318314464,4000.0,0.75
12,Zprime_4000GeV_030,0.813706181108,4000.0,0.3
13,Zprime_4000GeV_015,0.834012927733,4000.0,0.15
14,Zprime_3000GeV_030,0.803417715202,3000.0,0.3
15,Zprime_1500GeV_045,0.780824348288,1500.0,0.45
16,Zprime_3000GeV_075,0.713807764939,3000.0,0.75
17,Zprime_1500GeV_060,0.762285707981,1500.0,0.6
18,Zprime_3000GeV_015,0.827022398605,3000.0,0.15
19,Zprime_3500GeV_015,0.828290349764,3500.0,0.15
20,Zprime_3500GeV_030,0.809685269038,3500.0,0.3
21,Zprime_2000GeV_030,0.808569638859,2000.0,0.3
22,Zprime_2000GeV_015,0.826146639683,2000.0,0.15
23,Zprime_3500GeV_075,0.71102213476,3500.0,0.75
24,Zprime_3500GeV_045,0.780620434491,3500.0,0.45
25,Zprime_2500GeV_030,0.803967523403,2500.0,0.3
26,Zprime_2000GeV_060,0.754424150877,2000.0,0.6
27,Zprime_4000GeV_060,0.751034017963,4000.0,0.6
28,Zprime_2500GeV_075,0.71477023667,2500.0,0.75
29,Zprime_4000GeV_045,0.783964312374,4000.0,0.45
