,name,auc,mass,nu
0,Zprime_1500GeV_075,0.799461544663,1500.0,0.75
1,Zprime_1500GeV_015,0.87071832285,1500.0,0.15
2,Zprime_3000GeV_060,0.80942321394,3000.0,0.6
3,Zprime_1500GeV_030,0.860355620076,1500.0,0.3
4,Zprime_3000GeV_045,0.839083367908,3000.0,0.45
5,Zprime_2000GeV_045,0.844125518647,2000.0,0.45
6,Zprime_2500GeV_015,0.878138312961,2500.0,0.15
7,Zprime_3500GeV_060,0.807641332261,3500.0,0.6
8,Zprime_2500GeV_045,0.839743600227,2500.0,0.45
9,Zprime_2000GeV_075,0.794405327789,2000.0,0.75
10,Zprime_2500GeV_060,0.814220514154,2500.0,0.6
11,Zprime_4000GeV_075,0.771149341448,4000.0,0.75
12,Zprime_4000GeV_030,0.865357850173,4000.0,0.3
13,Zprime_4000GeV_015,0.880850496531,4000.0,0.15
14,Zprime_3000GeV_030,0.860020126696,3000.0,0.3
15,Zprime_1500GeV_045,0.841307920713,1500.0,0.45
16,Zprime_3000GeV_075,0.779671529612,3000.0,0.75
17,Zprime_1500GeV_060,0.827030919124,1500.0,0.6
18,Zprime_3000GeV_015,0.876901609177,3000.0,0.15
19,Zprime_3500GeV_015,0.877259927346,3500.0,0.15
20,Zprime_3500GeV_030,0.861869830738,3500.0,0.3
21,Zprime_2000GeV_030,0.864319129268,2000.0,0.3
22,Zprime_2000GeV_015,0.877927755755,2000.0,0.15
23,Zprime_3500GeV_075,0.774911624441,3500.0,0.75
24,Zprime_3500GeV_045,0.837847718742,3500.0,0.45
25,Zprime_2500GeV_030,0.860843708685,2500.0,0.3
26,Zprime_2000GeV_060,0.820328469186,2000.0,0.6
27,Zprime_4000GeV_060,0.809630381629,4000.0,0.6
28,Zprime_2500GeV_075,0.785191506348,2500.0,0.75
29,Zprime_4000GeV_045,0.839735934962,4000.0,0.45
