,name,auc,mass,nu
0,Zprime_1500GeV_075,0.790878048203,1500.0,0.75
1,Zprime_1500GeV_015,0.867196936983,1500.0,0.15
2,Zprime_3000GeV_060,0.801390998116,3000.0,0.6
3,Zprime_1500GeV_030,0.85627638563,1500.0,0.3
4,Zprime_3000GeV_045,0.832092946302,3000.0,0.45
5,Zprime_2000GeV_045,0.838186776217,2000.0,0.45
6,Zprime_2500GeV_015,0.872019744931,2500.0,0.15
7,Zprime_3500GeV_060,0.79973680947,3500.0,0.6
8,Zprime_2500GeV_045,0.833555696956,2500.0,0.45
9,Zprime_2000GeV_075,0.789431162104,2000.0,0.75
10,Zprime_2500GeV_060,0.805541656795,2500.0,0.6
11,Zprime_4000GeV_075,0.75779951106,4000.0,0.75
12,Zprime_4000GeV_030,0.859690129019,4000.0,0.3
13,Zprime_4000GeV_015,0.873188006327,4000.0,0.15
14,Zprime_3000GeV_030,0.853998287037,3000.0,0.3
15,Zprime_1500GeV_045,0.835796632302,1500.0,0.45
16,Zprime_3000GeV_075,0.768735444317,3000.0,0.75
17,Zprime_1500GeV_060,0.821541955295,1500.0,0.6
18,Zprime_3000GeV_015,0.873499455802,3000.0,0.15
19,Zprime_3500GeV_015,0.872186398977,3500.0,0.15
20,Zprime_3500GeV_030,0.856884560484,3500.0,0.3
21,Zprime_2000GeV_030,0.858476008497,2000.0,0.3
22,Zprime_2000GeV_015,0.872388462165,2000.0,0.15
23,Zprime_3500GeV_075,0.762564838619,3500.0,0.75
24,Zprime_3500GeV_045,0.829727864036,3500.0,0.45
25,Zprime_2500GeV_030,0.855455422452,2500.0,0.3
26,Zprime_2000GeV_060,0.813057655105,2000.0,0.6
27,Zprime_4000GeV_060,0.800756140318,4000.0,0.6
28,Zprime_2500GeV_075,0.775714806778,2500.0,0.75
29,Zprime_4000GeV_045,0.830938217011,4000.0,0.45
