,name,auc,mass,nu
0,Zprime_1500GeV_075,0.804209795538,1500.0,0.75
1,Zprime_1500GeV_015,0.872975909881,1500.0,0.15
2,Zprime_3000GeV_060,0.80961538908,3000.0,0.6
3,Zprime_1500GeV_030,0.865842739069,1500.0,0.3
4,Zprime_3000GeV_045,0.837684118214,3000.0,0.45
5,Zprime_2000GeV_045,0.846492553736,2000.0,0.45
6,Zprime_2500GeV_015,0.874493331777,2500.0,0.15
7,Zprime_3500GeV_060,0.808313570113,3500.0,0.6
8,Zprime_2500GeV_045,0.840180357654,2500.0,0.45
9,Zprime_2000GeV_075,0.802223063952,2000.0,0.75
10,Zprime_2500GeV_060,0.816051009469,2500.0,0.6
11,Zprime_4000GeV_075,0.770200888153,4000.0,0.75
12,Zprime_4000GeV_030,0.863238838669,4000.0,0.3
13,Zprime_4000GeV_015,0.877102572655,4000.0,0.15
14,Zprime_3000GeV_030,0.85769945344,3000.0,0.3
15,Zprime_1500GeV_045,0.845895179047,1500.0,0.45
16,Zprime_3000GeV_075,0.780549078562,3000.0,0.75
17,Zprime_1500GeV_060,0.831668792149,1500.0,0.6
18,Zprime_3000GeV_015,0.874449523293,3000.0,0.15
19,Zprime_3500GeV_015,0.874623227957,3500.0,0.15
20,Zprime_3500GeV_030,0.860392047143,3500.0,0.3
21,Zprime_2000GeV_030,0.865543618545,2000.0,0.3
22,Zprime_2000GeV_015,0.87667142958,2000.0,0.15
23,Zprime_3500GeV_075,0.775085442549,3500.0,0.75
24,Zprime_3500GeV_045,0.835176719141,3500.0,0.45
25,Zprime_2500GeV_030,0.859173353105,2500.0,0.3
26,Zprime_2000GeV_060,0.823979623583,2000.0,0.6
27,Zprime_4000GeV_060,0.809329234208,4000.0,0.6
28,Zprime_2500GeV_075,0.788196281258,2500.0,0.75
29,Zprime_4000GeV_045,0.83675260631,4000.0,0.45
