,name,auc,mass,nu
0,Zprime_1500GeV_075,0.801088222893,1500.0,0.75
1,Zprime_1500GeV_015,0.872324810483,1500.0,0.15
2,Zprime_3000GeV_060,0.804526383272,3000.0,0.6
3,Zprime_1500GeV_030,0.86105194351,1500.0,0.3
4,Zprime_3000GeV_045,0.833312573099,3000.0,0.45
5,Zprime_2000GeV_045,0.842629428007,2000.0,0.45
6,Zprime_2500GeV_015,0.871373249072,2500.0,0.15
7,Zprime_3500GeV_060,0.803106549952,3500.0,0.6
8,Zprime_2500GeV_045,0.835828682875,2500.0,0.45
9,Zprime_2000GeV_075,0.798264995286,2000.0,0.75
10,Zprime_2500GeV_060,0.810321333782,2500.0,0.6
11,Zprime_4000GeV_075,0.763276619074,4000.0,0.75
12,Zprime_4000GeV_030,0.856418287186,4000.0,0.3
13,Zprime_4000GeV_015,0.870102743861,4000.0,0.15
14,Zprime_3000GeV_030,0.853115289097,3000.0,0.3
15,Zprime_1500GeV_045,0.842631937382,1500.0,0.45
16,Zprime_3000GeV_075,0.774929534537,3000.0,0.75
17,Zprime_1500GeV_060,0.828576273506,1500.0,0.6
18,Zprime_3000GeV_015,0.869956083091,3000.0,0.15
19,Zprime_3500GeV_015,0.869191410078,3500.0,0.15
20,Zprime_3500GeV_030,0.854489400159,3500.0,0.3
21,Zprime_2000GeV_030,0.86240347061,2000.0,0.3
22,Zprime_2000GeV_015,0.87343084464,2000.0,0.15
23,Zprime_3500GeV_075,0.768604659137,3500.0,0.75
24,Zprime_3500GeV_045,0.829964899637,3500.0,0.45
25,Zprime_2500GeV_030,0.855658456671,2500.0,0.3
26,Zprime_2000GeV_060,0.819923746192,2000.0,0.6
27,Zprime_4000GeV_060,0.802805737756,4000.0,0.6
28,Zprime_2500GeV_075,0.782826810498,2500.0,0.75
29,Zprime_4000GeV_045,0.830693547738,4000.0,0.45
