,name,auc,mass,nu
0,Zprime_1500GeV_075,0.778462030101,1500.0,0.75
1,Zprime_1500GeV_015,0.857638979449,1500.0,0.15
2,Zprime_3000GeV_060,0.78946958808,3000.0,0.6
3,Zprime_1500GeV_030,0.847525081991,1500.0,0.3
4,Zprime_3000GeV_045,0.820707453732,3000.0,0.45
5,Zprime_2000GeV_045,0.828889013665,2000.0,0.45
6,Zprime_2500GeV_015,0.863643547542,2500.0,0.15
7,Zprime_3500GeV_060,0.787501391345,3500.0,0.6
8,Zprime_2500GeV_045,0.82348550568,2500.0,0.45
9,Zprime_2000GeV_075,0.778067675689,2000.0,0.75
10,Zprime_2500GeV_060,0.794675051654,2500.0,0.6
11,Zprime_4000GeV_075,0.745552156754,4000.0,0.75
12,Zprime_4000GeV_030,0.847620468171,4000.0,0.3
13,Zprime_4000GeV_015,0.861719777937,4000.0,0.15
14,Zprime_3000GeV_030,0.843168252471,3000.0,0.3
15,Zprime_1500GeV_045,0.825613151572,1500.0,0.45
16,Zprime_3000GeV_075,0.758487090287,3000.0,0.75
17,Zprime_1500GeV_060,0.809359541332,1500.0,0.6
18,Zprime_3000GeV_015,0.862512372668,3000.0,0.15
19,Zprime_3500GeV_015,0.861247780869,3500.0,0.15
20,Zprime_3500GeV_030,0.845621049637,3500.0,0.3
21,Zprime_2000GeV_030,0.850279129369,2000.0,0.3
22,Zprime_2000GeV_015,0.865009959521,2000.0,0.15
23,Zprime_3500GeV_075,0.750038849519,3500.0,0.75
24,Zprime_3500GeV_045,0.817325829978,3500.0,0.45
25,Zprime_2500GeV_030,0.84594557021,2500.0,0.3
26,Zprime_2000GeV_060,0.80379172216,2000.0,0.6
27,Zprime_4000GeV_060,0.787935860174,4000.0,0.6
28,Zprime_2500GeV_075,0.764759904061,2500.0,0.75
29,Zprime_4000GeV_045,0.818692400293,4000.0,0.45
