,name,auc,mass,nu
0,Zprime_1500GeV_075,0.798309605088,1500.0,0.75
1,Zprime_1500GeV_015,0.869721926531,1500.0,0.15
2,Zprime_3000GeV_060,0.806788168915,3000.0,0.6
3,Zprime_1500GeV_030,0.857735629261,1500.0,0.3
4,Zprime_3000GeV_045,0.836154622345,3000.0,0.45
5,Zprime_2000GeV_045,0.840771361564,2000.0,0.45
6,Zprime_2500GeV_015,0.872284420675,2500.0,0.15
7,Zprime_3500GeV_060,0.805278865413,3500.0,0.6
8,Zprime_2500GeV_045,0.837137764543,2500.0,0.45
9,Zprime_2000GeV_075,0.79795471515,2000.0,0.75
10,Zprime_2500GeV_060,0.812182038627,2500.0,0.6
11,Zprime_4000GeV_075,0.765543238858,4000.0,0.75
12,Zprime_4000GeV_030,0.865604788798,4000.0,0.3
13,Zprime_4000GeV_015,0.880573873197,4000.0,0.15
14,Zprime_3000GeV_030,0.857334523071,3000.0,0.3
15,Zprime_1500GeV_045,0.845135369154,1500.0,0.45
16,Zprime_3000GeV_075,0.776201976481,3000.0,0.75
17,Zprime_1500GeV_060,0.824435823211,1500.0,0.6
18,Zprime_3000GeV_015,0.875384198476,3000.0,0.15
19,Zprime_3500GeV_015,0.87809836386,3500.0,0.15
20,Zprime_3500GeV_030,0.861754411209,3500.0,0.3
21,Zprime_2000GeV_030,0.85941711867,2000.0,0.3
22,Zprime_2000GeV_015,0.872052126561,2000.0,0.15
23,Zprime_3500GeV_075,0.770992802264,3500.0,0.75
24,Zprime_3500GeV_045,0.836659701005,3500.0,0.45
25,Zprime_2500GeV_030,0.856643645742,2500.0,0.3
26,Zprime_2000GeV_060,0.819783157527,2000.0,0.6
27,Zprime_4000GeV_060,0.806294190016,4000.0,0.6
28,Zprime_2500GeV_075,0.784644151439,2500.0,0.75
29,Zprime_4000GeV_045,0.839097028652,4000.0,0.45
