,name,auc,mass,nu
0,Zprime_1500GeV_075,0.710806553093,1500.0,0.75
1,Zprime_1500GeV_015,0.801929275515,1500.0,0.15
2,Zprime_3000GeV_060,0.737891963931,3000.0,0.6
3,Zprime_1500GeV_030,0.7880352411,1500.0,0.3
4,Zprime_3000GeV_045,0.770635873887,3000.0,0.45
5,Zprime_2000GeV_045,0.776969489184,2000.0,0.45
6,Zprime_2500GeV_015,0.817492561544,2500.0,0.15
7,Zprime_3500GeV_060,0.735305718577,3500.0,0.6
8,Zprime_2500GeV_045,0.772606726351,2500.0,0.45
9,Zprime_2000GeV_075,0.718200395784,2000.0,0.75
10,Zprime_2500GeV_060,0.742278492804,2500.0,0.6
11,Zprime_4000GeV_075,0.694822584134,4000.0,0.75
12,Zprime_4000GeV_030,0.802417871581,4000.0,0.3
13,Zprime_4000GeV_015,0.823740045687,4000.0,0.15
14,Zprime_3000GeV_030,0.795417775313,3000.0,0.3
15,Zprime_1500GeV_045,0.7624257425,1500.0,0.45
16,Zprime_3000GeV_075,0.704549944344,3000.0,0.75
17,Zprime_1500GeV_060,0.743086529466,1500.0,0.6
18,Zprime_3000GeV_015,0.81662706238,3000.0,0.15
19,Zprime_3500GeV_015,0.817939044119,3500.0,0.15
20,Zprime_3500GeV_030,0.79941332797,3500.0,0.3
21,Zprime_2000GeV_030,0.799615003627,2000.0,0.3
22,Zprime_2000GeV_015,0.817443622721,2000.0,0.15
23,Zprime_3500GeV_075,0.699818637331,3500.0,0.75
24,Zprime_3500GeV_045,0.768925079656,3500.0,0.45
25,Zprime_2500GeV_030,0.795929756504,2500.0,0.3
26,Zprime_2000GeV_060,0.74754992685,2000.0,0.6
27,Zprime_4000GeV_060,0.737636487833,4000.0,0.6
28,Zprime_2500GeV_075,0.70658805166,2500.0,0.75
29,Zprime_4000GeV_045,0.773442992055,4000.0,0.45
