,name,auc,mass,nu
0,Zprime_1500GeV_075,0.732884906043,1500.0,0.75
1,Zprime_1500GeV_015,0.827121093683,1500.0,0.15
2,Zprime_3000GeV_060,0.770040324089,3000.0,0.6
3,Zprime_1500GeV_030,0.81543788973,1500.0,0.3
4,Zprime_3000GeV_045,0.806384512493,3000.0,0.45
5,Zprime_2000GeV_045,0.810166878114,2000.0,0.45
6,Zprime_2500GeV_015,0.855146129841,2500.0,0.15
7,Zprime_3500GeV_060,0.766820086254,3500.0,0.6
8,Zprime_2500GeV_045,0.810333181742,2500.0,0.45
9,Zprime_2000GeV_075,0.740353080706,2000.0,0.75
10,Zprime_2500GeV_060,0.776012585939,2500.0,0.6
11,Zprime_4000GeV_075,0.715592392936,4000.0,0.75
12,Zprime_4000GeV_030,0.824943787621,4000.0,0.3
13,Zprime_4000GeV_015,0.834323331785,4000.0,0.15
14,Zprime_3000GeV_030,0.829658075647,3000.0,0.3
15,Zprime_1500GeV_045,0.790806612417,1500.0,0.45
16,Zprime_3000GeV_075,0.730285436034,3000.0,0.75
17,Zprime_1500GeV_060,0.763562840268,1500.0,0.6
18,Zprime_3000GeV_015,0.850590172174,3000.0,0.15
19,Zprime_3500GeV_015,0.841974992165,3500.0,0.15
20,Zprime_3500GeV_030,0.827509680102,3500.0,0.3
21,Zprime_2000GeV_030,0.835718644205,2000.0,0.3
22,Zprime_2000GeV_015,0.856452928827,2000.0,0.15
23,Zprime_3500GeV_075,0.723952912076,3500.0,0.75
24,Zprime_3500GeV_045,0.800237292777,3500.0,0.45
25,Zprime_2500GeV_030,0.835924653773,2500.0,0.3
26,Zprime_2000GeV_060,0.779284749595,2000.0,0.6
27,Zprime_4000GeV_060,0.763674158062,4000.0,0.6
28,Zprime_2500GeV_075,0.730894143833,2500.0,0.75
29,Zprime_4000GeV_045,0.794345121713,4000.0,0.45
