,name,auc,mass,nu
0,Zprime_1500GeV_075,0.731190600701,1500.0,0.75
1,Zprime_1500GeV_015,0.819343576304,1500.0,0.15
2,Zprime_3000GeV_060,0.755420492652,3000.0,0.6
3,Zprime_1500GeV_030,0.807284442496,1500.0,0.3
4,Zprime_3000GeV_045,0.780741855506,3000.0,0.45
5,Zprime_2000GeV_045,0.798001295213,2000.0,0.45
6,Zprime_2500GeV_015,0.821490159421,2500.0,0.15
7,Zprime_3500GeV_060,0.751737684513,3500.0,0.6
8,Zprime_2500GeV_045,0.787230609962,2500.0,0.45
9,Zprime_2000GeV_075,0.741496606267,2000.0,0.75
10,Zprime_2500GeV_060,0.763203223337,2500.0,0.6
11,Zprime_4000GeV_075,0.716600089226,4000.0,0.75
12,Zprime_4000GeV_030,0.805938959397,4000.0,0.3
13,Zprime_4000GeV_015,0.826242264198,4000.0,0.15
14,Zprime_3000GeV_030,0.798547026776,3000.0,0.3
15,Zprime_1500GeV_045,0.78010235797,1500.0,0.45
16,Zprime_3000GeV_075,0.728259067229,3000.0,0.75
17,Zprime_1500GeV_060,0.760326087241,1500.0,0.6
18,Zprime_3000GeV_015,0.814807358578,3000.0,0.15
19,Zprime_3500GeV_015,0.816523090598,3500.0,0.15
20,Zprime_3500GeV_030,0.799417817082,3500.0,0.3
21,Zprime_2000GeV_030,0.817574528479,2000.0,0.3
22,Zprime_2000GeV_015,0.831340741502,2000.0,0.15
23,Zprime_3500GeV_075,0.722216425501,3500.0,0.75
24,Zprime_3500GeV_045,0.778888688135,3500.0,0.45
25,Zprime_2500GeV_030,0.805333590186,2500.0,0.3
26,Zprime_2000GeV_060,0.770720184299,2000.0,0.6
27,Zprime_4000GeV_060,0.754075446857,4000.0,0.6
28,Zprime_2500GeV_075,0.728457561664,2500.0,0.75
29,Zprime_4000GeV_045,0.780746856743,4000.0,0.45
