,name,auc,mass,nu
0,Zprime_1500GeV_075,0.807984299011,1500.0,0.75
1,Zprime_1500GeV_015,0.879392422338,1500.0,0.15
2,Zprime_3000GeV_060,0.830898292111,3000.0,0.6
3,Zprime_1500GeV_030,0.868595259553,1500.0,0.3
4,Zprime_3000GeV_045,0.856063133829,3000.0,0.45
5,Zprime_2000GeV_045,0.864068758121,2000.0,0.45
6,Zprime_2500GeV_015,0.889262946286,2500.0,0.15
7,Zprime_3500GeV_060,0.82789637383,3500.0,0.6
8,Zprime_2500GeV_045,0.85846719799,2500.0,0.45
9,Zprime_2000GeV_075,0.812151038551,2000.0,0.75
10,Zprime_2500GeV_060,0.834205953667,2500.0,0.6
11,Zprime_4000GeV_075,0.793203231546,4000.0,0.75
12,Zprime_4000GeV_030,0.882133824038,4000.0,0.3
13,Zprime_4000GeV_015,0.894872416967,4000.0,0.15
14,Zprime_3000GeV_030,0.874969312683,3000.0,0.3
15,Zprime_1500GeV_045,0.84802527361,1500.0,0.45
16,Zprime_3000GeV_075,0.799906458731,3000.0,0.75
17,Zprime_1500GeV_060,0.829887069218,1500.0,0.6
18,Zprime_3000GeV_015,0.891896909285,3000.0,0.15
19,Zprime_3500GeV_015,0.893081809009,3500.0,0.15
20,Zprime_3500GeV_030,0.879104875419,3500.0,0.3
21,Zprime_2000GeV_030,0.882560440381,2000.0,0.3
22,Zprime_2000GeV_015,0.894532017277,2000.0,0.15
23,Zprime_3500GeV_075,0.797400560796,3500.0,0.75
24,Zprime_3500GeV_045,0.855888191352,3500.0,0.45
25,Zprime_2500GeV_030,0.875283325038,2500.0,0.3
26,Zprime_2000GeV_060,0.837157734606,2000.0,0.6
27,Zprime_4000GeV_060,0.829405410448,4000.0,0.6
28,Zprime_2500GeV_075,0.803472310536,2500.0,0.75
29,Zprime_4000GeV_045,0.856817888082,4000.0,0.45
