,name,auc,mass,nu
0,Zprime_1500GeV_075,0.790434464641,1500.0,0.75
1,Zprime_1500GeV_015,0.869484377713,1500.0,0.15
2,Zprime_3000GeV_060,0.803734084076,3000.0,0.6
3,Zprime_1500GeV_030,0.858985902795,1500.0,0.3
4,Zprime_3000GeV_045,0.834037404622,3000.0,0.45
5,Zprime_2000GeV_045,0.843087613036,2000.0,0.45
6,Zprime_2500GeV_015,0.875002587863,2500.0,0.15
7,Zprime_3500GeV_060,0.801381285134,3500.0,0.6
8,Zprime_2500GeV_045,0.837602218777,2500.0,0.45
9,Zprime_2000GeV_075,0.791542163256,2000.0,0.75
10,Zprime_2500GeV_060,0.81008114215,2500.0,0.6
11,Zprime_4000GeV_075,0.759419740317,4000.0,0.75
12,Zprime_4000GeV_030,0.859114354787,4000.0,0.3
13,Zprime_4000GeV_015,0.873500043995,4000.0,0.15
14,Zprime_3000GeV_030,0.854763881816,3000.0,0.3
15,Zprime_1500GeV_045,0.837223440929,1500.0,0.45
16,Zprime_3000GeV_075,0.772092159042,3000.0,0.75
17,Zprime_1500GeV_060,0.819420393872,1500.0,0.6
18,Zprime_3000GeV_015,0.873526644897,3000.0,0.15
19,Zprime_3500GeV_015,0.872480031138,3500.0,0.15
20,Zprime_3500GeV_030,0.856725709902,3500.0,0.3
21,Zprime_2000GeV_030,0.863184537298,2000.0,0.3
22,Zprime_2000GeV_015,0.877607325616,2000.0,0.15
23,Zprime_3500GeV_075,0.766064722093,3500.0,0.75
24,Zprime_3500GeV_045,0.831480110455,3500.0,0.45
25,Zprime_2500GeV_030,0.858295038472,2500.0,0.3
26,Zprime_2000GeV_060,0.817020122926,2000.0,0.6
27,Zprime_4000GeV_060,0.801303838804,4000.0,0.6
28,Zprime_2500GeV_075,0.778069223079,2500.0,0.75
29,Zprime_4000GeV_045,0.831650843745,4000.0,0.45
