,name,auc,mass,nu
0,Zprime_1500GeV_075,0.791008993882,1500.0,0.75
1,Zprime_1500GeV_015,0.862930978434,1500.0,0.15
2,Zprime_3000GeV_060,0.793599331345,3000.0,0.6
3,Zprime_1500GeV_030,0.850389114807,1500.0,0.3
4,Zprime_3000GeV_045,0.822293983263,3000.0,0.45
5,Zprime_2000GeV_045,0.829841707261,2000.0,0.45
6,Zprime_2500GeV_015,0.860277669493,2500.0,0.15
7,Zprime_3500GeV_060,0.792421075801,3500.0,0.6
8,Zprime_2500GeV_045,0.824212138819,2500.0,0.45
9,Zprime_2000GeV_075,0.78471890069,2000.0,0.75
10,Zprime_2500GeV_060,0.798577560715,2500.0,0.6
11,Zprime_4000GeV_075,0.754735445457,4000.0,0.75
12,Zprime_4000GeV_030,0.848280460035,4000.0,0.3
13,Zprime_4000GeV_015,0.861443672996,4000.0,0.15
14,Zprime_3000GeV_030,0.841968616913,3000.0,0.3
15,Zprime_1500GeV_045,0.83077379719,1500.0,0.45
16,Zprime_3000GeV_075,0.764726214268,3000.0,0.75
17,Zprime_1500GeV_060,0.816987358574,1500.0,0.6
18,Zprime_3000GeV_015,0.859929673262,3000.0,0.15
19,Zprime_3500GeV_015,0.86008680723,3500.0,0.15
20,Zprime_3500GeV_030,0.84504974399,3500.0,0.3
21,Zprime_2000GeV_030,0.850151697373,2000.0,0.3
22,Zprime_2000GeV_015,0.862463049774,2000.0,0.15
23,Zprime_3500GeV_075,0.758003369182,3500.0,0.75
24,Zprime_3500GeV_045,0.819674913999,3500.0,0.45
25,Zprime_2500GeV_030,0.844242581004,2500.0,0.3
26,Zprime_2000GeV_060,0.807330175705,2000.0,0.6
27,Zprime_4000GeV_060,0.793481868931,4000.0,0.6
28,Zprime_2500GeV_075,0.770545029938,2500.0,0.75
29,Zprime_4000GeV_045,0.821857639118,4000.0,0.45
