,name,auc,mass,nu
0,Zprime_1500GeV_075,0.792842613168,1500.0,0.75
1,Zprime_1500GeV_015,0.869164975733,1500.0,0.15
2,Zprime_3000GeV_060,0.803124832222,3000.0,0.6
3,Zprime_1500GeV_030,0.860327921243,1500.0,0.3
4,Zprime_3000GeV_045,0.834458125276,3000.0,0.45
5,Zprime_2000GeV_045,0.842077142674,2000.0,0.45
6,Zprime_2500GeV_015,0.875135340212,2500.0,0.15
7,Zprime_3500GeV_060,0.801246687493,3500.0,0.6
8,Zprime_2500GeV_045,0.837497809304,2500.0,0.45
9,Zprime_2000GeV_075,0.790578167243,2000.0,0.75
10,Zprime_2500GeV_060,0.809274971151,2500.0,0.6
11,Zprime_4000GeV_075,0.757184882565,4000.0,0.75
12,Zprime_4000GeV_030,0.859698247502,4000.0,0.3
13,Zprime_4000GeV_015,0.873310142128,4000.0,0.15
14,Zprime_3000GeV_030,0.85637198562,3000.0,0.3
15,Zprime_1500GeV_045,0.83903819745,1500.0,0.45
16,Zprime_3000GeV_075,0.769787564227,3000.0,0.75
17,Zprime_1500GeV_060,0.81823905441,1500.0,0.6
18,Zprime_3000GeV_015,0.874817119928,3000.0,0.15
19,Zprime_3500GeV_015,0.874767406622,3500.0,0.15
20,Zprime_3500GeV_030,0.858768758972,3500.0,0.3
21,Zprime_2000GeV_030,0.863001395938,2000.0,0.3
22,Zprime_2000GeV_015,0.876466088493,2000.0,0.15
23,Zprime_3500GeV_075,0.763199330497,3500.0,0.75
24,Zprime_3500GeV_045,0.831838664574,3500.0,0.45
25,Zprime_2500GeV_030,0.858007632519,2500.0,0.3
26,Zprime_2000GeV_060,0.816341889273,2000.0,0.6
27,Zprime_4000GeV_060,0.801447405575,4000.0,0.6
28,Zprime_2500GeV_075,0.776839972404,2500.0,0.75
29,Zprime_4000GeV_045,0.831903408016,4000.0,0.45
