,name,auc,mass,nu
0,Zprime_1500GeV_075,0.790514349493,1500.0,0.75
1,Zprime_1500GeV_015,0.868284547763,1500.0,0.15
2,Zprime_3000GeV_060,0.804257232728,3000.0,0.6
3,Zprime_1500GeV_030,0.859134028451,1500.0,0.3
4,Zprime_3000GeV_045,0.833151267158,3000.0,0.45
5,Zprime_2000GeV_045,0.842078184616,2000.0,0.45
6,Zprime_2500GeV_015,0.870937620264,2500.0,0.15
7,Zprime_3500GeV_060,0.802966092628,3500.0,0.6
8,Zprime_2500GeV_045,0.83539099472,2500.0,0.45
9,Zprime_2000GeV_075,0.793273515109,2000.0,0.75
10,Zprime_2500GeV_060,0.810418347961,2500.0,0.6
11,Zprime_4000GeV_075,0.765846072331,4000.0,0.75
12,Zprime_4000GeV_030,0.860392124302,4000.0,0.3
13,Zprime_4000GeV_015,0.875818994006,4000.0,0.15
14,Zprime_3000GeV_030,0.852424934066,3000.0,0.3
15,Zprime_1500GeV_045,0.837929082398,1500.0,0.45
16,Zprime_3000GeV_075,0.77462289943,3000.0,0.75
17,Zprime_1500GeV_060,0.821266962504,1500.0,0.6
18,Zprime_3000GeV_015,0.870934340226,3000.0,0.15
19,Zprime_3500GeV_015,0.870123337841,3500.0,0.15
20,Zprime_3500GeV_030,0.855745233302,3500.0,0.3
21,Zprime_2000GeV_030,0.862831456305,2000.0,0.3
22,Zprime_2000GeV_015,0.874921620526,2000.0,0.15
23,Zprime_3500GeV_075,0.768254188387,3500.0,0.75
24,Zprime_3500GeV_045,0.830455179307,3500.0,0.45
25,Zprime_2500GeV_030,0.855583416634,2500.0,0.3
26,Zprime_2000GeV_060,0.818419262045,2000.0,0.6
27,Zprime_4000GeV_060,0.805163153562,4000.0,0.6
28,Zprime_2500GeV_075,0.780823208565,2500.0,0.75
29,Zprime_4000GeV_045,0.833504606918,4000.0,0.45
