,name,auc,mass,nu
0,Zprime_1500GeV_075,0.720334851634,1500.0,0.75
1,Zprime_1500GeV_015,0.819006196901,1500.0,0.15
2,Zprime_3000GeV_060,0.750456491097,3000.0,0.6
3,Zprime_1500GeV_030,0.803011821038,1500.0,0.3
4,Zprime_3000GeV_045,0.785354494563,3000.0,0.45
5,Zprime_2000GeV_045,0.786476953721,2000.0,0.45
6,Zprime_2500GeV_015,0.832187027075,2500.0,0.15
7,Zprime_3500GeV_060,0.752079876416,3500.0,0.6
8,Zprime_2500GeV_045,0.785634895867,2500.0,0.45
9,Zprime_2000GeV_075,0.723397537093,2000.0,0.75
10,Zprime_2500GeV_060,0.751987155563,2500.0,0.6
11,Zprime_4000GeV_075,0.70546784887,4000.0,0.75
12,Zprime_4000GeV_030,0.814573717488,4000.0,0.3
13,Zprime_4000GeV_015,0.830947019691,4000.0,0.15
14,Zprime_3000GeV_030,0.809941939755,3000.0,0.3
15,Zprime_1500GeV_045,0.776860678494,1500.0,0.45
16,Zprime_3000GeV_075,0.712565757576,3000.0,0.75
17,Zprime_1500GeV_060,0.756202809004,1500.0,0.6
18,Zprime_3000GeV_015,0.832570775065,3000.0,0.15
19,Zprime_3500GeV_015,0.828804140139,3500.0,0.15
20,Zprime_3500GeV_030,0.813018052593,3500.0,0.3
21,Zprime_2000GeV_030,0.812127816301,2000.0,0.3
22,Zprime_2000GeV_015,0.830678004643,2000.0,0.15
23,Zprime_3500GeV_075,0.710493434409,3500.0,0.75
24,Zprime_3500GeV_045,0.782283215365,3500.0,0.45
25,Zprime_2500GeV_030,0.812038610856,2500.0,0.3
26,Zprime_2000GeV_060,0.754873882396,2000.0,0.6
27,Zprime_4000GeV_060,0.75190970475,4000.0,0.6
28,Zprime_2500GeV_075,0.712177859393,2500.0,0.75
29,Zprime_4000GeV_045,0.783989516158,4000.0,0.45
