,name,auc,mass,nu
0,Zprime_1500GeV_075,0.749710856121,1500.0,0.75
1,Zprime_1500GeV_015,0.83339812502,1500.0,0.15
2,Zprime_3000GeV_060,0.773256387712,3000.0,0.6
3,Zprime_1500GeV_030,0.818666112389,1500.0,0.3
4,Zprime_3000GeV_045,0.808143804288,3000.0,0.45
5,Zprime_2000GeV_045,0.809372446134,2000.0,0.45
6,Zprime_2500GeV_015,0.852882817509,2500.0,0.15
7,Zprime_3500GeV_060,0.771430395535,3500.0,0.6
8,Zprime_2500GeV_045,0.808699952243,2500.0,0.45
9,Zprime_2000GeV_075,0.750045215981,2000.0,0.75
10,Zprime_2500GeV_060,0.776512197566,2500.0,0.6
11,Zprime_4000GeV_075,0.721445551361,4000.0,0.75
12,Zprime_4000GeV_030,0.839641237252,4000.0,0.3
13,Zprime_4000GeV_015,0.85778242284,4000.0,0.15
14,Zprime_3000GeV_030,0.832967690053,3000.0,0.3
15,Zprime_1500GeV_045,0.797304742497,1500.0,0.45
16,Zprime_3000GeV_075,0.73353727475,3000.0,0.75
17,Zprime_1500GeV_060,0.774262558782,1500.0,0.6
18,Zprime_3000GeV_015,0.854061886254,3000.0,0.15
19,Zprime_3500GeV_015,0.856041169086,3500.0,0.15
20,Zprime_3500GeV_030,0.837405562932,3500.0,0.3
21,Zprime_2000GeV_030,0.833386033312,2000.0,0.3
22,Zprime_2000GeV_015,0.849960396922,2000.0,0.15
23,Zprime_3500GeV_075,0.728638346878,3500.0,0.75
24,Zprime_3500GeV_045,0.806963843145,3500.0,0.45
25,Zprime_2500GeV_030,0.832754910756,2500.0,0.3
26,Zprime_2000GeV_060,0.780053431732,2000.0,0.6
27,Zprime_4000GeV_060,0.771546687162,4000.0,0.6
28,Zprime_2500GeV_075,0.736285476684,2500.0,0.75
29,Zprime_4000GeV_045,0.807765054144,4000.0,0.45
