,name,auc,mass,nu
0,Zprime_1500GeV_075,0.789387305181,1500.0,0.75
1,Zprime_1500GeV_015,0.866127536493,1500.0,0.15
2,Zprime_3000GeV_060,0.800009358492,3000.0,0.6
3,Zprime_1500GeV_030,0.855303831095,1500.0,0.3
4,Zprime_3000GeV_045,0.830737404773,3000.0,0.45
5,Zprime_2000GeV_045,0.836103619397,2000.0,0.45
6,Zprime_2500GeV_015,0.87056832723,2500.0,0.15
7,Zprime_3500GeV_060,0.798572484644,3500.0,0.6
8,Zprime_2500GeV_045,0.831626486551,2500.0,0.45
9,Zprime_2000GeV_075,0.787728017536,2000.0,0.75
10,Zprime_2500GeV_060,0.804331595156,2500.0,0.6
11,Zprime_4000GeV_075,0.755930209198,4000.0,0.75
12,Zprime_4000GeV_030,0.857451032328,4000.0,0.3
13,Zprime_4000GeV_015,0.872066257956,4000.0,0.15
14,Zprime_3000GeV_030,0.85295542959,3000.0,0.3
15,Zprime_1500GeV_045,0.834725233929,1500.0,0.45
16,Zprime_3000GeV_075,0.767486930987,3000.0,0.75
17,Zprime_1500GeV_060,0.820918713169,1500.0,0.6
18,Zprime_3000GeV_015,0.871629932759,3000.0,0.15
19,Zprime_3500GeV_015,0.870901229586,3500.0,0.15
20,Zprime_3500GeV_030,0.856297093484,3500.0,0.3
21,Zprime_2000GeV_030,0.856772182997,2000.0,0.3
22,Zprime_2000GeV_015,0.869594347268,2000.0,0.15
23,Zprime_3500GeV_075,0.761931116369,3500.0,0.75
24,Zprime_3500GeV_045,0.827271664137,3500.0,0.45
25,Zprime_2500GeV_030,0.853468485202,2500.0,0.3
26,Zprime_2000GeV_060,0.812108467242,2000.0,0.6
27,Zprime_4000GeV_060,0.799614486549,4000.0,0.6
28,Zprime_2500GeV_075,0.774005990468,2500.0,0.75
29,Zprime_4000GeV_045,0.829485439214,4000.0,0.45
