,name,auc,mass,nu
0,Zprime_1500GeV_075,0.790740397435,1500.0,0.75
1,Zprime_1500GeV_015,0.862958177436,1500.0,0.15
2,Zprime_3000GeV_060,0.797255955704,3000.0,0.6
3,Zprime_1500GeV_030,0.852246504261,1500.0,0.3
4,Zprime_3000GeV_045,0.828337910236,3000.0,0.45
5,Zprime_2000GeV_045,0.83259081936,2000.0,0.45
6,Zprime_2500GeV_015,0.868223394348,2500.0,0.15
7,Zprime_3500GeV_060,0.796953488947,3500.0,0.6
8,Zprime_2500GeV_045,0.828340183299,2500.0,0.45
9,Zprime_2000GeV_075,0.786304934985,2000.0,0.75
10,Zprime_2500GeV_060,0.800374265017,2500.0,0.6
11,Zprime_4000GeV_075,0.755550068989,4000.0,0.75
12,Zprime_4000GeV_030,0.860047845536,4000.0,0.3
13,Zprime_4000GeV_015,0.874407901244,4000.0,0.15
14,Zprime_3000GeV_030,0.851675378756,3000.0,0.3
15,Zprime_1500GeV_045,0.836468124112,1500.0,0.45
16,Zprime_3000GeV_075,0.765643799769,3000.0,0.75
17,Zprime_1500GeV_060,0.820041738895,1500.0,0.6
18,Zprime_3000GeV_015,0.871084917916,3000.0,0.15
19,Zprime_3500GeV_015,0.872135326434,3500.0,0.15
20,Zprime_3500GeV_030,0.856028052856,3500.0,0.3
21,Zprime_2000GeV_030,0.853820787499,2000.0,0.3
22,Zprime_2000GeV_015,0.866583625199,2000.0,0.15
23,Zprime_3500GeV_075,0.759114082621,3500.0,0.75
24,Zprime_3500GeV_045,0.828159652226,3500.0,0.45
25,Zprime_2500GeV_030,0.851018998668,2500.0,0.3
26,Zprime_2000GeV_060,0.809476109033,2000.0,0.6
27,Zprime_4000GeV_060,0.79903255189,4000.0,0.6
28,Zprime_2500GeV_075,0.771597805511,2500.0,0.75
29,Zprime_4000GeV_045,0.830197087204,4000.0,0.45
