,name,auc,mass,nu
0,Zprime_1500GeV_075,0.750175681196,1500.0,0.75
1,Zprime_1500GeV_015,0.835796015123,1500.0,0.15
2,Zprime_3000GeV_060,0.767333404057,3000.0,0.6
3,Zprime_1500GeV_030,0.822948298912,1500.0,0.3
4,Zprime_3000GeV_045,0.797878814096,3000.0,0.45
5,Zprime_2000GeV_045,0.803707620928,2000.0,0.45
6,Zprime_2500GeV_015,0.840511634795,2500.0,0.15
7,Zprime_3500GeV_060,0.768728979966,3500.0,0.6
8,Zprime_2500GeV_045,0.799046607583,2500.0,0.45
9,Zprime_2000GeV_075,0.752639183492,2000.0,0.75
10,Zprime_2500GeV_060,0.769782161785,2500.0,0.6
11,Zprime_4000GeV_075,0.728268700619,4000.0,0.75
12,Zprime_4000GeV_030,0.827360843366,4000.0,0.3
13,Zprime_4000GeV_015,0.843761234945,4000.0,0.15
14,Zprime_3000GeV_030,0.819345343371,3000.0,0.3
15,Zprime_1500GeV_045,0.798812906655,1500.0,0.45
16,Zprime_3000GeV_075,0.734023975133,3000.0,0.75
17,Zprime_1500GeV_060,0.781254290289,1500.0,0.6
18,Zprime_3000GeV_015,0.8407937981,3000.0,0.15
19,Zprime_3500GeV_015,0.840011018043,3500.0,0.15
20,Zprime_3500GeV_030,0.824861734256,3500.0,0.3
21,Zprime_2000GeV_030,0.828012536164,2000.0,0.3
22,Zprime_2000GeV_015,0.843139293692,2000.0,0.15
23,Zprime_3500GeV_075,0.731113533245,3500.0,0.75
24,Zprime_3500GeV_045,0.795559140843,3500.0,0.45
25,Zprime_2500GeV_030,0.822362607138,2500.0,0.3
26,Zprime_2000GeV_060,0.776422887037,2000.0,0.6
27,Zprime_4000GeV_060,0.770033080015,4000.0,0.6
28,Zprime_2500GeV_075,0.736054702325,2500.0,0.75
29,Zprime_4000GeV_045,0.798156416064,4000.0,0.45
