,name,auc,mass,nu
0,Zprime_1500GeV_075,0.812377227237,1500.0,0.75
1,Zprime_1500GeV_015,0.880006751172,1500.0,0.15
2,Zprime_3000GeV_060,0.824945129923,3000.0,0.6
3,Zprime_1500GeV_030,0.867279373454,1500.0,0.3
4,Zprime_3000GeV_045,0.85276634426,3000.0,0.45
5,Zprime_2000GeV_045,0.861918192519,2000.0,0.45
6,Zprime_2500GeV_015,0.889553956669,2500.0,0.15
7,Zprime_3500GeV_060,0.820173968514,3500.0,0.6
8,Zprime_2500GeV_045,0.855421491242,2500.0,0.45
9,Zprime_2000GeV_075,0.811197581474,2000.0,0.75
10,Zprime_2500GeV_060,0.829822883725,2500.0,0.6
11,Zprime_4000GeV_075,0.780083062532,4000.0,0.75
12,Zprime_4000GeV_030,0.879572252432,4000.0,0.3
13,Zprime_4000GeV_015,0.893812063508,4000.0,0.15
14,Zprime_3000GeV_030,0.873074244921,3000.0,0.3
15,Zprime_1500GeV_045,0.848576243195,1500.0,0.45
16,Zprime_3000GeV_075,0.792421184255,3000.0,0.75
17,Zprime_1500GeV_060,0.831067138628,1500.0,0.6
18,Zprime_3000GeV_015,0.891267107651,3000.0,0.15
19,Zprime_3500GeV_015,0.891550862662,3500.0,0.15
20,Zprime_3500GeV_030,0.877616932792,3500.0,0.3
21,Zprime_2000GeV_030,0.879721929411,2000.0,0.3
22,Zprime_2000GeV_015,0.893225263266,2000.0,0.15
23,Zprime_3500GeV_075,0.786968876374,3500.0,0.75
24,Zprime_3500GeV_045,0.851779742828,3500.0,0.45
25,Zprime_2500GeV_030,0.873830723324,2500.0,0.3
26,Zprime_2000GeV_060,0.835309178851,2000.0,0.6
27,Zprime_4000GeV_060,0.820871663561,4000.0,0.6
28,Zprime_2500GeV_075,0.798080322359,2500.0,0.75
29,Zprime_4000GeV_045,0.851489007369,4000.0,0.45
