,name,auc,mass,nu
0,Zprime_1500GeV_075,0.772059154393,1500.0,0.75
1,Zprime_1500GeV_015,0.849719133045,1500.0,0.15
2,Zprime_3000GeV_060,0.791087493301,3000.0,0.6
3,Zprime_1500GeV_030,0.838123407085,1500.0,0.3
4,Zprime_3000GeV_045,0.825164613712,3000.0,0.45
5,Zprime_2000GeV_045,0.821962022559,2000.0,0.45
6,Zprime_2500GeV_015,0.863822448988,2500.0,0.15
7,Zprime_3500GeV_060,0.792340104617,3500.0,0.6
8,Zprime_2500GeV_045,0.822434827184,2500.0,0.45
9,Zprime_2000GeV_075,0.768467686683,2000.0,0.75
10,Zprime_2500GeV_060,0.791892161217,2500.0,0.6
11,Zprime_4000GeV_075,0.745570046103,4000.0,0.75
12,Zprime_4000GeV_030,0.859266097312,4000.0,0.3
13,Zprime_4000GeV_015,0.875138673177,4000.0,0.15
14,Zprime_3000GeV_030,0.848558437667,3000.0,0.3
15,Zprime_1500GeV_045,0.816566304551,1500.0,0.45
16,Zprime_3000GeV_075,0.753163705106,3000.0,0.75
17,Zprime_1500GeV_060,0.798363645704,1500.0,0.6
18,Zprime_3000GeV_015,0.868994121985,3000.0,0.15
19,Zprime_3500GeV_015,0.872195444816,3500.0,0.15
20,Zprime_3500GeV_030,0.85496297663,3500.0,0.3
21,Zprime_2000GeV_030,0.84528581312,2000.0,0.3
22,Zprime_2000GeV_015,0.859307106672,2000.0,0.15
23,Zprime_3500GeV_075,0.749599507943,3500.0,0.75
24,Zprime_3500GeV_045,0.825493946124,3500.0,0.45
25,Zprime_2500GeV_030,0.845858061269,2500.0,0.3
26,Zprime_2000GeV_060,0.796159679568,2000.0,0.6
27,Zprime_4000GeV_060,0.795232101009,4000.0,0.6
28,Zprime_2500GeV_075,0.756257142204,2500.0,0.75
29,Zprime_4000GeV_045,0.828261413626,4000.0,0.45
