,name,auc,mass,nu
0,Zprime_1500GeV_075,0.801730693547,1500.0,0.75
1,Zprime_1500GeV_015,0.872984386282,1500.0,0.15
2,Zprime_3000GeV_060,0.809197269851,3000.0,0.6
3,Zprime_1500GeV_030,0.861341658695,1500.0,0.3
4,Zprime_3000GeV_045,0.839822346984,3000.0,0.45
5,Zprime_2000GeV_045,0.845611049267,2000.0,0.45
6,Zprime_2500GeV_015,0.87652149499,2500.0,0.15
7,Zprime_3500GeV_060,0.80846154762,3500.0,0.6
8,Zprime_2500GeV_045,0.840586799347,2500.0,0.45
9,Zprime_2000GeV_075,0.79836434164,2000.0,0.75
10,Zprime_2500GeV_060,0.814943654973,2500.0,0.6
11,Zprime_4000GeV_075,0.767678276299,4000.0,0.75
12,Zprime_4000GeV_030,0.868363438037,4000.0,0.3
13,Zprime_4000GeV_015,0.883442949294,4000.0,0.15
14,Zprime_3000GeV_030,0.860953102018,3000.0,0.3
15,Zprime_1500GeV_045,0.84626175911,1500.0,0.45
16,Zprime_3000GeV_075,0.778625965816,3000.0,0.75
17,Zprime_1500GeV_060,0.828486161088,1500.0,0.6
18,Zprime_3000GeV_015,0.879087978458,3000.0,0.15
19,Zprime_3500GeV_015,0.88109276361,3500.0,0.15
20,Zprime_3500GeV_030,0.86467672092,3500.0,0.3
21,Zprime_2000GeV_030,0.864536611241,2000.0,0.3
22,Zprime_2000GeV_015,0.877244076586,2000.0,0.15
23,Zprime_3500GeV_075,0.772755063574,3500.0,0.75
24,Zprime_3500GeV_045,0.83988062864,3500.0,0.45
25,Zprime_2500GeV_030,0.86095051433,2500.0,0.3
26,Zprime_2000GeV_060,0.822235918434,2000.0,0.6
27,Zprime_4000GeV_060,0.808967091768,4000.0,0.6
28,Zprime_2500GeV_075,0.786610557592,2500.0,0.75
29,Zprime_4000GeV_045,0.84153563881,4000.0,0.45
