,name,auc,mass,nu
0,Zprime_1500GeV_075,0.794736211573,1500.0,0.75
1,Zprime_1500GeV_015,0.867775940396,1500.0,0.15
2,Zprime_3000GeV_060,0.802238846899,3000.0,0.6
3,Zprime_1500GeV_030,0.856686899613,1500.0,0.3
4,Zprime_3000GeV_045,0.830280930436,3000.0,0.45
5,Zprime_2000GeV_045,0.838195327463,2000.0,0.45
6,Zprime_2500GeV_015,0.870597038367,2500.0,0.15
7,Zprime_3500GeV_060,0.801218875881,3500.0,0.6
8,Zprime_2500GeV_045,0.833386996492,2500.0,0.45
9,Zprime_2000GeV_075,0.789854109216,2000.0,0.75
10,Zprime_2500GeV_060,0.807602009901,2500.0,0.6
11,Zprime_4000GeV_075,0.761586975771,4000.0,0.75
12,Zprime_4000GeV_030,0.853011017657,4000.0,0.3
13,Zprime_4000GeV_015,0.8647236154,4000.0,0.15
14,Zprime_3000GeV_030,0.850974989934,3000.0,0.3
15,Zprime_1500GeV_045,0.837057277174,1500.0,0.45
16,Zprime_3000GeV_075,0.771029811421,3000.0,0.75
17,Zprime_1500GeV_060,0.822168969823,1500.0,0.6
18,Zprime_3000GeV_015,0.867389394072,3000.0,0.15
19,Zprime_3500GeV_015,0.86473605456,3500.0,0.15
20,Zprime_3500GeV_030,0.85207433112,3500.0,0.3
21,Zprime_2000GeV_030,0.85906832961,2000.0,0.3
22,Zprime_2000GeV_015,0.871677355605,2000.0,0.15
23,Zprime_3500GeV_075,0.765995956935,3500.0,0.75
24,Zprime_3500GeV_045,0.827571023849,3500.0,0.45
25,Zprime_2500GeV_030,0.853897292063,2500.0,0.3
26,Zprime_2000GeV_060,0.814249579759,2000.0,0.6
27,Zprime_4000GeV_060,0.801263612392,4000.0,0.6
28,Zprime_2500GeV_075,0.776828433518,2500.0,0.75
29,Zprime_4000GeV_045,0.828525367326,4000.0,0.45
