,name,auc,mass,nu
0,Zprime_1500GeV_075,0.813095715097,1500.0,0.75
1,Zprime_1500GeV_015,0.88260545109,1500.0,0.15
2,Zprime_3000GeV_060,0.821586800817,3000.0,0.6
3,Zprime_1500GeV_030,0.874736562173,1500.0,0.3
4,Zprime_3000GeV_045,0.850480679192,3000.0,0.45
5,Zprime_2000GeV_045,0.857756735112,2000.0,0.45
6,Zprime_2500GeV_015,0.886915344037,2500.0,0.15
7,Zprime_3500GeV_060,0.81969707334,3500.0,0.6
8,Zprime_2500GeV_045,0.852267582628,2500.0,0.45
9,Zprime_2000GeV_075,0.810744263302,2000.0,0.75
10,Zprime_2500GeV_060,0.827787547971,2500.0,0.6
11,Zprime_4000GeV_075,0.780835962149,4000.0,0.75
12,Zprime_4000GeV_030,0.876675120372,4000.0,0.3
13,Zprime_4000GeV_015,0.88974365533,4000.0,0.15
14,Zprime_3000GeV_030,0.870868135725,3000.0,0.3
15,Zprime_1500GeV_045,0.857327163057,1500.0,0.45
16,Zprime_3000GeV_075,0.791461688743,3000.0,0.75
17,Zprime_1500GeV_060,0.840617516799,1500.0,0.6
18,Zprime_3000GeV_015,0.888323751727,3000.0,0.15
19,Zprime_3500GeV_015,0.888173198305,3500.0,0.15
20,Zprime_3500GeV_030,0.873856037562,3500.0,0.3
21,Zprime_2000GeV_030,0.876329396342,2000.0,0.3
22,Zprime_2000GeV_015,0.888997817989,2000.0,0.15
23,Zprime_3500GeV_075,0.785648532842,3500.0,0.75
24,Zprime_3500GeV_045,0.849905789303,3500.0,0.45
25,Zprime_2500GeV_030,0.872195176015,2500.0,0.3
26,Zprime_2000GeV_060,0.835284483403,2000.0,0.6
27,Zprime_4000GeV_060,0.820719587291,4000.0,0.6
28,Zprime_2500GeV_075,0.798138945622,2500.0,0.75
29,Zprime_4000GeV_045,0.851256248492,4000.0,0.45
