,name,auc,mass,nu
0,Zprime_1500GeV_075,0.826678769841,1500.0,0.75
1,Zprime_1500GeV_015,0.897928807569,1500.0,0.15
2,Zprime_3000GeV_060,0.850578518235,3000.0,0.6
3,Zprime_1500GeV_030,0.887310085182,1500.0,0.3
4,Zprime_3000GeV_045,0.88236810377,3000.0,0.45
5,Zprime_2000GeV_045,0.882361804492,2000.0,0.45
6,Zprime_2500GeV_015,0.917544983616,2500.0,0.15
7,Zprime_3500GeV_060,0.847388565114,3500.0,0.6
8,Zprime_2500GeV_045,0.88239560506,2500.0,0.45
9,Zprime_2000GeV_075,0.825145388336,2000.0,0.75
10,Zprime_2500GeV_060,0.853896912482,2500.0,0.6
11,Zprime_4000GeV_075,0.79975002045,4000.0,0.75
12,Zprime_4000GeV_030,0.9078063668,4000.0,0.3
13,Zprime_4000GeV_015,0.919052087567,4000.0,0.15
14,Zprime_3000GeV_030,0.902876948499,3000.0,0.3
15,Zprime_1500GeV_045,0.869752354635,1500.0,0.45
16,Zprime_3000GeV_075,0.811247146678,3000.0,0.75
17,Zprime_1500GeV_060,0.848651737957,1500.0,0.6
18,Zprime_3000GeV_015,0.920019780645,3000.0,0.15
19,Zprime_3500GeV_015,0.920791384074,3500.0,0.15
20,Zprime_3500GeV_030,0.90693543314,3500.0,0.3
21,Zprime_2000GeV_030,0.903055520585,2000.0,0.3
22,Zprime_2000GeV_015,0.9162411766,2000.0,0.15
23,Zprime_3500GeV_075,0.806430154071,3500.0,0.75
24,Zprime_3500GeV_045,0.880497384033,3500.0,0.45
25,Zprime_2500GeV_030,0.902328354517,2500.0,0.3
26,Zprime_2000GeV_060,0.855583603346,2000.0,0.6
27,Zprime_4000GeV_060,0.847276068718,4000.0,0.6
28,Zprime_2500GeV_075,0.816716788112,2500.0,0.75
29,Zprime_4000GeV_045,0.879208712884,4000.0,0.45
