,name,auc,mass,nu
0,Zprime_1500GeV_075,0.74943197941,1500.0,0.75
1,Zprime_1500GeV_015,0.830609645139,1500.0,0.15
2,Zprime_3000GeV_060,0.760861597837,3000.0,0.6
3,Zprime_1500GeV_030,0.818574247912,1500.0,0.3
4,Zprime_3000GeV_045,0.790124471379,3000.0,0.45
5,Zprime_2000GeV_045,0.791803571352,2000.0,0.45
6,Zprime_2500GeV_015,0.823797163915,2500.0,0.15
7,Zprime_3500GeV_060,0.764793072048,3500.0,0.6
8,Zprime_2500GeV_045,0.785970170172,2500.0,0.45
9,Zprime_2000GeV_075,0.748207192591,2000.0,0.75
10,Zprime_2500GeV_060,0.76114121027,2500.0,0.6
11,Zprime_4000GeV_075,0.727812218461,4000.0,0.75
12,Zprime_4000GeV_030,0.825765976338,4000.0,0.3
13,Zprime_4000GeV_015,0.844474705557,4000.0,0.15
14,Zprime_3000GeV_030,0.812469019821,3000.0,0.3
15,Zprime_1500GeV_045,0.791986313338,1500.0,0.45
16,Zprime_3000GeV_075,0.728855418442,3000.0,0.75
17,Zprime_1500GeV_060,0.777128275426,1500.0,0.6
18,Zprime_3000GeV_015,0.83493220481,3000.0,0.15
19,Zprime_3500GeV_015,0.838857134819,3500.0,0.15
20,Zprime_3500GeV_030,0.82140414071,3500.0,0.3
21,Zprime_2000GeV_030,0.811688026932,2000.0,0.3
22,Zprime_2000GeV_015,0.824681555132,2000.0,0.15
23,Zprime_3500GeV_075,0.728614240037,3500.0,0.75
24,Zprime_3500GeV_045,0.793318572568,3500.0,0.45
25,Zprime_2500GeV_030,0.807109291562,2500.0,0.3
26,Zprime_2000GeV_060,0.769955773632,2000.0,0.6
27,Zprime_4000GeV_060,0.768856570453,4000.0,0.6
28,Zprime_2500GeV_075,0.730430610399,2500.0,0.75
29,Zprime_4000GeV_045,0.797958853556,4000.0,0.45
