,name,auc,mass,nu
0,Zprime_1500GeV_075,0.805334037333,1500.0,0.75
1,Zprime_1500GeV_015,0.874770904296,1500.0,0.15
2,Zprime_3000GeV_060,0.811221740065,3000.0,0.6
3,Zprime_1500GeV_030,0.864498595051,1500.0,0.3
4,Zprime_3000GeV_045,0.841500745486,3000.0,0.45
5,Zprime_2000GeV_045,0.847695340475,2000.0,0.45
6,Zprime_2500GeV_015,0.877969930552,2500.0,0.15
7,Zprime_3500GeV_060,0.810345425471,3500.0,0.6
8,Zprime_2500GeV_045,0.842678526846,2500.0,0.45
9,Zprime_2000GeV_075,0.799504786083,2000.0,0.75
10,Zprime_2500GeV_060,0.817478720298,2500.0,0.6
11,Zprime_4000GeV_075,0.7698307221,4000.0,0.75
12,Zprime_4000GeV_030,0.869534051168,4000.0,0.3
13,Zprime_4000GeV_015,0.884661633493,4000.0,0.15
14,Zprime_3000GeV_030,0.862770532861,3000.0,0.3
15,Zprime_1500GeV_045,0.848838600643,1500.0,0.45
16,Zprime_3000GeV_075,0.780825383743,3000.0,0.75
17,Zprime_1500GeV_060,0.832481886368,1500.0,0.6
18,Zprime_3000GeV_015,0.880053423732,3000.0,0.15
19,Zprime_3500GeV_015,0.881251994222,3500.0,0.15
20,Zprime_3500GeV_030,0.865737757497,3500.0,0.3
21,Zprime_2000GeV_030,0.867279194403,2000.0,0.3
22,Zprime_2000GeV_015,0.87961989579,2000.0,0.15
23,Zprime_3500GeV_075,0.775254971153,3500.0,0.75
24,Zprime_3500GeV_045,0.841764912583,3500.0,0.45
25,Zprime_2500GeV_030,0.86322352718,2500.0,0.3
26,Zprime_2000GeV_060,0.824837851138,2000.0,0.6
27,Zprime_4000GeV_060,0.811508798199,4000.0,0.6
28,Zprime_2500GeV_075,0.786698912681,2500.0,0.75
29,Zprime_4000GeV_045,0.843378018604,4000.0,0.45
