,name,auc,mass,nu
0,Zprime_1500GeV_075,0.816940127796,1500.0,0.75
1,Zprime_1500GeV_015,0.880516879775,1500.0,0.15
2,Zprime_3000GeV_060,0.81770298135,3000.0,0.6
3,Zprime_1500GeV_030,0.872806571221,1500.0,0.3
4,Zprime_3000GeV_045,0.846051756144,3000.0,0.45
5,Zprime_2000GeV_045,0.853103491545,2000.0,0.45
6,Zprime_2500GeV_015,0.881124048254,2500.0,0.15
7,Zprime_3500GeV_060,0.815427413575,3500.0,0.6
8,Zprime_2500GeV_045,0.847148525529,2500.0,0.45
9,Zprime_2000GeV_075,0.811233081467,2000.0,0.75
10,Zprime_2500GeV_060,0.824002641862,2500.0,0.6
11,Zprime_4000GeV_075,0.777887609124,4000.0,0.75
12,Zprime_4000GeV_030,0.870824584267,4000.0,0.3
13,Zprime_4000GeV_015,0.883194619231,4000.0,0.15
14,Zprime_3000GeV_030,0.865324882255,3000.0,0.3
15,Zprime_1500GeV_045,0.858184002795,1500.0,0.45
16,Zprime_3000GeV_075,0.79001060961,3000.0,0.75
17,Zprime_1500GeV_060,0.841198117707,1500.0,0.6
18,Zprime_3000GeV_015,0.883183515091,3000.0,0.15
19,Zprime_3500GeV_015,0.88292867469,3500.0,0.15
20,Zprime_3500GeV_030,0.869162989731,3500.0,0.3
21,Zprime_2000GeV_030,0.871961273436,2000.0,0.3
22,Zprime_2000GeV_015,0.883360135744,2000.0,0.15
23,Zprime_3500GeV_075,0.783065017621,3500.0,0.75
24,Zprime_3500GeV_045,0.844180782293,3500.0,0.45
25,Zprime_2500GeV_030,0.866431560101,2500.0,0.3
26,Zprime_2000GeV_060,0.833400527233,2000.0,0.6
27,Zprime_4000GeV_060,0.815830825793,4000.0,0.6
28,Zprime_2500GeV_075,0.798259197201,2500.0,0.75
29,Zprime_4000GeV_045,0.845481486965,4000.0,0.45
