,name,auc,mass,nu
0,Zprime_1500GeV_075,0.78497573622,1500.0,0.75
1,Zprime_1500GeV_015,0.856003918892,1500.0,0.15
2,Zprime_3000GeV_060,0.794801741304,3000.0,0.6
3,Zprime_1500GeV_030,0.845510984892,1500.0,0.3
4,Zprime_3000GeV_045,0.825657663788,3000.0,0.45
5,Zprime_2000GeV_045,0.828526259776,2000.0,0.45
6,Zprime_2500GeV_015,0.864807033897,2500.0,0.15
7,Zprime_3500GeV_060,0.79451936916,3500.0,0.6
8,Zprime_2500GeV_045,0.825773699119,2500.0,0.45
9,Zprime_2000GeV_075,0.779692416236,2000.0,0.75
10,Zprime_2500GeV_060,0.797673449114,2500.0,0.6
11,Zprime_4000GeV_075,0.75280810166,4000.0,0.75
12,Zprime_4000GeV_030,0.852280164252,4000.0,0.3
13,Zprime_4000GeV_015,0.866778871175,4000.0,0.15
14,Zprime_3000GeV_030,0.846136259827,3000.0,0.3
15,Zprime_1500GeV_045,0.823997965334,1500.0,0.45
16,Zprime_3000GeV_075,0.763206946761,3000.0,0.75
17,Zprime_1500GeV_060,0.809864203584,1500.0,0.6
18,Zprime_3000GeV_015,0.865809197347,3000.0,0.15
19,Zprime_3500GeV_015,0.865646644595,3500.0,0.15
20,Zprime_3500GeV_030,0.850109245898,3500.0,0.3
21,Zprime_2000GeV_030,0.84947628738,2000.0,0.3
22,Zprime_2000GeV_015,0.862825526717,2000.0,0.15
23,Zprime_3500GeV_075,0.756771864257,3500.0,0.75
24,Zprime_3500GeV_045,0.822292458652,3500.0,0.45
25,Zprime_2500GeV_030,0.847386256172,2500.0,0.3
26,Zprime_2000GeV_060,0.803646376998,2000.0,0.6
27,Zprime_4000GeV_060,0.794706588401,4000.0,0.6
28,Zprime_2500GeV_075,0.766434177594,2500.0,0.75
29,Zprime_4000GeV_045,0.824037113657,4000.0,0.45
