,name,auc,mass,nu
0,Zprime_1500GeV_075,0.740809994166,1500.0,0.75
1,Zprime_1500GeV_015,0.834447661855,1500.0,0.15
2,Zprime_3000GeV_060,0.771780618131,3000.0,0.6
3,Zprime_1500GeV_030,0.819389045301,1500.0,0.3
4,Zprime_3000GeV_045,0.80744338838,3000.0,0.45
5,Zprime_2000GeV_045,0.812739445493,2000.0,0.45
6,Zprime_2500GeV_015,0.855519426993,2500.0,0.15
7,Zprime_3500GeV_060,0.768604837212,3500.0,0.6
8,Zprime_2500GeV_045,0.811751012757,2500.0,0.45
9,Zprime_2000GeV_075,0.742300347094,2000.0,0.75
10,Zprime_2500GeV_060,0.777987702404,2500.0,0.6
11,Zprime_4000GeV_075,0.719941310337,4000.0,0.75
12,Zprime_4000GeV_030,0.829549569378,4000.0,0.3
13,Zprime_4000GeV_015,0.842648415188,4000.0,0.15
14,Zprime_3000GeV_030,0.831585613637,3000.0,0.3
15,Zprime_1500GeV_045,0.794332453178,1500.0,0.45
16,Zprime_3000GeV_075,0.729845995482,3000.0,0.75
17,Zprime_1500GeV_060,0.769197205091,1500.0,0.6
18,Zprime_3000GeV_015,0.852064901417,3000.0,0.15
19,Zprime_3500GeV_015,0.846381230565,3500.0,0.15
20,Zprime_3500GeV_030,0.830896906545,3500.0,0.3
21,Zprime_2000GeV_030,0.838072409424,2000.0,0.3
22,Zprime_2000GeV_015,0.858151933135,2000.0,0.15
23,Zprime_3500GeV_075,0.726507279068,3500.0,0.75
24,Zprime_3500GeV_045,0.804924581847,3500.0,0.45
25,Zprime_2500GeV_030,0.835882435532,2500.0,0.3
26,Zprime_2000GeV_060,0.780648280636,2000.0,0.6
27,Zprime_4000GeV_060,0.767459863737,4000.0,0.6
28,Zprime_2500GeV_075,0.73313977356,2500.0,0.75
29,Zprime_4000GeV_045,0.800544282826,4000.0,0.45
