,name,auc,mass,nu
0,Zprime_1500GeV_075,0.767552312923,1500.0,0.75
1,Zprime_1500GeV_015,0.855805282344,1500.0,0.15
2,Zprime_3000GeV_060,0.804800163558,3000.0,0.6
3,Zprime_1500GeV_030,0.841364994265,1500.0,0.3
4,Zprime_3000GeV_045,0.84055026932,3000.0,0.45
5,Zprime_2000GeV_045,0.837276865817,2000.0,0.45
6,Zprime_2500GeV_015,0.884987150584,2500.0,0.15
7,Zprime_3500GeV_060,0.804752433218,3500.0,0.6
8,Zprime_2500GeV_045,0.838885618277,2500.0,0.45
9,Zprime_2000GeV_075,0.772137835325,2000.0,0.75
10,Zprime_2500GeV_060,0.80522287567,2500.0,0.6
11,Zprime_4000GeV_075,0.757560106016,4000.0,0.75
12,Zprime_4000GeV_030,0.873019284723,4000.0,0.3
13,Zprime_4000GeV_015,0.890345354563,4000.0,0.15
14,Zprime_3000GeV_030,0.865498445858,3000.0,0.3
15,Zprime_1500GeV_045,0.817138971572,1500.0,0.45
16,Zprime_3000GeV_075,0.766109017816,3000.0,0.75
17,Zprime_1500GeV_060,0.793612633349,1500.0,0.6
18,Zprime_3000GeV_015,0.888760707344,3000.0,0.15
19,Zprime_3500GeV_015,0.888583408548,3500.0,0.15
20,Zprime_3500GeV_030,0.870558560264,3500.0,0.3
21,Zprime_2000GeV_030,0.860759708161,2000.0,0.3
22,Zprime_2000GeV_015,0.880479978745,2000.0,0.15
23,Zprime_3500GeV_075,0.762660281216,3500.0,0.75
24,Zprime_3500GeV_045,0.84077664597,3500.0,0.45
25,Zprime_2500GeV_030,0.863522221411,2500.0,0.3
26,Zprime_2000GeV_060,0.803837706101,2000.0,0.6
27,Zprime_4000GeV_060,0.806967807455,4000.0,0.6
28,Zprime_2500GeV_075,0.764200835638,2500.0,0.75
29,Zprime_4000GeV_045,0.841735812309,4000.0,0.45
