,name,auc,mass,nu
0,Zprime_1500GeV_075,0.731440404564,1500.0,0.75
1,Zprime_1500GeV_015,0.790182985944,1500.0,0.15
2,Zprime_3000GeV_060,0.735284131594,3000.0,0.6
3,Zprime_1500GeV_030,0.78173352399,1500.0,0.3
4,Zprime_3000GeV_045,0.756760608514,3000.0,0.45
5,Zprime_2000GeV_045,0.752708655459,2000.0,0.45
6,Zprime_2500GeV_015,0.776458072825,2500.0,0.15
7,Zprime_3500GeV_060,0.740501703024,3500.0,0.6
8,Zprime_2500GeV_045,0.75060817401,2500.0,0.45
9,Zprime_2000GeV_075,0.722407798688,2000.0,0.75
10,Zprime_2500GeV_060,0.732818458835,2500.0,0.6
11,Zprime_4000GeV_075,0.716812958405,4000.0,0.75
12,Zprime_4000GeV_030,0.790156912678,4000.0,0.3
13,Zprime_4000GeV_015,0.801637131985,4000.0,0.15
14,Zprime_3000GeV_030,0.774546961816,3000.0,0.3
15,Zprime_1500GeV_045,0.761475394205,1500.0,0.45
16,Zprime_3000GeV_075,0.714371226572,3000.0,0.75
17,Zprime_1500GeV_060,0.748042930537,1500.0,0.6
18,Zprime_3000GeV_015,0.789833261,3000.0,0.15
19,Zprime_3500GeV_015,0.797286524222,3500.0,0.15
20,Zprime_3500GeV_030,0.784555792357,3500.0,0.3
21,Zprime_2000GeV_030,0.768608859034,2000.0,0.3
22,Zprime_2000GeV_015,0.778542509413,2000.0,0.15
23,Zprime_3500GeV_075,0.715109416491,3500.0,0.75
24,Zprime_3500GeV_045,0.764931709013,3500.0,0.45
25,Zprime_2500GeV_030,0.764070641328,2500.0,0.3
26,Zprime_2000GeV_060,0.736303851978,2000.0,0.6
27,Zprime_4000GeV_060,0.745960398583,4000.0,0.6
28,Zprime_2500GeV_075,0.712783963216,2500.0,0.75
29,Zprime_4000GeV_045,0.769318921789,4000.0,0.45
