,name,auc,mass,nu
0,Zprime_1500GeV_075,0.733770082594,1500.0,0.75
1,Zprime_1500GeV_015,0.829112442537,1500.0,0.15
2,Zprime_3000GeV_060,0.754197240928,3000.0,0.6
3,Zprime_1500GeV_030,0.814702150258,1500.0,0.3
4,Zprime_3000GeV_045,0.786673331609,3000.0,0.45
5,Zprime_2000GeV_045,0.79050327344,2000.0,0.45
6,Zprime_2500GeV_015,0.829780459815,2500.0,0.15
7,Zprime_3500GeV_060,0.75695928927,3500.0,0.6
8,Zprime_2500GeV_045,0.786594910289,2500.0,0.45
9,Zprime_2000GeV_075,0.732756527095,2000.0,0.75
10,Zprime_2500GeV_060,0.756517272954,2500.0,0.6
11,Zprime_4000GeV_075,0.716551202926,4000.0,0.75
12,Zprime_4000GeV_030,0.821353644271,4000.0,0.3
13,Zprime_4000GeV_015,0.840618219557,4000.0,0.15
14,Zprime_3000GeV_030,0.809798372109,3000.0,0.3
15,Zprime_1500GeV_045,0.786560999293,1500.0,0.45
16,Zprime_3000GeV_075,0.720231234093,3000.0,0.75
17,Zprime_1500GeV_060,0.769387057183,1500.0,0.6
18,Zprime_3000GeV_015,0.831695890716,3000.0,0.15
19,Zprime_3500GeV_015,0.833368793054,3500.0,0.15
20,Zprime_3500GeV_030,0.816492680222,3500.0,0.3
21,Zprime_2000GeV_030,0.814987417259,2000.0,0.3
22,Zprime_2000GeV_015,0.832045876945,2000.0,0.15
23,Zprime_3500GeV_075,0.718050411168,3500.0,0.75
24,Zprime_3500GeV_045,0.786953264064,3500.0,0.45
25,Zprime_2500GeV_030,0.811426334573,2500.0,0.3
26,Zprime_2000GeV_060,0.761411697451,2000.0,0.6
27,Zprime_4000GeV_060,0.758975399909,4000.0,0.6
28,Zprime_2500GeV_075,0.721340507162,2500.0,0.75
29,Zprime_4000GeV_045,0.789899599962,4000.0,0.45
