,name,auc,mass,nu
0,Zprime_1500GeV_075,0.733059788391,1500.0,0.75
1,Zprime_1500GeV_015,0.825830165705,1500.0,0.15
2,Zprime_3000GeV_060,0.765401031202,3000.0,0.6
3,Zprime_1500GeV_030,0.811001081277,1500.0,0.3
4,Zprime_3000GeV_045,0.800572598707,3000.0,0.45
5,Zprime_2000GeV_045,0.805833225826,2000.0,0.45
6,Zprime_2500GeV_015,0.849907544393,2500.0,0.15
7,Zprime_3500GeV_060,0.760977670462,3500.0,0.6
8,Zprime_2500GeV_045,0.804987002795,2500.0,0.45
9,Zprime_2000GeV_075,0.735890829986,2000.0,0.75
10,Zprime_2500GeV_060,0.770228846093,2500.0,0.6
11,Zprime_4000GeV_075,0.70817629336,4000.0,0.75
12,Zprime_4000GeV_030,0.824966300983,4000.0,0.3
13,Zprime_4000GeV_015,0.838109074378,4000.0,0.15
14,Zprime_3000GeV_030,0.826121461795,3000.0,0.3
15,Zprime_1500GeV_045,0.785315514262,1500.0,0.45
16,Zprime_3000GeV_075,0.722630533894,3000.0,0.75
17,Zprime_1500GeV_060,0.7621618293,1500.0,0.6
18,Zprime_3000GeV_015,0.84853230558,3000.0,0.15
19,Zprime_3500GeV_015,0.842860666025,3500.0,0.15
20,Zprime_3500GeV_030,0.82628110425,3500.0,0.3
21,Zprime_2000GeV_030,0.83152059645,2000.0,0.3
22,Zprime_2000GeV_015,0.850777409713,2000.0,0.15
23,Zprime_3500GeV_075,0.716154203741,3500.0,0.75
24,Zprime_3500GeV_045,0.797512056301,3500.0,0.45
25,Zprime_2500GeV_030,0.830652885272,2500.0,0.3
26,Zprime_2000GeV_060,0.772709480138,2000.0,0.6
27,Zprime_4000GeV_060,0.758400097799,4000.0,0.6
28,Zprime_2500GeV_075,0.727159651931,2500.0,0.75
29,Zprime_4000GeV_045,0.792586379876,4000.0,0.45
