,name,auc,mass,nu
0,Zprime_1500GeV_075,0.761713214741,1500.0,0.75
1,Zprime_1500GeV_015,0.836134884881,1500.0,0.15
2,Zprime_3000GeV_060,0.787311447935,3000.0,0.6
3,Zprime_1500GeV_030,0.826022590451,1500.0,0.3
4,Zprime_3000GeV_045,0.819826481293,3000.0,0.45
5,Zprime_2000GeV_045,0.817328394858,2000.0,0.45
6,Zprime_2500GeV_015,0.855606865183,2500.0,0.15
7,Zprime_3500GeV_060,0.787909305638,3500.0,0.6
8,Zprime_2500GeV_045,0.817460498766,2500.0,0.45
9,Zprime_2000GeV_075,0.762513382707,2000.0,0.75
10,Zprime_2500GeV_060,0.788986427846,2500.0,0.6
11,Zprime_4000GeV_075,0.744724718149,4000.0,0.75
12,Zprime_4000GeV_030,0.850244633546,4000.0,0.3
13,Zprime_4000GeV_015,0.866670922935,4000.0,0.15
14,Zprime_3000GeV_030,0.841702522274,3000.0,0.3
15,Zprime_1500GeV_045,0.803910740682,1500.0,0.45
16,Zprime_3000GeV_075,0.750991534185,3000.0,0.75
17,Zprime_1500GeV_060,0.783760821994,1500.0,0.6
18,Zprime_3000GeV_015,0.860696961542,3000.0,0.15
19,Zprime_3500GeV_015,0.865047996178,3500.0,0.15
20,Zprime_3500GeV_030,0.84856946403,3500.0,0.3
21,Zprime_2000GeV_030,0.838197565083,2000.0,0.3
22,Zprime_2000GeV_015,0.852853115196,2000.0,0.15
23,Zprime_3500GeV_075,0.748372261472,3500.0,0.75
24,Zprime_3500GeV_045,0.820255531133,3500.0,0.45
25,Zprime_2500GeV_030,0.838394951489,2500.0,0.3
26,Zprime_2000GeV_060,0.789686426931,2000.0,0.6
27,Zprime_4000GeV_060,0.789693288569,4000.0,0.6
28,Zprime_2500GeV_075,0.754310841788,2500.0,0.75
29,Zprime_4000GeV_045,0.823067266434,4000.0,0.45
