,name,auc,mass,nu
0,Zprime_1500GeV_075,0.726700849351,1500.0,0.75
1,Zprime_1500GeV_015,0.825300274188,1500.0,0.15
2,Zprime_3000GeV_060,0.753370591169,3000.0,0.6
3,Zprime_1500GeV_030,0.809390191515,1500.0,0.3
4,Zprime_3000GeV_045,0.784823884571,3000.0,0.45
5,Zprime_2000GeV_045,0.790923027935,2000.0,0.45
6,Zprime_2500GeV_015,0.832552567371,2500.0,0.15
7,Zprime_3500GeV_060,0.754791867763,3500.0,0.6
8,Zprime_2500GeV_045,0.787600658197,2500.0,0.45
9,Zprime_2000GeV_075,0.730768877216,2000.0,0.75
10,Zprime_2500GeV_060,0.758677705908,2500.0,0.6
11,Zprime_4000GeV_075,0.715683839571,4000.0,0.75
12,Zprime_4000GeV_030,0.817324384976,4000.0,0.3
13,Zprime_4000GeV_015,0.835744990188,4000.0,0.15
14,Zprime_3000GeV_030,0.808278444844,3000.0,0.3
15,Zprime_1500GeV_045,0.782238592311,1500.0,0.45
16,Zprime_3000GeV_075,0.719685916781,3000.0,0.75
17,Zprime_1500GeV_060,0.76374195301,1500.0,0.6
18,Zprime_3000GeV_015,0.830478994723,3000.0,0.15
19,Zprime_3500GeV_015,0.828918148432,3500.0,0.15
20,Zprime_3500GeV_030,0.811742097035,3500.0,0.3
21,Zprime_2000GeV_030,0.816211053981,2000.0,0.3
22,Zprime_2000GeV_015,0.833304482834,2000.0,0.15
23,Zprime_3500GeV_075,0.717785812583,3500.0,0.75
24,Zprime_3500GeV_045,0.783227896097,3500.0,0.45
25,Zprime_2500GeV_030,0.811565159755,2500.0,0.3
26,Zprime_2000GeV_060,0.761373814294,2000.0,0.6
27,Zprime_4000GeV_060,0.75846336534,4000.0,0.6
28,Zprime_2500GeV_075,0.720280461017,2500.0,0.75
29,Zprime_4000GeV_045,0.787937609222,4000.0,0.45
