,name,auc,mass,nu
0,Zprime_1500GeV_075,0.782240530602,1500.0,0.75
1,Zprime_1500GeV_015,0.85679675074,1500.0,0.15
2,Zprime_3000GeV_060,0.809605601614,3000.0,0.6
3,Zprime_1500GeV_030,0.842984542505,1500.0,0.3
4,Zprime_3000GeV_045,0.838354265688,3000.0,0.45
5,Zprime_2000GeV_045,0.841449063421,2000.0,0.45
6,Zprime_2500GeV_015,0.876207288888,2500.0,0.15
7,Zprime_3500GeV_060,0.80717204769,3500.0,0.6
8,Zprime_2500GeV_045,0.837864034316,2500.0,0.45
9,Zprime_2000GeV_075,0.788668756836,2000.0,0.75
10,Zprime_2500GeV_060,0.80947964916,2500.0,0.6
11,Zprime_4000GeV_075,0.767669420537,4000.0,0.75
12,Zprime_4000GeV_030,0.871319999376,4000.0,0.3
13,Zprime_4000GeV_015,0.886057028929,4000.0,0.15
14,Zprime_3000GeV_030,0.860881379539,3000.0,0.3
15,Zprime_1500GeV_045,0.821955408702,1500.0,0.45
16,Zprime_3000GeV_075,0.776763150367,3000.0,0.75
17,Zprime_1500GeV_060,0.806770934904,1500.0,0.6
18,Zprime_3000GeV_015,0.881428362909,3000.0,0.15
19,Zprime_3500GeV_015,0.88319198483,3500.0,0.15
20,Zprime_3500GeV_030,0.867081109695,3500.0,0.3
21,Zprime_2000GeV_030,0.859750277961,2000.0,0.3
22,Zprime_2000GeV_015,0.875234650372,2000.0,0.15
23,Zprime_3500GeV_075,0.774138464263,3500.0,0.75
24,Zprime_3500GeV_045,0.839605450065,3500.0,0.45
25,Zprime_2500GeV_030,0.858523929393,2500.0,0.3
26,Zprime_2000GeV_060,0.814041974042,2000.0,0.6
27,Zprime_4000GeV_060,0.810183327094,4000.0,0.6
28,Zprime_2500GeV_075,0.778971934836,2500.0,0.75
29,Zprime_4000GeV_045,0.842904621046,4000.0,0.45
