,name,auc,mass,nu
0,Zprime_1500GeV_075,0.787185351245,1500.0,0.75
1,Zprime_1500GeV_015,0.866378964255,1500.0,0.15
2,Zprime_3000GeV_060,0.800850768069,3000.0,0.6
3,Zprime_1500GeV_030,0.855813463063,1500.0,0.3
4,Zprime_3000GeV_045,0.830558769868,3000.0,0.45
5,Zprime_2000GeV_045,0.838545256409,2000.0,0.45
6,Zprime_2500GeV_015,0.870423555048,2500.0,0.15
7,Zprime_3500GeV_060,0.798260462399,3500.0,0.6
8,Zprime_2500GeV_045,0.83279966719,2500.0,0.45
9,Zprime_2000GeV_075,0.788622259825,2000.0,0.75
10,Zprime_2500GeV_060,0.807126264592,2500.0,0.6
11,Zprime_4000GeV_075,0.757099539686,4000.0,0.75
12,Zprime_4000GeV_030,0.854572185858,4000.0,0.3
13,Zprime_4000GeV_015,0.868143438287,4000.0,0.15
14,Zprime_3000GeV_030,0.851286543252,3000.0,0.3
15,Zprime_1500GeV_045,0.833831660728,1500.0,0.45
16,Zprime_3000GeV_075,0.770089963043,3000.0,0.75
17,Zprime_1500GeV_060,0.817218772498,1500.0,0.6
18,Zprime_3000GeV_015,0.869544171845,3000.0,0.15
19,Zprime_3500GeV_015,0.866739446626,3500.0,0.15
20,Zprime_3500GeV_030,0.853678187613,3500.0,0.3
21,Zprime_2000GeV_030,0.858453673976,2000.0,0.3
22,Zprime_2000GeV_015,0.870876581785,2000.0,0.15
23,Zprime_3500GeV_075,0.764217639923,3500.0,0.75
24,Zprime_3500GeV_045,0.826991624599,3500.0,0.45
25,Zprime_2500GeV_030,0.853674869079,2500.0,0.3
26,Zprime_2000GeV_060,0.814436964319,2000.0,0.6
27,Zprime_4000GeV_060,0.799101748581,4000.0,0.6
28,Zprime_2500GeV_075,0.775428279047,2500.0,0.75
29,Zprime_4000GeV_045,0.826493428939,4000.0,0.45
