,name,auc,mass,nu
0,Zprime_1500GeV_075,0.803772144409,1500.0,0.75
1,Zprime_1500GeV_015,0.867975857719,1500.0,0.15
2,Zprime_3000GeV_060,0.809542528866,3000.0,0.6
3,Zprime_1500GeV_030,0.858569198089,1500.0,0.3
4,Zprime_3000GeV_045,0.838237498756,3000.0,0.45
5,Zprime_2000GeV_045,0.844004809329,2000.0,0.45
6,Zprime_2500GeV_015,0.873954782491,2500.0,0.15
7,Zprime_3500GeV_060,0.808541881005,3500.0,0.6
8,Zprime_2500GeV_045,0.838885885558,2500.0,0.45
9,Zprime_2000GeV_075,0.798129768968,2000.0,0.75
10,Zprime_2500GeV_060,0.815079659233,2500.0,0.6
11,Zprime_4000GeV_075,0.771003934239,4000.0,0.75
12,Zprime_4000GeV_030,0.866497100321,4000.0,0.3
13,Zprime_4000GeV_015,0.880765493942,4000.0,0.15
14,Zprime_3000GeV_030,0.858725467619,3000.0,0.3
15,Zprime_1500GeV_045,0.847410271458,1500.0,0.45
16,Zprime_3000GeV_075,0.781362895638,3000.0,0.75
17,Zprime_1500GeV_060,0.831267587458,1500.0,0.6
18,Zprime_3000GeV_015,0.875824843212,3000.0,0.15
19,Zprime_3500GeV_015,0.878048662177,3500.0,0.15
20,Zprime_3500GeV_030,0.86307707228,3500.0,0.3
21,Zprime_2000GeV_030,0.861403805223,2000.0,0.3
22,Zprime_2000GeV_015,0.873175258455,2000.0,0.15
23,Zprime_3500GeV_075,0.776501276423,3500.0,0.75
24,Zprime_3500GeV_045,0.839286584775,3500.0,0.45
25,Zprime_2500GeV_030,0.858267076766,2500.0,0.3
26,Zprime_2000GeV_060,0.822012186195,2000.0,0.6
27,Zprime_4000GeV_060,0.810059724014,4000.0,0.6
28,Zprime_2500GeV_075,0.787086989995,2500.0,0.75
29,Zprime_4000GeV_045,0.841186862676,4000.0,0.45
