,name,auc,mass,nu
0,Zprime_1500GeV_075,0.763577583147,1500.0,0.75
1,Zprime_1500GeV_015,0.854956687452,1500.0,0.15
2,Zprime_3000GeV_060,0.793342575145,3000.0,0.6
3,Zprime_1500GeV_030,0.843807805539,1500.0,0.3
4,Zprime_3000GeV_045,0.823834568295,3000.0,0.45
5,Zprime_2000GeV_045,0.834825267759,2000.0,0.45
6,Zprime_2500GeV_015,0.871447166633,2500.0,0.15
7,Zprime_3500GeV_060,0.78885905099,3500.0,0.6
8,Zprime_2500GeV_045,0.83000214809,2500.0,0.45
9,Zprime_2000GeV_075,0.772968092297,2000.0,0.75
10,Zprime_2500GeV_060,0.799752712037,2500.0,0.6
11,Zprime_4000GeV_075,0.746037588153,4000.0,0.75
12,Zprime_4000GeV_030,0.842233595265,4000.0,0.3
13,Zprime_4000GeV_015,0.857434493371,4000.0,0.15
14,Zprime_3000GeV_030,0.845393438986,3000.0,0.3
15,Zprime_1500GeV_045,0.817294628619,1500.0,0.45
16,Zprime_3000GeV_075,0.759186566742,3000.0,0.75
17,Zprime_1500GeV_060,0.794850002782,1500.0,0.6
18,Zprime_3000GeV_015,0.865168092742,3000.0,0.15
19,Zprime_3500GeV_015,0.858021572892,3500.0,0.15
20,Zprime_3500GeV_030,0.843285822262,3500.0,0.3
21,Zprime_2000GeV_030,0.85822659605,2000.0,0.3
22,Zprime_2000GeV_015,0.875492051777,2000.0,0.15
23,Zprime_3500GeV_075,0.753486764331,3500.0,0.75
24,Zprime_3500GeV_045,0.818979939672,3500.0,0.45
25,Zprime_2500GeV_030,0.85129867036,2500.0,0.3
26,Zprime_2000GeV_060,0.803193633477,2000.0,0.6
27,Zprime_4000GeV_060,0.787037095605,4000.0,0.6
28,Zprime_2500GeV_075,0.76124617227,2500.0,0.75
29,Zprime_4000GeV_045,0.81664814214,4000.0,0.45
