,name,auc,mass,nu
0,Zprime_1500GeV_075,0.812467820155,1500.0,0.75
1,Zprime_1500GeV_015,0.881709677107,1500.0,0.15
2,Zprime_3000GeV_060,0.820888525499,3000.0,0.6
3,Zprime_1500GeV_030,0.871099127443,1500.0,0.3
4,Zprime_3000GeV_045,0.848470400182,3000.0,0.45
5,Zprime_2000GeV_045,0.857395500803,2000.0,0.45
6,Zprime_2500GeV_015,0.883470963742,2500.0,0.15
7,Zprime_3500GeV_060,0.819670045428,3500.0,0.6
8,Zprime_2500GeV_045,0.850693165398,2500.0,0.45
9,Zprime_2000GeV_075,0.81280123138,2000.0,0.75
10,Zprime_2500GeV_060,0.827458774935,2500.0,0.6
11,Zprime_4000GeV_075,0.781073499501,4000.0,0.75
12,Zprime_4000GeV_030,0.875930567145,4000.0,0.3
13,Zprime_4000GeV_015,0.889885370647,4000.0,0.15
14,Zprime_3000GeV_030,0.868316940706,3000.0,0.3
15,Zprime_1500GeV_045,0.858099057378,1500.0,0.45
16,Zprime_3000GeV_075,0.792247894705,3000.0,0.75
17,Zprime_1500GeV_060,0.839011106211,1500.0,0.6
18,Zprime_3000GeV_015,0.884647935458,3000.0,0.15
19,Zprime_3500GeV_015,0.886971921852,3500.0,0.15
20,Zprime_3500GeV_030,0.871703911073,3500.0,0.3
21,Zprime_2000GeV_030,0.875327952084,2000.0,0.3
22,Zprime_2000GeV_015,0.88720937028,2000.0,0.15
23,Zprime_3500GeV_075,0.785725236024,3500.0,0.75
24,Zprime_3500GeV_045,0.849257258586,3500.0,0.45
25,Zprime_2500GeV_030,0.869062003053,2500.0,0.3
26,Zprime_2000GeV_060,0.835421470528,2000.0,0.6
27,Zprime_4000GeV_060,0.820420848533,4000.0,0.6
28,Zprime_2500GeV_075,0.799680165994,2500.0,0.75
29,Zprime_4000GeV_045,0.850401832511,4000.0,0.45
