,name,auc,mass,nu
0,Zprime_1500GeV_075,0.79979812181,1500.0,0.75
1,Zprime_1500GeV_015,0.871189694596,1500.0,0.15
2,Zprime_3000GeV_060,0.80873761341,3000.0,0.6
3,Zprime_1500GeV_030,0.85968355471,1500.0,0.3
4,Zprime_3000GeV_045,0.836816089808,3000.0,0.45
5,Zprime_2000GeV_045,0.84642560364,2000.0,0.45
6,Zprime_2500GeV_015,0.87397769095,2500.0,0.15
7,Zprime_3500GeV_060,0.80773514139,3500.0,0.6
8,Zprime_2500GeV_045,0.839438300423,2500.0,0.45
9,Zprime_2000GeV_075,0.798838680869,2000.0,0.75
10,Zprime_2500GeV_060,0.815685271623,2500.0,0.6
11,Zprime_4000GeV_075,0.769045582239,4000.0,0.75
12,Zprime_4000GeV_030,0.864205025541,4000.0,0.3
13,Zprime_4000GeV_015,0.878416463573,4000.0,0.15
14,Zprime_3000GeV_030,0.857586807183,3000.0,0.3
15,Zprime_1500GeV_045,0.846750692585,1500.0,0.45
16,Zprime_3000GeV_075,0.779293239479,3000.0,0.75
17,Zprime_1500GeV_060,0.828276531146,1500.0,0.6
18,Zprime_3000GeV_015,0.874662220514,3000.0,0.15
19,Zprime_3500GeV_015,0.876334794278,3500.0,0.15
20,Zprime_3500GeV_030,0.860907034842,3500.0,0.3
21,Zprime_2000GeV_030,0.864163700212,2000.0,0.3
22,Zprime_2000GeV_015,0.87722015557,2000.0,0.15
23,Zprime_3500GeV_075,0.773353664671,3500.0,0.75
24,Zprime_3500GeV_045,0.837399087136,3500.0,0.45
25,Zprime_2500GeV_030,0.85893569833,2500.0,0.3
26,Zprime_2000GeV_060,0.823004678282,2000.0,0.6
27,Zprime_4000GeV_060,0.808435464996,4000.0,0.6
28,Zprime_2500GeV_075,0.784507713181,2500.0,0.75
29,Zprime_4000GeV_045,0.839273288736,4000.0,0.45
