,name,auc,mass,nu
0,Zprime_1500GeV_075,0.792367298295,1500.0,0.75
1,Zprime_1500GeV_015,0.867754493238,1500.0,0.15
2,Zprime_3000GeV_060,0.801847596512,3000.0,0.6
3,Zprime_1500GeV_030,0.857609928367,1500.0,0.3
4,Zprime_3000GeV_045,0.833087832527,3000.0,0.45
5,Zprime_2000GeV_045,0.83616145972,2000.0,0.45
6,Zprime_2500GeV_015,0.87276523047,2500.0,0.15
7,Zprime_3500GeV_060,0.801578663511,3500.0,0.6
8,Zprime_2500GeV_045,0.833207316399,2500.0,0.45
9,Zprime_2000GeV_075,0.788017239507,2000.0,0.75
10,Zprime_2500GeV_060,0.805600861571,2500.0,0.6
11,Zprime_4000GeV_075,0.759406748038,4000.0,0.75
12,Zprime_4000GeV_030,0.862858006789,4000.0,0.3
13,Zprime_4000GeV_015,0.878177549822,4000.0,0.15
14,Zprime_3000GeV_030,0.855378877491,3000.0,0.3
15,Zprime_1500GeV_045,0.836077603847,1500.0,0.45
16,Zprime_3000GeV_075,0.769613919887,3000.0,0.75
17,Zprime_1500GeV_060,0.821691063273,1500.0,0.6
18,Zprime_3000GeV_015,0.874206093098,3000.0,0.15
19,Zprime_3500GeV_015,0.875362286322,3500.0,0.15
20,Zprime_3500GeV_030,0.859456825643,3500.0,0.3
21,Zprime_2000GeV_030,0.857478929935,2000.0,0.3
22,Zprime_2000GeV_015,0.871126171727,2000.0,0.15
23,Zprime_3500GeV_075,0.763390209036,3500.0,0.75
24,Zprime_3500GeV_045,0.830629386845,3500.0,0.45
25,Zprime_2500GeV_030,0.855063427436,2500.0,0.3
26,Zprime_2000GeV_060,0.812626351999,2000.0,0.6
27,Zprime_4000GeV_060,0.803576141546,4000.0,0.6
28,Zprime_2500GeV_075,0.776858382233,2500.0,0.75
29,Zprime_4000GeV_045,0.833117190832,4000.0,0.45
