,name,auc,mass,nu
0,Zprime_1500GeV_075,0.796128617651,1500.0,0.75
1,Zprime_1500GeV_015,0.870132775841,1500.0,0.15
2,Zprime_3000GeV_060,0.810629483034,3000.0,0.6
3,Zprime_1500GeV_030,0.860231340658,1500.0,0.3
4,Zprime_3000GeV_045,0.839835588559,3000.0,0.45
5,Zprime_2000GeV_045,0.847329830542,2000.0,0.45
6,Zprime_2500GeV_015,0.876678230146,2500.0,0.15
7,Zprime_3500GeV_060,0.809814399462,3500.0,0.6
8,Zprime_2500GeV_045,0.841166336314,2500.0,0.45
9,Zprime_2000GeV_075,0.796794625686,2000.0,0.75
10,Zprime_2500GeV_060,0.817068765542,2500.0,0.6
11,Zprime_4000GeV_075,0.769781720475,4000.0,0.75
12,Zprime_4000GeV_030,0.870023665028,4000.0,0.3
13,Zprime_4000GeV_015,0.884323410226,4000.0,0.15
14,Zprime_3000GeV_030,0.86076808556,3000.0,0.3
15,Zprime_1500GeV_045,0.844922010961,1500.0,0.45
16,Zprime_3000GeV_075,0.77925259899,3000.0,0.75
17,Zprime_1500GeV_060,0.827749419835,1500.0,0.6
18,Zprime_3000GeV_015,0.877899330205,3000.0,0.15
19,Zprime_3500GeV_015,0.880957997569,3500.0,0.15
20,Zprime_3500GeV_030,0.865691708255,3500.0,0.3
21,Zprime_2000GeV_030,0.86666997659,2000.0,0.3
22,Zprime_2000GeV_015,0.879271206782,2000.0,0.15
23,Zprime_3500GeV_075,0.774470515162,3500.0,0.75
24,Zprime_3500GeV_045,0.840972507462,3500.0,0.45
25,Zprime_2500GeV_030,0.861421724569,2500.0,0.3
26,Zprime_2000GeV_060,0.822943438713,2000.0,0.6
27,Zprime_4000GeV_060,0.811967227805,4000.0,0.6
28,Zprime_2500GeV_075,0.784798431985,2500.0,0.75
29,Zprime_4000GeV_045,0.843523459608,4000.0,0.45
