,name,auc,mass,nu
0,Zprime_1500GeV_075,0.729305396753,1500.0,0.75
1,Zprime_1500GeV_015,0.825871872394,1500.0,0.15
2,Zprime_3000GeV_060,0.756496850966,3000.0,0.6
3,Zprime_1500GeV_030,0.810546103028,1500.0,0.3
4,Zprime_3000GeV_045,0.787950415494,3000.0,0.45
5,Zprime_2000GeV_045,0.794175454074,2000.0,0.45
6,Zprime_2500GeV_015,0.832813662453,2500.0,0.15
7,Zprime_3500GeV_060,0.7574440103,3500.0,0.6
8,Zprime_2500GeV_045,0.789691772958,2500.0,0.45
9,Zprime_2000GeV_075,0.73597364487,2000.0,0.75
10,Zprime_2500GeV_060,0.759010396509,2500.0,0.6
11,Zprime_4000GeV_075,0.715855338225,4000.0,0.75
12,Zprime_4000GeV_030,0.816608129648,4000.0,0.3
13,Zprime_4000GeV_015,0.833408032888,4000.0,0.15
14,Zprime_3000GeV_030,0.809294062357,3000.0,0.3
15,Zprime_1500GeV_045,0.784819949785,1500.0,0.45
16,Zprime_3000GeV_075,0.721798792705,3000.0,0.75
17,Zprime_1500GeV_060,0.765129738768,1500.0,0.6
18,Zprime_3000GeV_015,0.830561749757,3000.0,0.15
19,Zprime_3500GeV_015,0.828182326946,3500.0,0.15
20,Zprime_3500GeV_030,0.812565071439,3500.0,0.3
21,Zprime_2000GeV_030,0.818134032255,2000.0,0.3
22,Zprime_2000GeV_015,0.836030996648,2000.0,0.15
23,Zprime_3500GeV_075,0.720674605714,3500.0,0.75
24,Zprime_3500GeV_045,0.784792970203,3500.0,0.45
25,Zprime_2500GeV_030,0.813888709856,2500.0,0.3
26,Zprime_2000GeV_060,0.763093364476,2000.0,0.6
27,Zprime_4000GeV_060,0.757397649026,4000.0,0.6
28,Zprime_2500GeV_075,0.723041737225,2500.0,0.75
29,Zprime_4000GeV_045,0.788306173525,4000.0,0.45
