,name,auc,mass,nu
0,Zprime_1500GeV_075,0.720378421619,1500.0,0.75
1,Zprime_1500GeV_015,0.809350015574,1500.0,0.15
2,Zprime_3000GeV_060,0.740733943913,3000.0,0.6
3,Zprime_1500GeV_030,0.800983030937,1500.0,0.3
4,Zprime_3000GeV_045,0.774723160481,3000.0,0.45
5,Zprime_2000GeV_045,0.781049575828,2000.0,0.45
6,Zprime_2500GeV_015,0.821766588655,2500.0,0.15
7,Zprime_3500GeV_060,0.741487285962,3500.0,0.6
8,Zprime_2500GeV_045,0.774812029036,2500.0,0.45
9,Zprime_2000GeV_075,0.722845697329,2000.0,0.75
10,Zprime_2500GeV_060,0.744855057145,2500.0,0.6
11,Zprime_4000GeV_075,0.701896499298,4000.0,0.75
12,Zprime_4000GeV_030,0.807888041075,4000.0,0.3
13,Zprime_4000GeV_015,0.829694807148,4000.0,0.15
14,Zprime_3000GeV_030,0.798498729971,3000.0,0.3
15,Zprime_1500GeV_045,0.77085313964,1500.0,0.45
16,Zprime_3000GeV_075,0.709766622078,3000.0,0.75
17,Zprime_1500GeV_060,0.751481496132,1500.0,0.6
18,Zprime_3000GeV_015,0.822409199217,3000.0,0.15
19,Zprime_3500GeV_015,0.824310382213,3500.0,0.15
20,Zprime_3500GeV_030,0.804724617206,3500.0,0.3
21,Zprime_2000GeV_030,0.805002260007,2000.0,0.3
22,Zprime_2000GeV_015,0.824656428015,2000.0,0.15
23,Zprime_3500GeV_075,0.705794836105,3500.0,0.75
24,Zprime_3500GeV_045,0.774929642249,3500.0,0.45
25,Zprime_2500GeV_030,0.799616697504,2500.0,0.3
26,Zprime_2000GeV_060,0.753602455903,2000.0,0.6
27,Zprime_4000GeV_060,0.743334931778,4000.0,0.6
28,Zprime_2500GeV_075,0.708586777439,2500.0,0.75
29,Zprime_4000GeV_045,0.776737927273,4000.0,0.45
