,name,auc,mass,nu
0,Zprime_1500GeV_075,0.778197716006,1500.0,0.75
1,Zprime_1500GeV_015,0.853727585973,1500.0,0.15
2,Zprime_3000GeV_060,0.793718910862,3000.0,0.6
3,Zprime_1500GeV_030,0.845260300485,1500.0,0.3
4,Zprime_3000GeV_045,0.824481912046,3000.0,0.45
5,Zprime_2000GeV_045,0.830842118352,2000.0,0.45
6,Zprime_2500GeV_015,0.864713483293,2500.0,0.15
7,Zprime_3500GeV_060,0.792497383694,3500.0,0.6
8,Zprime_2500GeV_045,0.825923402596,2500.0,0.45
9,Zprime_2000GeV_075,0.779253206383,2000.0,0.75
10,Zprime_2500GeV_060,0.797548209758,2500.0,0.6
11,Zprime_4000GeV_075,0.750724287949,4000.0,0.75
12,Zprime_4000GeV_030,0.850824230586,4000.0,0.3
13,Zprime_4000GeV_015,0.865234231174,4000.0,0.15
14,Zprime_3000GeV_030,0.846670921316,3000.0,0.3
15,Zprime_1500GeV_045,0.823938606437,1500.0,0.45
16,Zprime_3000GeV_075,0.761436977145,3000.0,0.75
17,Zprime_1500GeV_060,0.808694562927,1500.0,0.6
18,Zprime_3000GeV_015,0.866344277712,3000.0,0.15
19,Zprime_3500GeV_015,0.864634782881,3500.0,0.15
20,Zprime_3500GeV_030,0.84969097953,3500.0,0.3
21,Zprime_2000GeV_030,0.851274128865,2000.0,0.3
22,Zprime_2000GeV_015,0.86477025139,2000.0,0.15
23,Zprime_3500GeV_075,0.755183651721,3500.0,0.75
24,Zprime_3500GeV_045,0.822235877998,3500.0,0.45
25,Zprime_2500GeV_030,0.847946806485,2500.0,0.3
26,Zprime_2000GeV_060,0.80445541031,2000.0,0.6
27,Zprime_4000GeV_060,0.79438061081,4000.0,0.6
28,Zprime_2500GeV_075,0.764906500972,2500.0,0.75
29,Zprime_4000GeV_045,0.822636493669,4000.0,0.45
