,name,auc,mass,nu
0,Zprime_1500GeV_075,0.762923011903,1500.0,0.75
1,Zprime_1500GeV_015,0.843561143916,1500.0,0.15
2,Zprime_3000GeV_060,0.781207054479,3000.0,0.6
3,Zprime_1500GeV_030,0.831918018148,1500.0,0.3
4,Zprime_3000GeV_045,0.811748590199,3000.0,0.45
5,Zprime_2000GeV_045,0.813343487053,2000.0,0.45
6,Zprime_2500GeV_015,0.851559363975,2500.0,0.15
7,Zprime_3500GeV_060,0.782278010758,3500.0,0.6
8,Zprime_2500GeV_045,0.8114221067,2500.0,0.45
9,Zprime_2000GeV_075,0.762574532469,2000.0,0.75
10,Zprime_2500GeV_060,0.783602438966,2500.0,0.6
11,Zprime_4000GeV_075,0.740344238425,4000.0,0.75
12,Zprime_4000GeV_030,0.842748723002,4000.0,0.3
13,Zprime_4000GeV_015,0.8586242329,4000.0,0.15
14,Zprime_3000GeV_030,0.834538742114,3000.0,0.3
15,Zprime_1500GeV_045,0.809498811519,1500.0,0.45
16,Zprime_3000GeV_075,0.748566432906,3000.0,0.75
17,Zprime_1500GeV_060,0.791775103216,1500.0,0.6
18,Zprime_3000GeV_015,0.854209809264,3000.0,0.15
19,Zprime_3500GeV_015,0.855268327515,3500.0,0.15
20,Zprime_3500GeV_030,0.838816863279,3500.0,0.3
21,Zprime_2000GeV_030,0.837144252244,2000.0,0.3
22,Zprime_2000GeV_015,0.849945544511,2000.0,0.15
23,Zprime_3500GeV_075,0.744805538016,3500.0,0.75
24,Zprime_3500GeV_045,0.811346792973,3500.0,0.45
25,Zprime_2500GeV_030,0.834741553609,2500.0,0.3
26,Zprime_2000GeV_060,0.789178119482,2000.0,0.6
27,Zprime_4000GeV_060,0.783641235482,4000.0,0.6
28,Zprime_2500GeV_075,0.750281077319,2500.0,0.75
29,Zprime_4000GeV_045,0.813018096895,4000.0,0.45
