,name,auc,mass,nu
0,Zprime_1500GeV_075,0.782374900305,1500.0,0.75
1,Zprime_1500GeV_015,0.855425901913,1500.0,0.15
2,Zprime_3000GeV_060,0.806821870839,3000.0,0.6
3,Zprime_1500GeV_030,0.842285909857,1500.0,0.3
4,Zprime_3000GeV_045,0.832667685132,3000.0,0.45
5,Zprime_2000GeV_045,0.842529710661,2000.0,0.45
6,Zprime_2500GeV_015,0.868025791989,2500.0,0.15
7,Zprime_3500GeV_060,0.802652858687,3500.0,0.6
8,Zprime_2500GeV_045,0.83458532962,2500.0,0.45
9,Zprime_2000GeV_075,0.791763282181,2000.0,0.75
10,Zprime_2500GeV_060,0.809783904422,2500.0,0.6
11,Zprime_4000GeV_075,0.766996863154,4000.0,0.75
12,Zprime_4000GeV_030,0.861743088835,4000.0,0.3
13,Zprime_4000GeV_015,0.876260554281,4000.0,0.15
14,Zprime_3000GeV_030,0.852494808904,3000.0,0.3
15,Zprime_1500GeV_045,0.82016934885,1500.0,0.45
16,Zprime_3000GeV_075,0.776037269616,3000.0,0.75
17,Zprime_1500GeV_060,0.805526733509,1500.0,0.6
18,Zprime_3000GeV_015,0.871496264395,3000.0,0.15
19,Zprime_3500GeV_015,0.873323523161,3500.0,0.15
20,Zprime_3500GeV_030,0.857435598848,3500.0,0.3
21,Zprime_2000GeV_030,0.859556874252,2000.0,0.3
22,Zprime_2000GeV_015,0.872588761692,2000.0,0.15
23,Zprime_3500GeV_075,0.773335928769,3500.0,0.75
24,Zprime_3500GeV_045,0.83200180902,3500.0,0.45
25,Zprime_2500GeV_030,0.852963171689,2500.0,0.3
26,Zprime_2000GeV_060,0.816091338743,2000.0,0.6
27,Zprime_4000GeV_060,0.804428303745,4000.0,0.6
28,Zprime_2500GeV_075,0.78190610496,2500.0,0.75
29,Zprime_4000GeV_045,0.834986359505,4000.0,0.45
