,name,auc,mass,nu
0,Zprime_1500GeV_075,0.73268376646,1500.0,0.75
1,Zprime_1500GeV_015,0.825713731621,1500.0,0.15
2,Zprime_3000GeV_060,0.755403528312,3000.0,0.6
3,Zprime_1500GeV_030,0.809142602469,1500.0,0.3
4,Zprime_3000GeV_045,0.788138754847,3000.0,0.45
5,Zprime_2000GeV_045,0.786278632212,2000.0,0.45
6,Zprime_2500GeV_015,0.832225817336,2500.0,0.15
7,Zprime_3500GeV_060,0.758015446865,3500.0,0.6
8,Zprime_2500GeV_045,0.78646764992,2500.0,0.45
9,Zprime_2000GeV_075,0.730477375682,2000.0,0.75
10,Zprime_2500GeV_060,0.75457775797,2500.0,0.6
11,Zprime_4000GeV_075,0.713412755888,4000.0,0.75
12,Zprime_4000GeV_030,0.826380128681,4000.0,0.3
13,Zprime_4000GeV_015,0.844553200966,4000.0,0.15
14,Zprime_3000GeV_030,0.813527267009,3000.0,0.3
15,Zprime_1500GeV_045,0.780529440207,1500.0,0.45
16,Zprime_3000GeV_075,0.719122899927,3000.0,0.75
17,Zprime_1500GeV_060,0.762773350815,1500.0,0.6
18,Zprime_3000GeV_015,0.835885422415,3000.0,0.15
19,Zprime_3500GeV_015,0.8377975108,3500.0,0.15
20,Zprime_3500GeV_030,0.821246466176,3500.0,0.3
21,Zprime_2000GeV_030,0.812008434682,2000.0,0.3
22,Zprime_2000GeV_015,0.829969305718,2000.0,0.15
23,Zprime_3500GeV_075,0.715889268028,3500.0,0.75
24,Zprime_3500GeV_045,0.788751708119,3500.0,0.45
25,Zprime_2500GeV_030,0.81162564279,2500.0,0.3
26,Zprime_2000GeV_060,0.757324220838,2000.0,0.6
27,Zprime_4000GeV_060,0.761708560119,4000.0,0.6
28,Zprime_2500GeV_075,0.718724289794,2500.0,0.75
29,Zprime_4000GeV_045,0.794315234482,4000.0,0.45
