,name,auc,mass,nu
0,Zprime_1500GeV_075,0.795840469059,1500.0,0.75
1,Zprime_1500GeV_015,0.874788881719,1500.0,0.15
2,Zprime_3000GeV_060,0.806671876673,3000.0,0.6
3,Zprime_1500GeV_030,0.865397086758,1500.0,0.3
4,Zprime_3000GeV_045,0.840555781478,3000.0,0.45
5,Zprime_2000GeV_045,0.845517675049,2000.0,0.45
6,Zprime_2500GeV_015,0.885157802891,2500.0,0.15
7,Zprime_3500GeV_060,0.805099380122,3500.0,0.6
8,Zprime_2500GeV_045,0.842719044664,2500.0,0.45
9,Zprime_2000GeV_075,0.791306056975,2000.0,0.75
10,Zprime_2500GeV_060,0.810410698407,2500.0,0.6
11,Zprime_4000GeV_075,0.757251286925,4000.0,0.75
12,Zprime_4000GeV_030,0.868029049578,4000.0,0.3
13,Zprime_4000GeV_015,0.882267915718,4000.0,0.15
14,Zprime_3000GeV_030,0.863990678952,3000.0,0.3
15,Zprime_1500GeV_045,0.841955563783,1500.0,0.45
16,Zprime_3000GeV_075,0.76958935027,3000.0,0.75
17,Zprime_1500GeV_060,0.824232069929,1500.0,0.6
18,Zprime_3000GeV_015,0.884608846292,3000.0,0.15
19,Zprime_3500GeV_015,0.883250067903,3500.0,0.15
20,Zprime_3500GeV_030,0.867828110445,3500.0,0.3
21,Zprime_2000GeV_030,0.868796274487,2000.0,0.3
22,Zprime_2000GeV_015,0.883494595518,2000.0,0.15
23,Zprime_3500GeV_075,0.763533015841,3500.0,0.75
24,Zprime_3500GeV_045,0.837140713551,3500.0,0.45
25,Zprime_2500GeV_030,0.865613165,2500.0,0.3
26,Zprime_2000GeV_060,0.818963922533,2000.0,0.6
27,Zprime_4000GeV_060,0.805999568675,4000.0,0.6
28,Zprime_2500GeV_075,0.777340493407,2500.0,0.75
29,Zprime_4000GeV_045,0.837993980016,4000.0,0.45
