,name,auc,mass,nu
0,Zprime_1500GeV_075,0.767127312411,1500.0,0.75
1,Zprime_1500GeV_015,0.856194917363,1500.0,0.15
2,Zprime_3000GeV_060,0.796982413184,3000.0,0.6
3,Zprime_1500GeV_030,0.841514687529,1500.0,0.3
4,Zprime_3000GeV_045,0.827868880959,3000.0,0.45
5,Zprime_2000GeV_045,0.839628697407,2000.0,0.45
6,Zprime_2500GeV_015,0.872666664245,2500.0,0.15
7,Zprime_3500GeV_060,0.79133675504,3500.0,0.6
8,Zprime_2500GeV_045,0.832660859881,2500.0,0.45
9,Zprime_2000GeV_075,0.777653888532,2000.0,0.75
10,Zprime_2500GeV_060,0.802863940062,2500.0,0.6
11,Zprime_4000GeV_075,0.744289708834,4000.0,0.75
12,Zprime_4000GeV_030,0.855482743553,4000.0,0.3
13,Zprime_4000GeV_015,0.873396440696,4000.0,0.15
14,Zprime_3000GeV_030,0.850790332296,3000.0,0.3
15,Zprime_1500GeV_045,0.82117552522,1500.0,0.45
16,Zprime_3000GeV_075,0.761384035495,3000.0,0.75
17,Zprime_1500GeV_060,0.799111769578,1500.0,0.6
18,Zprime_3000GeV_015,0.869725416344,3000.0,0.15
19,Zprime_3500GeV_015,0.871273926875,3500.0,0.15
20,Zprime_3500GeV_030,0.853632601621,3500.0,0.3
21,Zprime_2000GeV_030,0.861504099575,2000.0,0.3
22,Zprime_2000GeV_015,0.877296030328,2000.0,0.15
23,Zprime_3500GeV_075,0.75292147011,3500.0,0.75
24,Zprime_3500GeV_045,0.826162258971,3500.0,0.45
25,Zprime_2500GeV_030,0.855122038871,2500.0,0.3
26,Zprime_2000GeV_060,0.80979582337,2000.0,0.6
27,Zprime_4000GeV_060,0.790728938487,4000.0,0.6
28,Zprime_2500GeV_075,0.764509497477,2500.0,0.75
29,Zprime_4000GeV_045,0.825176123181,4000.0,0.45
