,name,auc,mass,nu
0,Zprime_1500GeV_075,0.790755199775,1500.0,0.75
1,Zprime_1500GeV_015,0.864501623109,1500.0,0.15
2,Zprime_3000GeV_060,0.817575552064,3000.0,0.6
3,Zprime_1500GeV_030,0.852485072416,1500.0,0.3
4,Zprime_3000GeV_045,0.843867616129,3000.0,0.45
5,Zprime_2000GeV_045,0.847559175505,2000.0,0.45
6,Zprime_2500GeV_015,0.876936356948,2500.0,0.15
7,Zprime_3500GeV_060,0.816624718942,3500.0,0.6
8,Zprime_2500GeV_045,0.84314759055,2500.0,0.45
9,Zprime_2000GeV_075,0.795029357526,2000.0,0.75
10,Zprime_2500GeV_060,0.817993239802,2500.0,0.6
11,Zprime_4000GeV_075,0.782823965069,4000.0,0.75
12,Zprime_4000GeV_030,0.87551146279,4000.0,0.3
13,Zprime_4000GeV_015,0.888721749687,4000.0,0.15
14,Zprime_3000GeV_030,0.863652121909,3000.0,0.3
15,Zprime_1500GeV_045,0.829817019263,1500.0,0.45
16,Zprime_3000GeV_075,0.784733814896,3000.0,0.75
17,Zprime_1500GeV_060,0.812612264503,1500.0,0.6
18,Zprime_3000GeV_015,0.882334215102,3000.0,0.15
19,Zprime_3500GeV_015,0.885461666736,3500.0,0.15
20,Zprime_3500GeV_030,0.871254988334,3500.0,0.3
21,Zprime_2000GeV_030,0.866110334791,2000.0,0.3
22,Zprime_2000GeV_015,0.879639672375,2000.0,0.15
23,Zprime_3500GeV_075,0.785240905045,3500.0,0.75
24,Zprime_3500GeV_045,0.846021614841,3500.0,0.45
25,Zprime_2500GeV_030,0.861759248389,2500.0,0.3
26,Zprime_2000GeV_060,0.819584621089,2000.0,0.6
27,Zprime_4000GeV_060,0.820005523319,4000.0,0.6
28,Zprime_2500GeV_075,0.787455740618,2500.0,0.75
29,Zprime_4000GeV_045,0.849997008094,4000.0,0.45
