,name,auc,mass,nu
0,Zprime_1500GeV_075,0.714345648504,1500.0,0.75
1,Zprime_1500GeV_015,0.81075749407,1500.0,0.15
2,Zprime_3000GeV_060,0.740170509069,3000.0,0.6
3,Zprime_1500GeV_030,0.795042368455,1500.0,0.3
4,Zprime_3000GeV_045,0.773862379894,3000.0,0.45
5,Zprime_2000GeV_045,0.769354093849,2000.0,0.45
6,Zprime_2500GeV_015,0.815883902936,2500.0,0.15
7,Zprime_3500GeV_060,0.744488484723,3500.0,0.6
8,Zprime_2500GeV_045,0.770379430603,2500.0,0.45
9,Zprime_2000GeV_075,0.714067657861,2000.0,0.75
10,Zprime_2500GeV_060,0.7396773213,2500.0,0.6
11,Zprime_4000GeV_075,0.704031306089,4000.0,0.75
12,Zprime_4000GeV_030,0.819063664155,4000.0,0.3
13,Zprime_4000GeV_015,0.840884239734,4000.0,0.15
14,Zprime_3000GeV_030,0.80061671335,3000.0,0.3
15,Zprime_1500GeV_045,0.767225867418,1500.0,0.45
16,Zprime_3000GeV_075,0.705050029489,3000.0,0.75
17,Zprime_1500GeV_060,0.748719978445,1500.0,0.6
18,Zprime_3000GeV_015,0.82576744627,3000.0,0.15
19,Zprime_3500GeV_015,0.830782260707,3500.0,0.15
20,Zprime_3500GeV_030,0.81143388284,3500.0,0.3
21,Zprime_2000GeV_030,0.795597515553,2000.0,0.3
22,Zprime_2000GeV_015,0.81361485308,2000.0,0.15
23,Zprime_3500GeV_075,0.702691973605,3500.0,0.75
24,Zprime_3500GeV_045,0.778002129911,3500.0,0.45
25,Zprime_2500GeV_030,0.796085081105,2500.0,0.3
26,Zprime_2000GeV_060,0.742070104201,2000.0,0.6
27,Zprime_4000GeV_060,0.749582173815,4000.0,0.6
28,Zprime_2500GeV_075,0.702150691831,2500.0,0.75
29,Zprime_4000GeV_045,0.784105856557,4000.0,0.45
