,name,auc,mass,nu
0,Zprime_1500GeV_075,0.722189162407,1500.0,0.75
1,Zprime_1500GeV_015,0.821861067497,1500.0,0.15
2,Zprime_3000GeV_060,0.755908617677,3000.0,0.6
3,Zprime_1500GeV_030,0.810093542614,1500.0,0.3
4,Zprime_3000GeV_045,0.788358709951,3000.0,0.45
5,Zprime_2000GeV_045,0.794960003971,2000.0,0.45
6,Zprime_2500GeV_015,0.836703527728,2500.0,0.15
7,Zprime_3500GeV_060,0.754632789234,3500.0,0.6
8,Zprime_2500GeV_045,0.792096164735,2500.0,0.45
9,Zprime_2000GeV_075,0.732248045376,2000.0,0.75
10,Zprime_2500GeV_060,0.76053342941,2500.0,0.6
11,Zprime_4000GeV_075,0.712870767709,4000.0,0.75
12,Zprime_4000GeV_030,0.815028117071,4000.0,0.3
13,Zprime_4000GeV_015,0.834366136611,4000.0,0.15
14,Zprime_3000GeV_030,0.810619237377,3000.0,0.3
15,Zprime_1500GeV_045,0.780602209733,1500.0,0.45
16,Zprime_3000GeV_075,0.721310526879,3000.0,0.75
17,Zprime_1500GeV_060,0.757289206065,1500.0,0.6
18,Zprime_3000GeV_015,0.831115316061,3000.0,0.15
19,Zprime_3500GeV_015,0.828888276072,3500.0,0.15
20,Zprime_3500GeV_030,0.811405660446,3500.0,0.3
21,Zprime_2000GeV_030,0.820002712941,2000.0,0.3
22,Zprime_2000GeV_015,0.838796455209,2000.0,0.15
23,Zprime_3500GeV_075,0.717501319034,3500.0,0.75
24,Zprime_3500GeV_045,0.785271922944,3500.0,0.45
25,Zprime_2500GeV_030,0.815780357367,2500.0,0.3
26,Zprime_2000GeV_060,0.762850472261,2000.0,0.6
27,Zprime_4000GeV_060,0.75629731255,4000.0,0.6
28,Zprime_2500GeV_075,0.719400463132,2500.0,0.75
29,Zprime_4000GeV_045,0.786798365223,4000.0,0.45
