,name,auc,mass,nu
0,Zprime_1500GeV_075,0.786336303675,1500.0,0.75
1,Zprime_1500GeV_015,0.857662833699,1500.0,0.15
2,Zprime_3000GeV_060,0.808242636442,3000.0,0.6
3,Zprime_1500GeV_030,0.846709949542,1500.0,0.3
4,Zprime_3000GeV_045,0.834851794266,3000.0,0.45
5,Zprime_2000GeV_045,0.844886186668,2000.0,0.45
6,Zprime_2500GeV_015,0.870421421198,2500.0,0.15
7,Zprime_3500GeV_060,0.805601957307,3500.0,0.6
8,Zprime_2500GeV_045,0.836514266361,2500.0,0.45
9,Zprime_2000GeV_075,0.793822085851,2000.0,0.75
10,Zprime_2500GeV_060,0.811337478992,2500.0,0.6
11,Zprime_4000GeV_075,0.767861574062,4000.0,0.75
12,Zprime_4000GeV_030,0.867233979728,4000.0,0.3
13,Zprime_4000GeV_015,0.882135061536,4000.0,0.15
14,Zprime_3000GeV_030,0.855897604049,3000.0,0.3
15,Zprime_1500GeV_045,0.825429032439,1500.0,0.45
16,Zprime_3000GeV_075,0.776404030733,3000.0,0.75
17,Zprime_1500GeV_060,0.810163490732,1500.0,0.6
18,Zprime_3000GeV_015,0.874945799465,3000.0,0.15
19,Zprime_3500GeV_015,0.878183084594,3500.0,0.15
20,Zprime_3500GeV_030,0.862359973335,3500.0,0.3
21,Zprime_2000GeV_030,0.861100330076,2000.0,0.3
22,Zprime_2000GeV_015,0.87504093938,2000.0,0.15
23,Zprime_3500GeV_075,0.774056960696,3500.0,0.75
24,Zprime_3500GeV_045,0.83658744857,3500.0,0.45
25,Zprime_2500GeV_030,0.855123363588,2500.0,0.3
26,Zprime_2000GeV_060,0.818128234239,2000.0,0.6
27,Zprime_4000GeV_060,0.807916119085,4000.0,0.6
28,Zprime_2500GeV_075,0.783031480512,2500.0,0.75
29,Zprime_4000GeV_045,0.839783446199,4000.0,0.45
