,name,auc,mass,nu
0,Zprime_1500GeV_075,0.72513138701,1500.0,0.75
1,Zprime_1500GeV_015,0.812118445506,1500.0,0.15
2,Zprime_3000GeV_060,0.743714479625,3000.0,0.6
3,Zprime_1500GeV_030,0.799607215927,1500.0,0.3
4,Zprime_3000GeV_045,0.771316745478,3000.0,0.45
5,Zprime_2000GeV_045,0.785067669788,2000.0,0.45
6,Zprime_2500GeV_015,0.810604050839,2500.0,0.15
7,Zprime_3500GeV_060,0.74116339428,3500.0,0.6
8,Zprime_2500GeV_045,0.774975606801,2500.0,0.45
9,Zprime_2000GeV_075,0.730854323791,2000.0,0.75
10,Zprime_2500GeV_060,0.75022172603,2500.0,0.6
11,Zprime_4000GeV_075,0.704004227354,4000.0,0.75
12,Zprime_4000GeV_030,0.797616182751,4000.0,0.3
13,Zprime_4000GeV_015,0.817342195784,4000.0,0.15
14,Zprime_3000GeV_030,0.790830202177,3000.0,0.3
15,Zprime_1500GeV_045,0.773039312282,1500.0,0.45
16,Zprime_3000GeV_075,0.715055521711,3000.0,0.75
17,Zprime_1500GeV_060,0.755373600308,1500.0,0.6
18,Zprime_3000GeV_015,0.8102478725,3000.0,0.15
19,Zprime_3500GeV_015,0.812595066705,3500.0,0.15
20,Zprime_3500GeV_030,0.795531014269,3500.0,0.3
21,Zprime_2000GeV_030,0.805834708101,2000.0,0.3
22,Zprime_2000GeV_015,0.820494726353,2000.0,0.15
23,Zprime_3500GeV_075,0.708749298142,3500.0,0.75
24,Zprime_3500GeV_045,0.770520406904,3500.0,0.45
25,Zprime_2500GeV_030,0.794183486798,2500.0,0.3
26,Zprime_2000GeV_060,0.759715621588,2000.0,0.6
27,Zprime_4000GeV_060,0.741834682237,4000.0,0.6
28,Zprime_2500GeV_075,0.716535692924,2500.0,0.75
29,Zprime_4000GeV_045,0.770538439408,4000.0,0.45
