,name,auc,mass,nu
0,Zprime_1500GeV_075,0.748590647857,1500.0,0.75
1,Zprime_1500GeV_015,0.839914172245,1500.0,0.15
2,Zprime_3000GeV_060,0.770411210684,3000.0,0.6
3,Zprime_1500GeV_030,0.826031159155,1500.0,0.3
4,Zprime_3000GeV_045,0.802077864925,3000.0,0.45
5,Zprime_2000GeV_045,0.807024260379,2000.0,0.45
6,Zprime_2500GeV_015,0.846643053108,2500.0,0.15
7,Zprime_3500GeV_060,0.770791940141,3500.0,0.6
8,Zprime_2500GeV_045,0.803458963482,2500.0,0.45
9,Zprime_2000GeV_075,0.750359754083,2000.0,0.75
10,Zprime_2500GeV_060,0.772924924679,2500.0,0.6
11,Zprime_4000GeV_075,0.729157576196,4000.0,0.75
12,Zprime_4000GeV_030,0.830828256138,4000.0,0.3
13,Zprime_4000GeV_015,0.847103493482,4000.0,0.15
14,Zprime_3000GeV_030,0.824200083553,3000.0,0.3
15,Zprime_1500GeV_045,0.799952832999,1500.0,0.45
16,Zprime_3000GeV_075,0.735597939419,3000.0,0.75
17,Zprime_1500GeV_060,0.780564344257,1500.0,0.6
18,Zprime_3000GeV_015,0.846416813855,3000.0,0.15
19,Zprime_3500GeV_015,0.844201630318,3500.0,0.15
20,Zprime_3500GeV_030,0.827977146087,3500.0,0.3
21,Zprime_2000GeV_030,0.831728787811,2000.0,0.3
22,Zprime_2000GeV_015,0.847760309924,2000.0,0.15
23,Zprime_3500GeV_075,0.732511787689,3500.0,0.75
24,Zprime_3500GeV_045,0.798901485005,3500.0,0.45
25,Zprime_2500GeV_030,0.827553872553,2500.0,0.3
26,Zprime_2000GeV_060,0.77675645819,2000.0,0.6
27,Zprime_4000GeV_060,0.770883512498,4000.0,0.6
28,Zprime_2500GeV_075,0.738577849646,2500.0,0.75
29,Zprime_4000GeV_045,0.801239635566,4000.0,0.45
