,name,auc,mass,nu
0,Zprime_1500GeV_075,0.715607224147,1500.0,0.75
1,Zprime_1500GeV_015,0.812929389148,1500.0,0.15
2,Zprime_3000GeV_060,0.748585937728,3000.0,0.6
3,Zprime_1500GeV_030,0.796965926315,1500.0,0.3
4,Zprime_3000GeV_045,0.781387359794,3000.0,0.45
5,Zprime_2000GeV_045,0.778808399399,2000.0,0.45
6,Zprime_2500GeV_015,0.822641002681,2500.0,0.15
7,Zprime_3500GeV_060,0.752614546078,3500.0,0.6
8,Zprime_2500GeV_045,0.778650590261,2500.0,0.45
9,Zprime_2000GeV_075,0.720371169165,2000.0,0.75
10,Zprime_2500GeV_060,0.746885410737,2500.0,0.6
11,Zprime_4000GeV_075,0.710295048242,4000.0,0.75
12,Zprime_4000GeV_030,0.822123988071,4000.0,0.3
13,Zprime_4000GeV_015,0.841355650247,4000.0,0.15
14,Zprime_3000GeV_030,0.806372118257,3000.0,0.3
15,Zprime_1500GeV_045,0.77061648236,1500.0,0.45
16,Zprime_3000GeV_075,0.712048697314,3000.0,0.75
17,Zprime_1500GeV_060,0.750564757282,1500.0,0.6
18,Zprime_3000GeV_015,0.829416764795,3000.0,0.15
19,Zprime_3500GeV_015,0.833529746417,3500.0,0.15
20,Zprime_3500GeV_030,0.815224686516,3500.0,0.3
21,Zprime_2000GeV_030,0.804109456551,2000.0,0.3
22,Zprime_2000GeV_015,0.82142532906,2000.0,0.15
23,Zprime_3500GeV_075,0.711669673299,3500.0,0.75
24,Zprime_3500GeV_045,0.783366259698,3500.0,0.45
25,Zprime_2500GeV_030,0.803844179698,2500.0,0.3
26,Zprime_2000GeV_060,0.749200608132,2000.0,0.6
27,Zprime_4000GeV_060,0.755937672231,4000.0,0.6
28,Zprime_2500GeV_075,0.709898057313,2500.0,0.75
29,Zprime_4000GeV_045,0.788341734952,4000.0,0.45
