,name,auc,mass,nu
0,Zprime_1500GeV_075,0.737265084185,1500.0,0.75
1,Zprime_1500GeV_015,0.829565720427,1500.0,0.15
2,Zprime_3000GeV_060,0.759166858652,3000.0,0.6
3,Zprime_1500GeV_030,0.815392880786,1500.0,0.3
4,Zprime_3000GeV_045,0.790314913554,3000.0,0.45
5,Zprime_2000GeV_045,0.795347920481,2000.0,0.45
6,Zprime_2500GeV_015,0.832483931774,2500.0,0.15
7,Zprime_3500GeV_060,0.760290132402,3500.0,0.6
8,Zprime_2500GeV_045,0.791614236907,2500.0,0.45
9,Zprime_2000GeV_075,0.74201725956,2000.0,0.75
10,Zprime_2500GeV_060,0.761626751685,2500.0,0.6
11,Zprime_4000GeV_075,0.718856372005,4000.0,0.75
12,Zprime_4000GeV_030,0.820239165467,4000.0,0.3
13,Zprime_4000GeV_015,0.837079504227,4000.0,0.15
14,Zprime_3000GeV_030,0.812359293793,3000.0,0.3
15,Zprime_1500GeV_045,0.789345802757,1500.0,0.45
16,Zprime_3000GeV_075,0.724580786813,3000.0,0.75
17,Zprime_1500GeV_060,0.770921028944,1500.0,0.6
18,Zprime_3000GeV_015,0.833789543052,3000.0,0.15
19,Zprime_3500GeV_015,0.83240164933,3500.0,0.15
20,Zprime_3500GeV_030,0.817411510122,3500.0,0.3
21,Zprime_2000GeV_030,0.81978756906,2000.0,0.3
22,Zprime_2000GeV_015,0.835334244525,2000.0,0.15
23,Zprime_3500GeV_075,0.722553510955,3500.0,0.75
24,Zprime_3500GeV_045,0.788147681197,3500.0,0.45
25,Zprime_2500GeV_030,0.815056465934,2500.0,0.3
26,Zprime_2000GeV_060,0.767335924341,2000.0,0.6
27,Zprime_4000GeV_060,0.760478162837,4000.0,0.6
28,Zprime_2500GeV_075,0.72730573839,2500.0,0.75
29,Zprime_4000GeV_045,0.789465096776,4000.0,0.45
