,name,auc,mass,nu
0,Zprime_1500GeV_075,0.787669977287,1500.0,0.75
1,Zprime_1500GeV_015,0.860427762059,1500.0,0.15
2,Zprime_3000GeV_060,0.803325983964,3000.0,0.6
3,Zprime_1500GeV_030,0.849848927772,1500.0,0.3
4,Zprime_3000GeV_045,0.833912753574,3000.0,0.45
5,Zprime_2000GeV_045,0.836326785744,2000.0,0.45
6,Zprime_2500GeV_015,0.870577857209,2500.0,0.15
7,Zprime_3500GeV_060,0.802121496428,3500.0,0.6
8,Zprime_2500GeV_045,0.834310679785,2500.0,0.45
9,Zprime_2000GeV_075,0.786690510224,2000.0,0.75
10,Zprime_2500GeV_060,0.80715561784,2500.0,0.6
11,Zprime_4000GeV_075,0.76113926952,4000.0,0.75
12,Zprime_4000GeV_030,0.86095226167,4000.0,0.3
13,Zprime_4000GeV_015,0.875183841459,4000.0,0.15
14,Zprime_3000GeV_030,0.854458913966,3000.0,0.3
15,Zprime_1500GeV_045,0.8305417007,1500.0,0.45
16,Zprime_3000GeV_075,0.771713411049,3000.0,0.75
17,Zprime_1500GeV_060,0.811200451362,1500.0,0.6
18,Zprime_3000GeV_015,0.873964954482,3000.0,0.15
19,Zprime_3500GeV_015,0.874565413444,3500.0,0.15
20,Zprime_3500GeV_030,0.859699840177,3500.0,0.3
21,Zprime_2000GeV_030,0.856629710364,2000.0,0.3
22,Zprime_2000GeV_015,0.870012467071,2000.0,0.15
23,Zprime_3500GeV_075,0.76525621471,3500.0,0.75
24,Zprime_3500GeV_045,0.832339637234,3500.0,0.45
25,Zprime_2500GeV_030,0.854597304914,2500.0,0.3
26,Zprime_2000GeV_060,0.811742216942,2000.0,0.6
27,Zprime_4000GeV_060,0.802863872052,4000.0,0.6
28,Zprime_2500GeV_075,0.776172852859,2500.0,0.75
29,Zprime_4000GeV_045,0.834924621762,4000.0,0.45
