,name,auc,mass,nu
0,Zprime_1500GeV_075,0.740045627085,1500.0,0.75
1,Zprime_1500GeV_015,0.831246912168,1500.0,0.15
2,Zprime_3000GeV_060,0.777459900801,3000.0,0.6
3,Zprime_1500GeV_030,0.818082444163,1500.0,0.3
4,Zprime_3000GeV_045,0.811598718647,3000.0,0.45
5,Zprime_2000GeV_045,0.811903120109,2000.0,0.45
6,Zprime_2500GeV_015,0.857645311017,2500.0,0.15
7,Zprime_3500GeV_060,0.775021792409,3500.0,0.6
8,Zprime_2500GeV_045,0.813071457543,2500.0,0.45
9,Zprime_2000GeV_075,0.74485351412,2000.0,0.75
10,Zprime_2500GeV_060,0.780944871175,2500.0,0.6
11,Zprime_4000GeV_075,0.724530189715,4000.0,0.75
12,Zprime_4000GeV_030,0.838945799425,4000.0,0.3
13,Zprime_4000GeV_015,0.851198541955,4000.0,0.15
14,Zprime_3000GeV_030,0.836263319592,3000.0,0.3
15,Zprime_1500GeV_045,0.790415783467,1500.0,0.45
16,Zprime_3000GeV_075,0.73622900293,3000.0,0.75
17,Zprime_1500GeV_060,0.769623737205,1500.0,0.6
18,Zprime_3000GeV_015,0.857364920788,3000.0,0.15
19,Zprime_3500GeV_015,0.852941540963,3500.0,0.15
20,Zprime_3500GeV_030,0.838076063333,3500.0,0.3
21,Zprime_2000GeV_030,0.836395915408,2000.0,0.3
22,Zprime_2000GeV_015,0.855277665018,2000.0,0.15
23,Zprime_3500GeV_075,0.733548559287,3500.0,0.75
24,Zprime_3500GeV_045,0.809489062522,3500.0,0.45
25,Zprime_2500GeV_030,0.838274924254,2500.0,0.3
26,Zprime_2000GeV_060,0.781096674976,2000.0,0.6
27,Zprime_4000GeV_060,0.77607168299,4000.0,0.6
28,Zprime_2500GeV_075,0.737216677535,2500.0,0.75
29,Zprime_4000GeV_045,0.808442381059,4000.0,0.45
