,name,auc,mass,nu
0,Zprime_1500GeV_075,0.77822867466,1500.0,0.75
1,Zprime_1500GeV_015,0.841216720344,1500.0,0.15
2,Zprime_3000GeV_060,0.784382190549,3000.0,0.6
3,Zprime_1500GeV_030,0.826858723249,1500.0,0.3
4,Zprime_3000GeV_045,0.807425775225,3000.0,0.45
5,Zprime_2000GeV_045,0.820393775962,2000.0,0.45
6,Zprime_2500GeV_015,0.841204366537,2500.0,0.15
7,Zprime_3500GeV_060,0.781611425548,3500.0,0.6
8,Zprime_2500GeV_045,0.81003176226,2500.0,0.45
9,Zprime_2000GeV_075,0.779464450592,2000.0,0.75
10,Zprime_2500GeV_060,0.78862204164,2500.0,0.6
11,Zprime_4000GeV_075,0.753167975713,4000.0,0.75
12,Zprime_4000GeV_030,0.840902359603,4000.0,0.3
13,Zprime_4000GeV_015,0.855649797111,4000.0,0.15
14,Zprime_3000GeV_030,0.827538439059,3000.0,0.3
15,Zprime_1500GeV_045,0.809867335151,1500.0,0.45
16,Zprime_3000GeV_075,0.759112670384,3000.0,0.75
17,Zprime_1500GeV_060,0.797111710005,1500.0,0.6
18,Zprime_3000GeV_015,0.846741093201,3000.0,0.15
19,Zprime_3500GeV_015,0.850823315338,3500.0,0.15
20,Zprime_3500GeV_030,0.834313407347,3500.0,0.3
21,Zprime_2000GeV_030,0.8357092541,2000.0,0.3
22,Zprime_2000GeV_015,0.847515578653,2000.0,0.15
23,Zprime_3500GeV_075,0.756218484836,3500.0,0.75
24,Zprime_3500GeV_045,0.809022824579,3500.0,0.45
25,Zprime_2500GeV_030,0.826447966285,2500.0,0.3
26,Zprime_2000GeV_060,0.797472909644,2000.0,0.6
27,Zprime_4000GeV_060,0.784712177546,4000.0,0.6
28,Zprime_2500GeV_075,0.766924993306,2500.0,0.75
29,Zprime_4000GeV_045,0.813803988718,4000.0,0.45
