,name,auc,mass,nu
0,Zprime_1500GeV_075,0.794453432291,1500.0,0.75
1,Zprime_1500GeV_015,0.869378678851,1500.0,0.15
2,Zprime_3000GeV_060,0.803106610767,3000.0,0.6
3,Zprime_1500GeV_030,0.858150208396,1500.0,0.3
4,Zprime_3000GeV_045,0.832834320019,3000.0,0.45
5,Zprime_2000GeV_045,0.839980074671,2000.0,0.45
6,Zprime_2500GeV_015,0.87254329374,2500.0,0.15
7,Zprime_3500GeV_060,0.801293292612,3500.0,0.6
8,Zprime_2500GeV_045,0.835113279741,2500.0,0.45
9,Zprime_2000GeV_075,0.791504740418,2000.0,0.75
10,Zprime_2500GeV_060,0.808747539108,2500.0,0.6
11,Zprime_4000GeV_075,0.761322351246,4000.0,0.75
12,Zprime_4000GeV_030,0.857457732213,4000.0,0.3
13,Zprime_4000GeV_015,0.870208772005,4000.0,0.15
14,Zprime_3000GeV_030,0.853176543977,3000.0,0.3
15,Zprime_1500GeV_045,0.838150580718,1500.0,0.45
16,Zprime_3000GeV_075,0.772360726395,3000.0,0.75
17,Zprime_1500GeV_060,0.824087791934,1500.0,0.6
18,Zprime_3000GeV_015,0.871964672676,3000.0,0.15
19,Zprime_3500GeV_015,0.870190473282,3500.0,0.15
20,Zprime_3500GeV_030,0.855524136277,3500.0,0.3
21,Zprime_2000GeV_030,0.861479030705,2000.0,0.3
22,Zprime_2000GeV_015,0.874247023668,2000.0,0.15
23,Zprime_3500GeV_075,0.765721814534,3500.0,0.75
24,Zprime_3500GeV_045,0.829240162122,3500.0,0.45
25,Zprime_2500GeV_030,0.856040187225,2500.0,0.3
26,Zprime_2000GeV_060,0.816119250358,2000.0,0.6
27,Zprime_4000GeV_060,0.80206664309,4000.0,0.6
28,Zprime_2500GeV_075,0.779363643609,2500.0,0.75
29,Zprime_4000GeV_045,0.830292111565,4000.0,0.45
