,name,auc,mass,nu
0,Zprime_1500GeV_075,0.735304336259,1500.0,0.75
1,Zprime_1500GeV_015,0.826976333813,1500.0,0.15
2,Zprime_3000GeV_060,0.763123700666,3000.0,0.6
3,Zprime_1500GeV_030,0.814781453432,1500.0,0.3
4,Zprime_3000GeV_045,0.795864354863,3000.0,0.45
5,Zprime_2000GeV_045,0.799231858398,2000.0,0.45
6,Zprime_2500GeV_015,0.84169754164,2500.0,0.15
7,Zprime_3500GeV_060,0.763934064316,3500.0,0.6
8,Zprime_2500GeV_045,0.79649344533,2500.0,0.45
9,Zprime_2000GeV_075,0.740220304974,2000.0,0.75
10,Zprime_2500GeV_060,0.766451460703,2500.0,0.6
11,Zprime_4000GeV_075,0.721914546162,4000.0,0.75
12,Zprime_4000GeV_030,0.827810916685,4000.0,0.3
13,Zprime_4000GeV_015,0.841855053592,4000.0,0.15
14,Zprime_3000GeV_030,0.821523112015,3000.0,0.3
15,Zprime_1500GeV_045,0.787694102348,1500.0,0.45
16,Zprime_3000GeV_075,0.726736225839,3000.0,0.75
17,Zprime_1500GeV_060,0.770369031502,1500.0,0.6
18,Zprime_3000GeV_015,0.842713769159,3000.0,0.15
19,Zprime_3500GeV_015,0.840310889744,3500.0,0.15
20,Zprime_3500GeV_030,0.823964501149,3500.0,0.3
21,Zprime_2000GeV_030,0.822563560321,2000.0,0.3
22,Zprime_2000GeV_015,0.840646286,2000.0,0.15
23,Zprime_3500GeV_075,0.726208715708,3500.0,0.75
24,Zprime_3500GeV_045,0.795656141661,3500.0,0.45
25,Zprime_2500GeV_030,0.821495406739,2500.0,0.3
26,Zprime_2000GeV_060,0.768639306484,2000.0,0.6
27,Zprime_4000GeV_060,0.766454103822,4000.0,0.6
28,Zprime_2500GeV_075,0.728121475331,2500.0,0.75
29,Zprime_4000GeV_045,0.796340522649,4000.0,0.45
