,name,auc,mass,nu
0,Zprime_1500GeV_075,0.721949900725,1500.0,0.75
1,Zprime_1500GeV_015,0.823597821583,1500.0,0.15
2,Zprime_3000GeV_060,0.749172483307,3000.0,0.6
3,Zprime_1500GeV_030,0.806511718108,1500.0,0.3
4,Zprime_3000GeV_045,0.783319702665,3000.0,0.45
5,Zprime_2000GeV_045,0.787556346358,2000.0,0.45
6,Zprime_2500GeV_015,0.832956089922,2500.0,0.15
7,Zprime_3500GeV_060,0.749138197145,3500.0,0.6
8,Zprime_2500GeV_045,0.784570632551,2500.0,0.45
9,Zprime_2000GeV_075,0.72459037907,2000.0,0.75
10,Zprime_2500GeV_060,0.750874748124,2500.0,0.6
11,Zprime_4000GeV_075,0.706291639286,4000.0,0.75
12,Zprime_4000GeV_030,0.819350762211,4000.0,0.3
13,Zprime_4000GeV_015,0.837939099895,4000.0,0.15
14,Zprime_3000GeV_030,0.808764441584,3000.0,0.3
15,Zprime_1500GeV_045,0.778159737445,1500.0,0.45
16,Zprime_3000GeV_075,0.710461685638,3000.0,0.75
17,Zprime_1500GeV_060,0.758599090646,1500.0,0.6
18,Zprime_3000GeV_015,0.831954567977,3000.0,0.15
19,Zprime_3500GeV_015,0.831592101732,3500.0,0.15
20,Zprime_3500GeV_030,0.813650657502,3500.0,0.3
21,Zprime_2000GeV_030,0.812890994787,2000.0,0.3
22,Zprime_2000GeV_015,0.833079387263,2000.0,0.15
23,Zprime_3500GeV_075,0.709667580481,3500.0,0.75
24,Zprime_3500GeV_045,0.782503622538,3500.0,0.45
25,Zprime_2500GeV_030,0.811596937502,2500.0,0.3
26,Zprime_2000GeV_060,0.755626805118,2000.0,0.6
27,Zprime_4000GeV_060,0.753053439045,4000.0,0.6
28,Zprime_2500GeV_075,0.713358556747,2500.0,0.75
29,Zprime_4000GeV_045,0.78528006606,4000.0,0.45
