,name,auc,mass,nu
0,Zprime_1500GeV_075,0.736303689627,1500.0,0.75
1,Zprime_1500GeV_015,0.82819161194,1500.0,0.15
2,Zprime_3000GeV_060,0.762876969517,3000.0,0.6
3,Zprime_1500GeV_030,0.813932135971,1500.0,0.3
4,Zprime_3000GeV_045,0.793852292837,3000.0,0.45
5,Zprime_2000GeV_045,0.794988302049,2000.0,0.45
6,Zprime_2500GeV_015,0.833610920211,2500.0,0.15
7,Zprime_3500GeV_060,0.764200707644,3500.0,0.6
8,Zprime_2500GeV_045,0.79335250869,2500.0,0.45
9,Zprime_2000GeV_075,0.741029647821,2000.0,0.75
10,Zprime_2500GeV_060,0.764081991314,2500.0,0.6
11,Zprime_4000GeV_075,0.725114735416,4000.0,0.75
12,Zprime_4000GeV_030,0.827022282671,4000.0,0.3
13,Zprime_4000GeV_015,0.845711966594,4000.0,0.15
14,Zprime_3000GeV_030,0.815030785848,3000.0,0.3
15,Zprime_1500GeV_045,0.789467447338,1500.0,0.45
16,Zprime_3000GeV_075,0.728918873421,3000.0,0.75
17,Zprime_1500GeV_060,0.770079042056,1500.0,0.6
18,Zprime_3000GeV_015,0.836874185308,3000.0,0.15
19,Zprime_3500GeV_015,0.838947627598,3500.0,0.15
20,Zprime_3500GeV_030,0.822770305907,3500.0,0.3
21,Zprime_2000GeV_030,0.81925912605,2000.0,0.3
22,Zprime_2000GeV_015,0.835709460916,2000.0,0.15
23,Zprime_3500GeV_075,0.727412131751,3500.0,0.75
24,Zprime_3500GeV_045,0.792841109686,3500.0,0.45
25,Zprime_2500GeV_030,0.81620866952,2500.0,0.3
26,Zprime_2000GeV_060,0.767790460592,2000.0,0.6
27,Zprime_4000GeV_060,0.767380767093,4000.0,0.6
28,Zprime_2500GeV_075,0.729832398422,2500.0,0.75
29,Zprime_4000GeV_045,0.796746388338,4000.0,0.45
