,name,auc,mass,nu
0,Zprime_1500GeV_075,0.764022968489,1500.0,0.75
1,Zprime_1500GeV_015,0.843603609794,1500.0,0.15
2,Zprime_3000GeV_060,0.785984367748,3000.0,0.6
3,Zprime_1500GeV_030,0.827306776763,1500.0,0.3
4,Zprime_3000GeV_045,0.81049099898,3000.0,0.45
5,Zprime_2000GeV_045,0.826151062865,2000.0,0.45
6,Zprime_2500GeV_015,0.848144674902,2500.0,0.15
7,Zprime_3500GeV_060,0.783092013025,3500.0,0.6
8,Zprime_2500GeV_045,0.814726357247,2500.0,0.45
9,Zprime_2000GeV_075,0.773084085645,2000.0,0.75
10,Zprime_2500GeV_060,0.788923544332,2500.0,0.6
11,Zprime_4000GeV_075,0.750715713557,4000.0,0.75
12,Zprime_4000GeV_030,0.842961553707,4000.0,0.3
13,Zprime_4000GeV_015,0.858614456105,4000.0,0.15
14,Zprime_3000GeV_030,0.829717717868,3000.0,0.3
15,Zprime_1500GeV_045,0.803607012546,1500.0,0.45
16,Zprime_3000GeV_075,0.755382449292,3000.0,0.75
17,Zprime_1500GeV_060,0.786976840676,1500.0,0.6
18,Zprime_3000GeV_015,0.848427043689,3000.0,0.15
19,Zprime_3500GeV_015,0.851693394555,3500.0,0.15
20,Zprime_3500GeV_030,0.835387351012,3500.0,0.3
21,Zprime_2000GeV_030,0.843331127917,2000.0,0.3
22,Zprime_2000GeV_015,0.857606330895,2000.0,0.15
23,Zprime_3500GeV_075,0.753104712746,3500.0,0.75
24,Zprime_3500GeV_045,0.81214257001,3500.0,0.45
25,Zprime_2500GeV_030,0.832855282412,2500.0,0.3
26,Zprime_2000GeV_060,0.79892326051,2000.0,0.6
27,Zprime_4000GeV_060,0.786302635782,4000.0,0.6
28,Zprime_2500GeV_075,0.760142896583,2500.0,0.75
29,Zprime_4000GeV_045,0.816083302665,4000.0,0.45
