,name,auc,mass,nu
0,Zprime_1500GeV_075,0.801951869822,1500.0,0.75
1,Zprime_1500GeV_015,0.873413329448,1500.0,0.15
2,Zprime_3000GeV_060,0.812524171716,3000.0,0.6
3,Zprime_1500GeV_030,0.863805499827,1500.0,0.3
4,Zprime_3000GeV_045,0.841293351043,3000.0,0.45
5,Zprime_2000GeV_045,0.848189178809,2000.0,0.45
6,Zprime_2500GeV_015,0.878389245125,2500.0,0.15
7,Zprime_3500GeV_060,0.810818798141,3500.0,0.6
8,Zprime_2500GeV_045,0.842840607628,2500.0,0.45
9,Zprime_2000GeV_075,0.800754607888,2000.0,0.75
10,Zprime_2500GeV_060,0.81840817114,2500.0,0.6
11,Zprime_4000GeV_075,0.770615352846,4000.0,0.75
12,Zprime_4000GeV_030,0.869410353968,4000.0,0.3
13,Zprime_4000GeV_015,0.882585928532,4000.0,0.15
14,Zprime_3000GeV_030,0.86299969435,3000.0,0.3
15,Zprime_1500GeV_045,0.847236962227,1500.0,0.45
16,Zprime_3000GeV_075,0.782797038327,3000.0,0.75
17,Zprime_1500GeV_060,0.831332230716,1500.0,0.6
18,Zprime_3000GeV_015,0.880574643275,3000.0,0.15
19,Zprime_3500GeV_015,0.881989214077,3500.0,0.15
20,Zprime_3500GeV_030,0.86638077174,3500.0,0.3
21,Zprime_2000GeV_030,0.866968507831,2000.0,0.3
22,Zprime_2000GeV_015,0.879894667672,2000.0,0.15
23,Zprime_3500GeV_075,0.776428796208,3500.0,0.75
24,Zprime_3500GeV_045,0.841298168688,3500.0,0.45
25,Zprime_2500GeV_030,0.862968020375,2500.0,0.3
26,Zprime_2000GeV_060,0.825175942973,2000.0,0.6
27,Zprime_4000GeV_060,0.811153862547,4000.0,0.6
28,Zprime_2500GeV_075,0.788165966495,2500.0,0.75
29,Zprime_4000GeV_045,0.842947332064,4000.0,0.45
