,name,auc,mass,nu
0,Zprime_1500GeV_075,0.807736829646,1500.0,0.75
1,Zprime_1500GeV_015,0.877386013826,1500.0,0.15
2,Zprime_3000GeV_060,0.813716758867,3000.0,0.6
3,Zprime_1500GeV_030,0.867342660795,1500.0,0.3
4,Zprime_3000GeV_045,0.843623158751,3000.0,0.45
5,Zprime_2000GeV_045,0.849062132032,2000.0,0.45
6,Zprime_2500GeV_015,0.880398417211,2500.0,0.15
7,Zprime_3500GeV_060,0.811740819422,3500.0,0.6
8,Zprime_2500GeV_045,0.84496318859,2500.0,0.45
9,Zprime_2000GeV_075,0.804219600423,2000.0,0.75
10,Zprime_2500GeV_060,0.81931966489,2500.0,0.6
11,Zprime_4000GeV_075,0.772920445979,4000.0,0.75
12,Zprime_4000GeV_030,0.871429712276,4000.0,0.3
13,Zprime_4000GeV_015,0.886510207882,4000.0,0.15
14,Zprime_3000GeV_030,0.865183729043,3000.0,0.3
15,Zprime_1500GeV_045,0.852863046996,1500.0,0.45
16,Zprime_3000GeV_075,0.784047997935,3000.0,0.75
17,Zprime_1500GeV_060,0.835687795109,1500.0,0.6
18,Zprime_3000GeV_015,0.882746703101,3000.0,0.15
19,Zprime_3500GeV_015,0.884332808559,3500.0,0.15
20,Zprime_3500GeV_030,0.868610513261,3500.0,0.3
21,Zprime_2000GeV_030,0.868746984153,2000.0,0.3
22,Zprime_2000GeV_015,0.881014891673,2000.0,0.15
23,Zprime_3500GeV_075,0.777782168323,3500.0,0.75
24,Zprime_3500GeV_045,0.842623479452,3500.0,0.45
25,Zprime_2500GeV_030,0.864590687584,2500.0,0.3
26,Zprime_2000GeV_060,0.827076226657,2000.0,0.6
27,Zprime_4000GeV_060,0.812816595588,4000.0,0.6
28,Zprime_2500GeV_075,0.792580174671,2500.0,0.75
29,Zprime_4000GeV_045,0.844343743606,4000.0,0.45
