,name,auc,mass,nu
0,Zprime_1500GeV_075,0.795782690047,1500.0,0.75
1,Zprime_1500GeV_015,0.865001292884,1500.0,0.15
2,Zprime_3000GeV_060,0.800745191175,3000.0,0.6
3,Zprime_1500GeV_030,0.853896424802,1500.0,0.3
4,Zprime_3000GeV_045,0.829529340155,3000.0,0.45
5,Zprime_2000GeV_045,0.835486537187,2000.0,0.45
6,Zprime_2500GeV_015,0.867028609741,2500.0,0.15
7,Zprime_3500GeV_060,0.79972311279,3500.0,0.6
8,Zprime_2500GeV_045,0.830103574164,2500.0,0.45
9,Zprime_2000GeV_075,0.792106081928,2000.0,0.75
10,Zprime_2500GeV_060,0.805167240686,2500.0,0.6
11,Zprime_4000GeV_075,0.761107785955,4000.0,0.75
12,Zprime_4000GeV_030,0.857630062452,4000.0,0.3
13,Zprime_4000GeV_015,0.87378738985,4000.0,0.15
14,Zprime_3000GeV_030,0.850881155388,3000.0,0.3
15,Zprime_1500GeV_045,0.8405132066,1500.0,0.45
16,Zprime_3000GeV_075,0.77140277076,3000.0,0.75
17,Zprime_1500GeV_060,0.822993326731,1500.0,0.6
18,Zprime_3000GeV_015,0.869253381823,3000.0,0.15
19,Zprime_3500GeV_015,0.870780777336,3500.0,0.15
20,Zprime_3500GeV_030,0.855682865533,3500.0,0.3
21,Zprime_2000GeV_030,0.852961898212,2000.0,0.3
22,Zprime_2000GeV_015,0.865645168481,2000.0,0.15
23,Zprime_3500GeV_075,0.766014769542,3500.0,0.75
24,Zprime_3500GeV_045,0.829301420333,3500.0,0.45
25,Zprime_2500GeV_030,0.850910936522,2500.0,0.3
26,Zprime_2000GeV_060,0.813917986237,2000.0,0.6
27,Zprime_4000GeV_060,0.800363706326,4000.0,0.6
28,Zprime_2500GeV_075,0.779047234329,2500.0,0.75
29,Zprime_4000GeV_045,0.832374344064,4000.0,0.45
