,name,auc,mass,nu
0,Zprime_1500GeV_075,0.718936382165,1500.0,0.75
1,Zprime_1500GeV_015,0.812961474849,1500.0,0.15
2,Zprime_3000GeV_060,0.765080748651,3000.0,0.6
3,Zprime_1500GeV_030,0.801650685746,1500.0,0.3
4,Zprime_3000GeV_045,0.800048878912,3000.0,0.45
5,Zprime_2000GeV_045,0.794146146795,2000.0,0.45
6,Zprime_2500GeV_015,0.844265211948,2500.0,0.15
7,Zprime_3500GeV_060,0.766323267902,3500.0,0.6
8,Zprime_2500GeV_045,0.798189125332,2500.0,0.45
9,Zprime_2000GeV_075,0.729223916768,2000.0,0.75
10,Zprime_2500GeV_060,0.76434861665,2500.0,0.6
11,Zprime_4000GeV_075,0.717996077192,4000.0,0.75
12,Zprime_4000GeV_030,0.835435038699,4000.0,0.3
13,Zprime_4000GeV_015,0.854610493475,4000.0,0.15
14,Zprime_3000GeV_030,0.825953246033,3000.0,0.3
15,Zprime_1500GeV_045,0.774564488389,1500.0,0.45
16,Zprime_3000GeV_075,0.721258293821,3000.0,0.75
17,Zprime_1500GeV_060,0.748564568595,1500.0,0.6
18,Zprime_3000GeV_015,0.848182084598,3000.0,0.15
19,Zprime_3500GeV_015,0.851378343828,3500.0,0.15
20,Zprime_3500GeV_030,0.831630650203,3500.0,0.3
21,Zprime_2000GeV_030,0.819455105471,2000.0,0.3
22,Zprime_2000GeV_015,0.837571051379,2000.0,0.15
23,Zprime_3500GeV_075,0.721693234524,3500.0,0.75
24,Zprime_3500GeV_045,0.801041982737,3500.0,0.45
25,Zprime_2500GeV_030,0.823434241879,2500.0,0.3
26,Zprime_2000GeV_060,0.761353510079,2000.0,0.6
27,Zprime_4000GeV_060,0.767951742338,4000.0,0.6
28,Zprime_2500GeV_075,0.720292594309,2500.0,0.75
29,Zprime_4000GeV_045,0.804054883527,4000.0,0.45
