,name,auc,mass,nu
0,Zprime_1500GeV_075,0.731938056533,1500.0,0.75
1,Zprime_1500GeV_015,0.826031761529,1500.0,0.15
2,Zprime_3000GeV_060,0.760374689404,3000.0,0.6
3,Zprime_1500GeV_030,0.810969067073,1500.0,0.3
4,Zprime_3000GeV_045,0.792683570596,3000.0,0.45
5,Zprime_2000GeV_045,0.790982495813,2000.0,0.45
6,Zprime_2500GeV_015,0.834066780563,2500.0,0.15
7,Zprime_3500GeV_060,0.763302380999,3500.0,0.6
8,Zprime_2500GeV_045,0.789905655217,2500.0,0.45
9,Zprime_2000GeV_075,0.734909560711,2000.0,0.75
10,Zprime_2500GeV_060,0.760275575478,2500.0,0.6
11,Zprime_4000GeV_075,0.724738674817,4000.0,0.75
12,Zprime_4000GeV_030,0.827193976513,4000.0,0.3
13,Zprime_4000GeV_015,0.846398502806,4000.0,0.15
14,Zprime_3000GeV_030,0.815880570018,3000.0,0.3
15,Zprime_1500GeV_045,0.785322580714,1500.0,0.45
16,Zprime_3000GeV_075,0.726173923139,3000.0,0.75
17,Zprime_1500GeV_060,0.766679567974,1500.0,0.6
18,Zprime_3000GeV_015,0.839277878458,3000.0,0.15
19,Zprime_3500GeV_015,0.84075014745,3500.0,0.15
20,Zprime_3500GeV_030,0.823044358942,3500.0,0.3
21,Zprime_2000GeV_030,0.815288399796,2000.0,0.3
22,Zprime_2000GeV_015,0.831982222416,2000.0,0.15
23,Zprime_3500GeV_075,0.725384752991,3500.0,0.75
24,Zprime_3500GeV_045,0.794227737811,3500.0,0.45
25,Zprime_2500GeV_030,0.81372388776,2500.0,0.3
26,Zprime_2000GeV_060,0.7624826289,2000.0,0.6
27,Zprime_4000GeV_060,0.766231146264,4000.0,0.6
28,Zprime_2500GeV_075,0.724704001383,2500.0,0.75
29,Zprime_4000GeV_045,0.797220599337,4000.0,0.45
