,name,auc,mass,nu
0,Zprime_1500GeV_075,0.74937340155,1500.0,0.75
1,Zprime_1500GeV_015,0.839994372042,1500.0,0.15
2,Zprime_3000GeV_060,0.780752714255,3000.0,0.6
3,Zprime_1500GeV_030,0.829050239015,1500.0,0.3
4,Zprime_3000GeV_045,0.818137259698,3000.0,0.45
5,Zprime_2000GeV_045,0.818508072045,2000.0,0.45
6,Zprime_2500GeV_015,0.865994534482,2500.0,0.15
7,Zprime_3500GeV_060,0.779096419338,3500.0,0.6
8,Zprime_2500GeV_045,0.819578418695,2500.0,0.45
9,Zprime_2000GeV_075,0.748404731618,2000.0,0.75
10,Zprime_2500GeV_060,0.784748606732,2500.0,0.6
11,Zprime_4000GeV_075,0.725081665437,4000.0,0.75
12,Zprime_4000GeV_030,0.847299809918,4000.0,0.3
13,Zprime_4000GeV_015,0.862625834457,4000.0,0.15
14,Zprime_3000GeV_030,0.845022814118,3000.0,0.3
15,Zprime_1500GeV_045,0.801420719539,1500.0,0.45
16,Zprime_3000GeV_075,0.736650229391,3000.0,0.75
17,Zprime_1500GeV_060,0.77830186293,1500.0,0.6
18,Zprime_3000GeV_015,0.867614714341,3000.0,0.15
19,Zprime_3500GeV_015,0.865362736826,3500.0,0.15
20,Zprime_3500GeV_030,0.847791874324,3500.0,0.3
21,Zprime_2000GeV_030,0.84473982842,2000.0,0.3
22,Zprime_2000GeV_015,0.86466462841,2000.0,0.15
23,Zprime_3500GeV_075,0.731681311563,3500.0,0.75
24,Zprime_3500GeV_045,0.81766868958,3500.0,0.45
25,Zprime_2500GeV_030,0.846169133353,2500.0,0.3
26,Zprime_2000GeV_060,0.786278606902,2000.0,0.6
27,Zprime_4000GeV_060,0.777967274372,4000.0,0.6
28,Zprime_2500GeV_075,0.740439959181,2500.0,0.75
29,Zprime_4000GeV_045,0.814973351397,4000.0,0.45
