,name,auc,mass,nu
0,Zprime_1500GeV_075,0.796521834468,1500.0,0.75
1,Zprime_1500GeV_015,0.868186300682,1500.0,0.15
2,Zprime_3000GeV_060,0.804063995564,3000.0,0.6
3,Zprime_1500GeV_030,0.858686542836,1500.0,0.3
4,Zprime_3000GeV_045,0.834397810068,3000.0,0.45
5,Zprime_2000GeV_045,0.840250844882,2000.0,0.45
6,Zprime_2500GeV_015,0.872971117811,2500.0,0.15
7,Zprime_3500GeV_060,0.802566416908,3500.0,0.6
8,Zprime_2500GeV_045,0.835284811477,2500.0,0.45
9,Zprime_2000GeV_075,0.793761851415,2000.0,0.75
10,Zprime_2500GeV_060,0.808418638945,2500.0,0.6
11,Zprime_4000GeV_075,0.760812794543,4000.0,0.75
12,Zprime_4000GeV_030,0.86151599206,4000.0,0.3
13,Zprime_4000GeV_015,0.875154951356,4000.0,0.15
14,Zprime_3000GeV_030,0.855597277413,3000.0,0.3
15,Zprime_1500GeV_045,0.839403291254,1500.0,0.45
16,Zprime_3000GeV_075,0.771707290993,3000.0,0.75
17,Zprime_1500GeV_060,0.823611858807,1500.0,0.6
18,Zprime_3000GeV_015,0.875086914572,3000.0,0.15
19,Zprime_3500GeV_015,0.874149279621,3500.0,0.15
20,Zprime_3500GeV_030,0.859386094558,3500.0,0.3
21,Zprime_2000GeV_030,0.860086969048,2000.0,0.3
22,Zprime_2000GeV_015,0.872995215806,2000.0,0.15
23,Zprime_3500GeV_075,0.765728395176,3500.0,0.75
24,Zprime_3500GeV_045,0.831830621334,3500.0,0.45
25,Zprime_2500GeV_030,0.856299513106,2500.0,0.3
26,Zprime_2000GeV_060,0.816256403626,2000.0,0.6
27,Zprime_4000GeV_060,0.803731072667,4000.0,0.6
28,Zprime_2500GeV_075,0.77872766831,2500.0,0.75
29,Zprime_4000GeV_045,0.833268112498,4000.0,0.45
