,name,auc,mass,nu
0,Zprime_1500GeV_075,0.788917202467,1500.0,0.75
1,Zprime_1500GeV_015,0.858020883245,1500.0,0.15
2,Zprime_3000GeV_060,0.80508991932,3000.0,0.6
3,Zprime_1500GeV_030,0.847018704803,1500.0,0.3
4,Zprime_3000GeV_045,0.83333720138,3000.0,0.45
5,Zprime_2000GeV_045,0.844746160024,2000.0,0.45
6,Zprime_2500GeV_015,0.873574874656,2500.0,0.15
7,Zprime_3500GeV_060,0.79889573714,3500.0,0.6
8,Zprime_2500GeV_045,0.837000617965,2500.0,0.45
9,Zprime_2000GeV_075,0.793678786335,2000.0,0.75
10,Zprime_2500GeV_060,0.810760308625,2500.0,0.6
11,Zprime_4000GeV_075,0.759488074252,4000.0,0.75
12,Zprime_4000GeV_030,0.86210418045,4000.0,0.3
13,Zprime_4000GeV_015,0.877955841899,4000.0,0.15
14,Zprime_3000GeV_030,0.855456444504,3000.0,0.3
15,Zprime_1500GeV_045,0.826971992433,1500.0,0.45
16,Zprime_3000GeV_075,0.773560440614,3000.0,0.75
17,Zprime_1500GeV_060,0.810885041544,1500.0,0.6
18,Zprime_3000GeV_015,0.875978671071,3000.0,0.15
19,Zprime_3500GeV_015,0.876171909569,3500.0,0.15
20,Zprime_3500GeV_030,0.858805377771,3500.0,0.3
21,Zprime_2000GeV_030,0.862294069194,2000.0,0.3
22,Zprime_2000GeV_015,0.876510572628,2000.0,0.15
23,Zprime_3500GeV_075,0.767437006622,3500.0,0.75
24,Zprime_3500GeV_045,0.830808161952,3500.0,0.45
25,Zprime_2500GeV_030,0.856566021885,2500.0,0.3
26,Zprime_2000GeV_060,0.817786672008,2000.0,0.6
27,Zprime_4000GeV_060,0.799575288182,4000.0,0.6
28,Zprime_2500GeV_075,0.781928375919,2500.0,0.75
29,Zprime_4000GeV_045,0.831816482872,4000.0,0.45
